n ucb1 meanPlusSdv maxBootstrapMean
1   100.109 100.109 100.109  
2   101.355 100.858 100.565  
3   102.005 100.849 100.787  
4   102.148 100.68 100.704  
5   102.28 100.667 100.706  
6   102.374 100.613 100.672  
7   102.361 100.521 100.597  
8   102.419 100.521 100.615  
9   102.301 100.482 100.562  
10   102.328 100.448 100.519  
11   102.318 100.379 100.445  
12   102.332 100.455 100.535  
13   102.4 100.42 100.504  
14   102.369 100.396 100.464  
15   102.369 100.389 100.439  
16   102.322 100.38 100.471  
17   102.339 100.395 100.469  
18   102.282 100.341 100.409  
19   102.241 100.307 100.373  
20   102.381 100.357 100.447  
21   102.178 100.307 100.364  
22   102.275 100.339 100.389  
23   102.192 100.287 100.373  
24   102.173 100.295 100.359  
25   102.179 100.291 100.368  
26   102.238 100.296 100.364  
27   102.127 100.283 100.357  
28   102.202 100.287 100.339  
29   102.1 100.282 100.363  
30   102.146 100.279 100.355  
31   102.164 100.269 100.331  
32   102.123 100.26 100.308  
33   102.061 100.228 100.281  
34   102.146 100.281 100.335  
35   102.079 100.262 100.331  
36   102.003 100.243 100.321  
37   102.048 100.227 100.279  
38   102.043 100.244 100.292  
39   102.028 100.258 100.323  
40   101.983 100.237 100.29  
41   102.064 100.253 100.303  
42   101.966 100.199 100.245  
43   101.987 100.206 100.259  
44   102.037 100.24 100.296  
45   101.988 100.225 100.274  
46   101.925 100.203 100.258  
47   101.906 100.224 100.293  
48   101.922 100.216 100.269  
49   101.952 100.231 100.275  
50   101.938 100.188 100.236  
51   101.876 100.185 100.218  
52   101.856 100.199 100.234  
53   101.885 100.203 100.247  
54   101.913 100.198 100.232  
55   101.908 100.219 100.266  
56   101.927 100.208 100.253  
57   101.819 100.18 100.222  
58   101.868 100.199 100.244  
59   101.854 100.193 100.237  
60   101.871 100.202 100.25  
61   101.863 100.198 100.233  
62   101.843 100.174 100.216  
63   101.846 100.204 100.241  
64   101.789 100.183 100.225  
65   101.858 100.208 100.249  
66   101.828 100.208 100.245  
67   101.777 100.185 100.224  
68   101.761 100.171 100.213  
69   101.802 100.18 100.217  
70   101.768 100.194 100.233  
71   101.828 100.192 100.234  
72   101.784 100.164 100.203  
73   101.796 100.189 100.228  
74   101.792 100.179 100.222  
75   101.778 100.186 100.232  
76   101.782 100.196 100.23  
77   101.753 100.159 100.196  
78   101.733 100.167 100.208  
79   101.767 100.182 100.215  
80   101.693 100.168 100.204  
81   101.714 100.157 100.192  
82   101.7 100.163 100.21  
83   101.731 100.164 100.207  
84   101.688 100.167 100.208  
85   101.698 100.166 100.204  
86   101.687 100.159 100.191  
87   101.657 100.163 100.204  
88   101.704 100.166 100.207  
89   101.68 100.162 100.194  
90   101.739 100.171 100.214  
91   101.688 100.154 100.181  
92   101.65 100.134 100.169  
93   101.665 100.153 100.194  
94   101.694 100.172 100.205  
95   101.646 100.147 100.182  
96   101.645 100.154 100.187  
97   101.648 100.155 100.183  
98   101.628 100.15 100.187  
99   101.673 100.159 100.193  
