0 0 0.568277 0.672684 0.104407 0.669745 0.688277 
1 0 0.568277 0.673108 0.10483 0.669745 0.688277 
2 0 0.568277 0.674976 0.106699 0.669745 0.688277 
3 0 0.568277 0.679126 0.110848 0.669745 0.688277 
4 0 0.568277 0.685918 0.117641 0.669745 0.688277 
5 0 0.568277 0.69518 0.126903 0.669745 0.688277 
6 0 0.568277 0.706339 0.138061 0.669745 0.688277 
7 0 0.568277 0.718608 0.15033 0.669745 0.688277 
8 0 0.568277 0.731164 0.162887 0.669745 0.688277 
9 0 0.568277 0.743273 0.174996 0.669745 0.688277 
10 0 0.568277 0.754366 0.186089 0.669745 0.688277 
11 0 0.568277 0.764063 0.195785 0.669745 0.688277 
12 0 0.568277 0.772162 0.203885 0.669745 0.688277 
13 0 0.568277 0.778615 0.210337 0.669745 0.688277 
14 0 0.568277 0.783478 0.2152 0.669745 0.688277 
15 0 0.568277 0.786878 0.218601 0.669745 0.688277 
16 0 0.568277 0.788977 0.2207 0.669745 0.688277 
17 0 0.568277 0.789944 0.221667 0.669745 0.688277 
18 0 0.568277 0.789936 0.221659 0.669745 0.688277 
19 0 0.568277 0.789089 0.220811 0.669745 0.688277 
20 0 0.568277 0.787511 0.219233 0.669745 0.688277 
21 0 0.568277 0.785284 0.217006 0.669745 0.688277 
22 0 0.568277 0.782464 0.214187 0.669745 0.688277 
23 0 0.568277 0.779089 0.210811 0.669745 0.688277 
24 0 0.568277 0.77518 0.206903 0.669745 0.688277 
25 0 0.568277 0.770752 0.202475 0.669745 0.688277 
26 0 0.568277 0.765817 0.19754 0.669745 0.688277 
27 0 0.568277 0.760387 0.19211 0.669745 0.688277 
28 0 0.568277 0.754481 0.186203 0.669745 0.688277 
29 0 0.568277 0.748124 0.179847 0.669745 0.688277 
30 0 0.568277 0.741352 0.173074 0.669745 0.688277 
31 0 0.568277 0.734208 0.16593 0.669745 0.688277 
32 0 0.568277 0.726745 0.158468 0.669745 0.688277 
33 0 0.568277 0.719024 0.150746 0.669745 0.688277 
34 0 0.568277 0.71111 0.142833 0.669745 0.688277 
35 0 0.568277 0.703075 0.134798 0.669745 0.688277 
36 0 0.568277 0.694991 0.126713 0.669745 0.688277 
37 0 0.568277 0.686929 0.118652 0.669745 0.688277 
38 0 0.568277 0.678961 0.110684 0.669745 0.688277 
39 0 0.568277 0.671153 0.102876 0.669745 0.688277 
40 0 0.568277 0.663568 0.095291 0.669745 0.688277 
41 0 0.568277 0.656262 0.0879844 0.669745 0.688277 
42 0 0.568277 0.649282 0.081005 0.669745 0.688277 
43 0 0.568277 0.642671 0.0743938 0.669745 0.688277 
44 0 0.568277 0.636461 0.0681837 0.669745 0.688277 
45 0 0.568277 0.630677 0.0623996 0.669745 0.688277 
46 0 0.568277 0.625336 0.0570583 0.669745 0.688277 
47 0 0.568277 0.620446 0.0521688 0.669745 0.688277 
48 0 0.568277 0.616011 0.0477333 0.669745 0.688277 
49 0 0.568277 0.612025 0.0437472 0.669745 0.688277 
50 0 0.568277 0.608478 0.0402003 0.669745 0.688277 
51 0 0.568277 0.605354 0.0370771 0.669745 0.688277 
52 0 0.568277 0.602723 0.0344457 0.669745 0.688277 
53 0 0.568277 0.600644 0.0323669 0.669745 0.688277 
54 0 0.568277 0.599046 0.0307689 0.669745 0.688277 
55 0 0.568277 0.597866 0.0295886 0.669745 0.688277 
56 0 0.568277 0.597047 0.0287701 0.669745 0.688277 
57 0 0.568277 0.596541 0.0282641 0.669745 0.688277 
58 0 0.568277 0.596304 0.0280268 0.669745 0.688277 
59 0 0.568277 0.596297 0.0280193 0.669745 0.688277 
60 0 0.568277 0.596485 0.0282074 0.669745 0.688277 
61 0 0.568277 0.596838 0.0285605 0.669745 0.688277 
62 0 0.568277 0.597329 0.0290516 0.669745 0.688277 
63 0 0.568277 0.597934 0.0296569 0.669745 0.688277 
64 0 0.568277 0.598632 0.0303551 0.669745 0.688277 
65 0 0.568277 0.599405 0.0311278 0.669745 0.688277 
66 0 0.568277 0.600236 0.0319585 0.669745 0.688277 
67 0 0.568277 0.60111 0.032833 0.669745 0.688277 
68 0 0.568277 0.602016 0.0337391 0.669745 0.688277 
69 0 0.568277 0.602943 0.0346661 0.669745 0.688277 
70 0 0.568277 0.603882 0.0356049 0.669745 0.688277 
71 0 0.568277 0.604825 0.0365478 0.669745 0.688277 
72 0 0.568277 0.605766 0.0374882 0.669745 0.688277 
73 0 0.568277 0.606698 0.0384208 0.669745 0.688277 
74 0 0.568277 0.607618 0.0393411 0.669745 0.688277 
75 0.10991 0.568277 0.608523 0.0402455 0.669745 0.688277 
76 0.238536 0.568277 0.60917 0.0408928 0.669745 0.688277 
77 0.342536 0.568277 0.609304 0.0410262 0.669745 0.688277 
78 0.424478 0.568277 0.608999 0.0407221 0.669745 0.688277 
79 0.486858 0.568277 0.608326 0.0400482 0.669745 0.688277 
80 0.532078 0.568277 0.607342 0.0390643 0.669745 0.688277 
81 0.562413 0.568277 0.606101 0.0378232 0.669745 0.688277 
82 0.58 0.568277 0.604649 0.0363714 0.669745 0.688277 
83 0.586825 0.568277 0.603027 0.0347498 0.669745 0.688277 
84 0.584712 0.568277 0.601272 0.0329942 0.669745 0.688277 
85 0.575325 0.568277 0.599413 0.031136 0.669745 0.688277 
86 0.56016 0.568277 0.59748 0.0292026 0.669745 0.688277 
87 0.540554 0.568277 0.59454 0.0262623 0.69454 0.688277 
88 0.517687 0.568277 0.590908 0.0226305 0.690908 0.688277 
89 0.492588 0.568277 0.588629 0.0203513 0.688629 0.688277 
90 0.466142 0.568277 0.587767 0.0194893 0.687767 0.688277 
91 0.439104 0.568277 0.587731 0.0194536 0.687731 0.688277 
92 0.412102 0.568277 0.587974 0.0196965 0.687974 0.688277 
93 0.385651 0.568277 0.588198 0.0199211 0.688198 0.688277 
94 0.360162 0.568277 0.588318 0.0200404 0.688318 0.688277 
95 0.335954 0.568277 0.58835 0.0200724 0.68835 0.688277 
96 0.313263 0.568277 0.588339 0.0200612 0.688339 0.688277 
97 0.29225 0.568277 0.588317 0.0200397 0.688317 0.688277 
98 0.273016 0.568277 0.588301 0.0200232 0.688301 0.688277 
99 0.255606 0.568277 0.588292 0.0200145 0.688292 0.688277 
100 0.240017 0.568277 0.588289 0.0200113 0.688289 0.688277 
101 0.226213 0.568277 0.588288 0.0200107 0.688288 0.688277 
102 0.214122 0.568277 0.588288 0.0200107 0.688288 0.688277 
103 0.203652 0.568277 0.588288 0.0200106 0.688288 0.688277 
104 0.194691 0.568277 0.588288 0.0200102 0.688288 0.688277 
105 0.187116 0.568277 0.588287 0.0200098 0.688287 0.688277 
106 0.180794 0.568277 0.588287 0.0200095 0.688287 0.688277 
107 0.175593 0.568277 0.588287 0.0200093 0.688287 0.688277 
108 0.171376 0.568277 0.588287 0.0200092 0.688287 0.688277 
109 0.168015 0.568277 0.588287 0.0200093 0.688287 0.688277 
110 0.165385 0.568277 0.588287 0.0200095 0.688287 0.688277 
111 0.163371 0.568277 0.588287 0.0200097 0.688287 0.688277 
112 0.161871 0.568277 0.588287 0.0200101 0.688287 0.688277 
113 0.160794 0.568277 0.588288 0.0200105 0.688288 0.688277 
114 0.160063 0.568277 0.588288 0.0200111 0.688288 0.688277 
115 0.159617 0.568277 0.588289 0.0200116 0.688289 0.688277 
116 0.159413 0.568277 0.58829 0.0200123 0.68829 0.688277 
117 0.159422 0.568277 0.58829 0.020013 0.68829 0.688277 
118 0.159635 0.568277 0.588291 0.0200137 0.688291 0.688277 
119 0.160059 0.568277 0.588292 0.0200145 0.688292 0.688277 
120 0.160719 0.568277 0.588293 0.0200153 0.688293 0.688277 
121 0.161658 0.568277 0.588293 0.020016 0.688293 0.688277 
122 0.162935 0.568277 0.588294 0.0200168 0.688294 0.688277 
123 0.164627 0.568277 0.588295 0.0200175 0.688295 0.688277 
124 0.166823 0.568277 0.588295 0.0200181 0.688295 0.688277 
125 0.16963 0.568277 0.588296 0.0200187 0.688296 0.688277 
126 0.173163 0.568277 0.588297 0.0200193 0.688297 0.688277 
127 0.177552 0.568277 0.588297 0.0200198 0.688297 0.688277 
128 0.18293 0.568277 0.588298 0.0200202 0.688298 0.688277 
129 0.189439 0.568277 0.588298 0.0200205 0.688298 0.688277 
130 0.197219 0.568277 0.588298 0.0200208 0.688298 0.688277 
131 0.206408 0.568277 0.588298 0.0200211 0.688298 0.688277 
132 0.217137 0.568277 0.588299 0.0200213 0.688299 0.688277 
133 0.229525 0.568277 0.588299 0.0200215 0.688299 0.688277 
134 0.243667 0.568277 0.588299 0.0200216 0.688299 0.688277 
135 0.259637 0.568277 0.588299 0.0200217 0.688299 0.688277 
136 0.277469 0.568277 0.588299 0.0200218 0.688299 0.688277 
137 0.297158 0.568277 0.588299 0.0200219 0.688299 0.688277 
138 0.318644 0.568277 0.588299 0.0200219 0.688299 0.688277 
139 0.341802 0.568277 0.588299 0.020022 0.688299 0.688277 
140 0.366434 0.568277 0.588299 0.0200221 0.688299 0.688277 
141 0.392253 0.568277 0.5883 0.0200222 0.6883 0.688277 
142 0.418873 0.568277 0.5883 0.0200223 0.6883 0.688277 
143 0.445792 0.568277 0.5883 0.0200224 0.6883 0.688277 
144 0.472385 0.568277 0.5883 0.0200225 0.6883 0.688277 
145 0.497881 0.568277 0.5883 0.0200227 0.6883 0.688277 
146 0.521358 0.568277 0.5883 0.0200228 0.6883 0.688277 
147 0.541723 0.568277 0.5883 0.020023 0.6883 0.688277 
148 0.557705 0.568277 0.588301 0.0200233 0.688301 0.688277 
149 0.567841 0.568277 0.588301 0.0200235 0.688301 0.688277 
150 0.57047 0.568277 0.588301 0.0200238 0.688301 0.688277 
151 0.563726 0.568277 0.588301 0.0200241 0.688301 0.688277 
152 0.545534 0.568277 0.588302 0.0200244 0.688302 0.688277 
153 0.513615 0.568277 0.588302 0.0200247 0.688302 0.688277 
154 0.465491 0.568277 0.588302 0.0200251 0.688302 0.688277 
155 0.398501 0.568277 0.588303 0.0200255 0.688303 0.688277 
156 0.309821 0.568277 0.588303 0.0200259 0.688303 0.688277 
157 0.196494 0.568277 0.588304 0.0200263 0.688304 0.688277 
158 0.0554721 0.568277 0.588304 0.0200268 0.688304 0.688277 
159 0 0.568277 0.588305 0.0200273 0.688305 0.688277 
160 0 0.568277 0.588417 0.0201393 0.688305 0.688277 
161 0 0.568277 0.588759 0.0204821 0.688305 0.688277 
162 0 0.568277 0.589297 0.0210193 0.688305 0.688277 
163 0 0.568277 0.589996 0.021719 0.688305 0.688277 
164 0 0.568277 0.59083 0.0225527 0.688305 0.688277 
165 0 0.568277 0.591773 0.0234957 0.688305 0.688277 
166 0 0.568277 0.592803 0.024526 0.688305 0.688277 
167 0 0.568277 0.593902 0.0256244 0.688305 0.688277 
168 0 0.568277 0.595052 0.0267742 0.688305 0.688277 
169 0 0.568277 0.596238 0.027961 0.688305 0.688277 
170 0 0.568277 0.597449 0.029172 0.688305 0.688277 
171 0 0.568277 0.598674 0.0303968 0.688305 0.688277 
172 0 0.568277 0.599903 0.0316259 0.688305 0.688277 
173 0 0.568277 0.601129 0.0328517 0.688305 0.688277 
174 0 0.568277 0.602345 0.0340675 0.688305 0.688277 
175 0 0.568277 0.603545 0.0352681 0.688305 0.688277 
176 0 0.568277 0.604726 0.0364489 0.688305 0.688277 
177 0 0.568277 0.605884 0.0376064 0.688305 0.688277 
178 0 0.568277 0.607015 0.0387376 0.688305 0.688277 
179 0 0.568277 0.608118 0.0398405 0.688305 0.688277 
180 0 0.568277 0.609191 0.0409133 0.688305 0.688277 
181 0 0.568277 0.610461 0.0421833 0.688305 0.688277 
182 0 0.568277 0.61216 0.0438828 0.688305 0.688277 
183 0 0.568277 0.614193 0.0459158 0.688305 0.688277 
184 0 0.568277 0.616482 0.0482048 0.688305 0.688277 
185 0 0.568277 0.618967 0.0506894 0.688305 0.688277 
186 0 0.568277 0.621602 0.0533245 0.688305 0.688277 
187 0 0.568277 0.624356 0.0560782 0.688305 0.688277 
188 0 0.568277 0.627207 0.0589293 0.688305 0.688277 
189 0 0.568277 0.630142 0.0618649 0.688305 0.688277 
190 0 0.568277 0.633156 0.0648784 0.688305 0.688277 
191 0 0.568277 0.636245 0.0679675 0.688305 0.688277 
192 0 0.568277 0.63941 0.0711325 0.688305 0.688277 
193 0 0.568277 0.642653 0.0743755 0.688305 0.688277 
194 0 0.568277 0.645976 0.077699 0.688305 0.688277 
195 0 0.568277 0.649382 0.0811051 0.688305 0.688277 
196 0 0.568277 0.652873 0.0845956 0.688305 0.688277 
197 0 0.568277 0.656448 0.0881709 0.688305 0.688277 
198 0 0.568277 0.660108 0.0918305 0.688305 0.688277 
199 0 0.568277 0.66385 0.0955725 0.688305 0.688277 
200 0 0.568277 0.667671 0.0993937 0.688305 0.688277 
201 0 0.568277 0.671567 0.10329 0.688305 0.688277 
202 0 0.568277 0.675397 0.107119 0.688305 0.688277 
203 0 0.568277 0.678903 0.110626 0.688305 0.688277 
204 0 0.568277 0.68194 0.113662 0.688305 0.688277 
205 0 0.568277 0.684443 0.116166 0.688305 0.688277 
206 0 0.568277 0.68641 0.118132 0.688305 0.688277 
207 0 0.568277 0.687876 0.119599 0.688305 0.688277 
208 0 0.568277 0.688904 0.120627 0.688305 0.688277 
209 0 0.568277 0.689566 0.121289 0.688305 0.688277 
210 0 0.568277 0.689937 0.12166 0.688305 0.688277 
211 0 0.568277 0.69009 0.121813 0.688305 0.688277 
212 0 0.568277 0.690088 0.121811 0.688305 0.688277 
213 0 0.568277 0.689987 0.121709 0.688305 0.688277 
214 0 0.568277 0.689829 0.121552 0.688305 0.688277 
215 0 0.568277 0.68965 0.121373 0.688305 0.688277 
216 0 0.568277 0.689474 0.121197 0.688305 0.688277 
217 0 0.568277 0.689319 0.121041 0.688305 0.688277 
218 0 0.568277 0.689194 0.120917 0.688305 0.688277 
219 0 0.568277 0.689106 0.120828 0.688305 0.688277 
220 0 0.568277 0.689055 0.120778 0.688305 0.688277 
221 0 0.568277 0.68904 0.120763 0.688305 0.688277 
222 0 0.568277 0.689058 0.120781 0.688305 0.688277 
223 0 0.568277 0.689105 0.120827 0.688305 0.688277 
224 0 0.568277 0.689174 0.120897 0.688305 0.688277 
225 0 0.568277 0.689261 0.120984 0.688305 0.688277 
226 0 0.568277 0.689361 0.121084 0.688305 0.688277 
227 0 0.568277 0.689469 0.121192 0.688305 0.688277 
228 0 0.568277 0.689581 0.121304 0.688305 0.688277 
229 0 0.568277 0.689693 0.121416 0.688305 0.688277 
230 0 0.568277 0.689802 0.121525 0.688305 0.688277 
231 0 0.568277 0.689906 0.121629 0.688305 0.688277 
232 0 0.568277 0.690003 0.121725 0.688305 0.688277 
233 0 0.568277 0.69009 0.121813 0.688305 0.688277 
234 0 0.568277 0.690168 0.121891 0.688305 0.688277 
235 0 0.568277 0.690236 0.121959 0.688305 0.688277 
236 0 0.568277 0.690293 0.122016 0.688305 0.688277 
237 0 0.568277 0.690339 0.122062 0.688305 0.688277 
238 0 0.568277 0.690375 0.122097 0.688305 0.688277 
239 0 0.568277 0.6904 0.122123 0.688305 0.688277 
240 0 0.568277 0.690416 0.122138 0.688305 0.688277 
241 0 0.568277 0.690422 0.122145 0.688305 0.688277 
242 0 0.568277 0.69042 0.122143 0.688305 0.688277 
243 0 0.568277 0.69041 0.122133 0.688305 0.688277 
244 0 0.568277 0.690394 0.122117 0.688305 0.688277 
245 0 0.568277 0.690372 0.122094 0.688305 0.688277 
246 0 0.568277 0.690345 0.122067 0.688305 0.688277 
247 0 0.568277 0.690313 0.122036 0.688305 0.688277 
248 0 0.568277 0.690278 0.122001 0.688305 0.688277 
249 0 0.568277 0.690241 0.121964 0.688305 0.688277 
250 0 0.568277 0.690203 0.121925 0.688305 0.688277 
251 0 0.568277 0.690163 0.121886 0.688305 0.688277 
252 0 0.568277 0.690124 0.121846 0.688305 0.688277 
253 0 0.568277 0.690084 0.121807 0.688305 0.688277 
254 0 0.568277 0.690046 0.121769 0.688305 0.688277 
255 0 0.568277 0.69001 0.121733 0.688305 0.688277 
256 0 0.568277 0.689976 0.121698 0.688305 0.688277 
257 0 0.568277 0.689944 0.121667 0.688305 0.688277 
258 0 0.568277 0.689915 0.121638 0.688305 0.688277 
259 0 0.568277 0.689889 0.121612 0.688305 0.688277 
260 0 0.568277 0.689867 0.121589 0.688305 0.688277 
261 0 0.568277 0.689847 0.12157 0.688305 0.688277 
262 0 0.568277 0.689831 0.121554 0.688305 0.688277 
263 0 0.568277 0.689819 0.121542 0.688305 0.688277 
264 0 0.568277 0.68981 0.121532 0.688305 0.688277 
265 0 0.568277 0.689804 0.121526 0.688305 0.688277 
266 0 0.568277 0.689801 0.121523 0.688305 0.688277 
267 0 0.568277 0.689801 0.121523 0.688305 0.688277 
268 0 0.568277 0.689803 0.121526 0.688305 0.688277 
269 0 0.568277 0.689808 0.121531 0.688305 0.688277 
270 0 0.568277 0.689815 0.121538 0.688305 0.688277 
271 0 0.568277 0.689824 0.121546 0.688305 0.688277 
272 0 0.568277 0.689834 0.121557 0.688305 0.688277 
273 0 0.568277 0.689846 0.121568 0.688305 0.688277 
274 0 0.568277 0.689858 0.121581 0.688305 0.688277 
275 0 0.568277 0.689871 0.121594 0.688305 0.688277 
276 0 0.568277 0.689885 0.121608 0.688305 0.688277 
277 0 0.568277 0.689899 0.121621 0.688305 0.688277 
278 0 0.568277 0.689912 0.121635 0.688305 0.688277 
279 0 0.568277 0.689926 0.121649 0.688305 0.688277 
280 0 0.568277 0.689939 0.121661 0.688305 0.688277 
281 0 0.568277 0.689951 0.121674 0.688305 0.688277 
282 0 0.568277 0.689962 0.121685 0.688305 0.688277 
283 0 0.568277 0.689973 0.121696 0.688305 0.688277 
284 0 0.568277 0.689982 0.121705 0.688305 0.688277 
285 0 0.568277 0.689991 0.121713 0.688305 0.688277 
286 0 0.568277 0.689998 0.121721 0.688305 0.688277 
287 0 0.568277 0.690004 0.121727 0.688305 0.688277 
288 0 0.568277 0.690009 0.121732 0.688305 0.688277 
289 0 0.568277 0.690013 0.121735 0.688305 0.688277 
290 0 0.568277 0.690015 0.121738 0.688305 0.688277 
291 0 0.568277 0.690017 0.121739 0.688305 0.688277 
292 0 0.568277 0.690017 0.12174 0.688305 0.688277 
293 0 0.568277 0.690017 0.121739 0.688305 0.688277 
294 0 0.568277 0.690015 0.121738 0.688305 0.688277 
295 0 0.568277 0.690013 0.121736 0.688305 0.688277 
296 0 0.568277 0.690011 0.121733 0.688305 0.688277 
297 0 0.568277 0.690007 0.12173 0.688305 0.688277 
298 0 0.568277 0.690003 0.121726 0.688305 0.688277 
299 0 0.568277 0.689999 0.121722 0.688305 0.688277 
300 0 0.568277 0.689995 0.121717 0.688305 0.688277 
