0 0 0.65 0.913969 0.263969 1 1.07 
1 0 0.65 0.914587 0.264587 1 1.07 
2 0 0.65 0.916295 0.266295 1 1.07 
3 0 0.65 0.918521 0.268521 1 1.07 
4 0 0.65 0.920812 0.270812 1 1.07 
5 0 0.65 0.922825 0.272825 1 1.07 
6 0 0.65 0.924318 0.274318 1 1.07 
7 0 0.65 0.925129 0.275129 1 1.07 
8 0 0.65 0.925172 0.275172 1 1.07 
9 0 0.65 0.92441 0.27441 1 1.07 
10 0 0.65 0.922852 0.272852 1 1.07 
11 0 0.65 0.920534 0.270534 1 1.07 
12 0 0.65 0.917512 0.267512 1 1.07 
13 0 0.65 0.913854 0.263854 1 1.07 
14 0 0.65 0.909633 0.259633 1 1.07 
15 0 0.65 0.90492 0.25492 1 1.07 
16 0 0.65 0.899787 0.249787 1 1.07 
17 0 0.65 0.894295 0.244295 1 1.07 
18 0 0.65 0.888504 0.238504 1 1.07 
19 0 0.65 0.882463 0.232463 1 1.07 
20 0 0.65 0.876216 0.226216 1 1.07 
21 0 0.65 0.869802 0.219802 1 1.07 
22 0 0.65 0.86325 0.21325 1 1.07 
23 0 0.65 0.856588 0.206588 1 1.07 
24 0 0.65 0.84984 0.19984 1 1.07 
25 0 0.65 0.843023 0.193023 1 1.07 
26 0 0.65 0.836155 0.186155 1 1.07 
27 0 0.65 0.829251 0.179251 1 1.07 
28 0 0.65 0.822324 0.172324 1 1.07 
29 0 0.65 0.815387 0.165387 1 1.07 
30 0 0.65 0.808451 0.158451 1 1.07 
31 0 0.65 0.801528 0.151528 1 1.07 
32 0 0.65 0.794627 0.144627 1 1.07 
33 0 0.65 0.787761 0.137761 1 1.07 
34 0 0.65 0.780939 0.130939 1 1.07 
35 0 0.65 0.774172 0.124172 1 1.07 
36 0 0.65 0.767471 0.117471 1 1.07 
37 0 0.65 0.760844 0.110844 1 1.07 
38 0 0.65 0.754302 0.104302 1 1.07 
39 0 0.65 0.747853 0.0978533 1 1.07 
40 0 0.65 0.741508 0.0915078 1 1.07 
41 0 0.65 0.735274 0.0852736 1 1.07 
42 0 0.65 0.729159 0.0791586 1 1.07 
43 0 0.65 0.72317 0.0731699 1 1.07 
44 0 0.65 0.717314 0.0673145 1 1.07 
45 0 0.65 0.711598 0.0615982 1 1.07 
46 0 0.65 0.706026 0.0560265 1 1.07 
47 0 0.65 0.700604 0.0506039 1 1.07 
48 0 0.65 0.695334 0.0453344 1 1.07 
49 0 0.65 0.690221 0.0402213 1 1.07 
50 0 0.65 0.685267 0.035267 1 1.07 
51 0 0.65 0.680705 0.0307049 1 1.07 
52 0 0.65 0.676781 0.0267812 1 1.07 
53 0 0.65 0.67342 0.02342 1 1.07 
54 0 0.65 0.670554 0.0205544 1 1.07 
55 0 0.65 0.668125 0.0181255 1 1.07 
56 0 0.65 0.666081 0.0160809 1 1.07 
57 0 0.65 0.664374 0.0143744 1 1.07 
58 0 0.65 0.662965 0.012965 1 1.07 
59 0 0.65 0.661816 0.011816 1 1.07 
60 0 0.65 0.660895 0.010895 1 1.07 
61 0 0.65 0.660173 0.010173 1 1.07 
62 0 0.65 0.659624 0.00962435 1 1.07 
63 0 0.65 0.659226 0.00922606 1 1.07 
64 0 0.65 0.658958 0.00895771 1 1.07 
65 0 0.65 0.658801 0.00880113 1 1.07 
66 0 0.65 0.65874 0.00874014 1 1.07 
67 0 0.65 0.65876 0.00876036 1 1.07 
68 0 0.65 0.658849 0.00884901 1 1.07 
69 0 0.65 0.658995 0.00899478 1 1.07 
70 0 0.65 0.659188 0.00918765 1 1.07 
71 0 0.65 0.659419 0.00941882 1 1.07 
72 0 0.65 0.659681 0.00968054 1 1.07 
73 0 0.65 0.659966 0.00996606 1 1.07 
74 0 0.65 0.66027 0.0102695 1 1.07 
75 0 0.65 0.66235 0.0123499 1.06235 1.07 
76 0 0.65 0.666332 0.0163324 1.06633 1.07 
77 0 0.65 0.669194 0.0191941 1.06919 1.07 
78 0 0.65 0.670456 0.0204559 1.07046 1.07 
79 0 0.65 0.670662 0.0206618 1.07066 1.07 
80 0 0.65 0.670443 0.0204425 1.07044 1.07 
81 0 0.65 0.670184 0.0201837 1.07018 1.07 
82 0 0.65 0.670027 0.0200275 1.07003 1.07 
83 0 0.65 0.669977 0.0199772 1.06998 1.07 
84 0 0.65 0.66999 0.0199897 1.06999 1.07 
85 0.0586136 0.65 0.670025 0.0200252 1.07003 1.07 
86 0.210417 0.65 0.670061 0.0200614 1.07006 1.07 
87 0.335268 0.65 0.670091 0.0200908 1.07009 1.07 
88 0.435638 0.65 0.670114 0.0201136 1.07011 1.07 
89 0.513961 0.65 0.670132 0.0201319 1.07013 1.07 
90 0.572601 0.65 0.670147 0.020147 1.07015 1.07 
91 0.613833 0.65 0.670159 0.0201593 1.07016 1.07 
92 0.639824 0.65 0.670729 0.0207286 1.07016 1.07 
93 0.652617 0.65 0.672457 0.0224574 1.07016 1.07 
94 0.654126 0.65 0.675152 0.0251515 1.07016 1.07 
95 0.646128 0.65 0.678633 0.0286333 1.07016 1.07 
96 0.630257 0.65 0.682748 0.0327485 1.07016 1.07 
97 0.608006 0.65 0.687369 0.0373686 1.07016 1.07 
98 0.580729 0.65 0.69239 0.0423905 1.07016 1.07 
99 0.549644 0.65 0.697734 0.0477336 1.07016 1.07 
100 0.515838 0.65 0.703337 0.0533367 1.07016 1.07 
101 0.480274 0.65 0.709154 0.0591538 1.07016 1.07 
102 0.443799 0.65 0.71515 0.0651501 1.07016 1.07 
103 0.407152 0.65 0.721299 0.071299 1.07016 1.07 
104 0.370974 0.65 0.727579 0.0775786 1.07016 1.07 
105 0.335818 0.65 0.733969 0.0839693 1.07016 1.07 
106 0.302158 0.65 0.740453 0.0904527 1.07016 1.07 
107 0.270397 0.65 0.74701 0.0970099 1.07016 1.07 
108 0.24088 0.65 0.753621 0.103621 1.07016 1.07 
109 0.2139 0.65 0.760265 0.110265 1.07016 1.07 
110 0.189711 0.65 0.76692 0.11692 1.07016 1.07 
111 0.16853 0.65 0.773562 0.123562 1.07016 1.07 
112 0.150549 0.65 0.78017 0.13017 1.07016 1.07 
113 0.13594 0.65 0.786719 0.136719 1.07016 1.07 
114 0.124858 0.65 0.793189 0.143189 1.07016 1.07 
115 0.117451 0.65 0.799557 0.149557 1.07016 1.07 
116 0.113855 0.65 0.805806 0.155806 1.07016 1.07 
117 0.114205 0.65 0.811917 0.161917 1.07016 1.07 
118 0.118626 0.65 0.817877 0.167877 1.07016 1.07 
119 0.127238 0.65 0.823673 0.173673 1.07016 1.07 
120 0.140152 0.65 0.829295 0.179295 1.07016 1.07 
121 0.157464 0.65 0.834737 0.184737 1.07016 1.07 
122 0.17925 0.65 0.839994 0.189994 1.07016 1.07 
123 0.205557 0.65 0.845065 0.195065 1.07016 1.07 
124 0.236392 0.65 0.849948 0.199948 1.07016 1.07 
125 0.271715 0.65 0.854645 0.204645 1.07016 1.07 
126 0.311418 0.65 0.859162 0.209162 1.07016 1.07 
127 0.355313 0.65 0.863501 0.213501 1.07016 1.07 
128 0.403115 0.65 0.867671 0.217671 1.07016 1.07 
129 0.454418 0.65 0.871677 0.221677 1.07016 1.07 
130 0.508678 0.65 0.875529 0.225529 1.07016 1.07 
131 0.565185 0.65 0.879235 0.229235 1.07016 1.07 
132 0.623044 0.65 0.882803 0.232803 1.07016 1.07 
133 0.68114 0.65 0.886243 0.236243 1.07016 1.07 
134 0.738121 0.65 0.889565 0.239565 1.07016 1.07 
135 0.792365 0.65 0.892777 0.242777 1.07016 1.07 
136 0.841951 0.65 0.895888 0.245888 1.07016 1.07 
137 0.884638 0.65 0.898908 0.248908 1.07016 1.07 
138 0.917837 0.65 0.901845 0.251845 1.07016 1.07 
139 0.938589 0.65 0.904706 0.254706 1.07016 1.07 
140 0.943545 0.65 0.9075 0.2575 1.07016 1.07 
141 0.928953 0.65 0.910233 0.260233 1.07016 1.07 
142 0.89065 0.65 0.912912 0.262912 1.07016 1.07 
143 0.824062 0.65 0.915544 0.265544 1.07016 1.07 
144 0.724209 0.65 0.918133 0.268133 1.07016 1.07 
145 0.585731 0.65 0.920686 0.270686 1.07016 1.07 
146 0.402917 0.65 0.923206 0.273206 1.07016 1.07 
147 0.16976 0.65 0.925698 0.275698 1.07016 1.07 
148 0 0.65 0.928165 0.278165 1.07016 1.07 
149 0 0.65 0.930612 0.280612 1.07016 1.07 
150 0 0.65 0.933039 0.283039 1.07016 1.07 
151 0 0.65 0.935451 0.285451 1.07016 1.07 
152 0 0.65 0.937849 0.287849 1.07016 1.07 
153 0 0.65 0.940235 0.290235 1.07016 1.07 
154 0 0.65 0.942609 0.292609 1.07016 1.07 
155 0 0.65 0.944974 0.294974 1.07016 1.07 
156 0 0.65 0.94733 0.29733 1.07016 1.07 
157 0 0.65 0.949679 0.299679 1.07016 1.07 
158 0 0.65 0.95202 0.30202 1.07016 1.07 
159 0 0.65 0.954354 0.304354 1.07016 1.07 
160 0 0.65 0.956682 0.306682 1.07016 1.07 
161 0 0.65 0.959004 0.309004 1.07016 1.07 
162 0 0.65 0.961321 0.311321 1.07016 1.07 
163 0 0.65 0.963632 0.313632 1.07016 1.07 
164 0 0.65 0.96594 0.31594 1.07016 1.07 
165 0 0.65 0.968243 0.318243 1.07016 1.07 
166 0 0.65 0.970544 0.320544 1.07016 1.07 
167 0 0.65 0.972842 0.322842 1.07016 1.07 
168 0 0.65 0.975139 0.325139 1.07016 1.07 
169 0 0.65 0.977435 0.327435 1.07016 1.07 
170 0 0.65 0.979732 0.329732 1.07016 1.07 
171 0 0.65 0.982032 0.332032 1.07016 1.07 
172 0 0.65 0.984334 0.334334 1.07016 1.07 
173 0 0.65 0.986642 0.336642 1.07016 1.07 
174 0 0.65 0.988957 0.338957 1.07016 1.07 
175 0 0.65 0.991279 0.341279 1.07016 1.07 
176 0 0.65 0.993612 0.343612 1.07016 1.07 
177 0 0.65 0.995957 0.345957 1.07016 1.07 
178 0 0.65 0.998316 0.348316 1.07016 1.07 
179 0 0.65 1.00069 0.35069 1.07016 1.07 
180 0 0.65 1.00308 0.353082 1.07016 1.07 
181 0 0.65 1.00549 0.355493 1.07016 1.07 
182 0 0.65 1.00793 0.357926 1.07016 1.07 
183 0 0.65 1.01038 0.360383 1.07016 1.07 
184 0 0.65 1.01286 0.362864 1.07016 1.07 
185 0 0.65 1.01537 0.365373 1.07016 1.07 
186 0 0.65 1.01791 0.36791 1.07016 1.07 
187 0 0.65 1.02048 0.370478 1.07016 1.07 
188 0 0.65 1.02308 0.373077 1.07016 1.07 
189 0 0.65 1.02571 0.37571 1.07016 1.07 
190 0 0.65 1.02838 0.378377 1.07016 1.07 
191 0 0.65 1.03108 0.38108 1.07016 1.07 
192 0 0.65 1.03382 0.383821 1.07016 1.07 
193 0 0.65 1.0366 0.386599 1.07016 1.07 
194 0 0.65 1.03942 0.389416 1.07016 1.07 
195 0 0.65 1.04227 0.392273 1.07016 1.07 
196 0 0.65 1.04517 0.395171 1.07016 1.07 
197 0 0.65 1.04811 0.39811 1.07016 1.07 
198 0 0.65 1.05109 0.40109 1.07016 1.07 
199 0 0.65 1.05411 0.404113 1.07016 1.07 
200 0 0.65 1.05706 0.407064 1.07016 1.07 
201 0 0.65 1.05974 0.409737 1.07016 1.07 
202 0 0.65 1.06202 0.412016 1.07016 1.07 
203 0 0.65 1.06386 0.413858 1.07016 1.07 
204 0 0.65 1.06527 0.415268 1.07016 1.07 
205 0 0.65 1.06628 0.416282 1.07016 1.07 
206 0 0.65 1.06696 0.416957 1.07016 1.07 
207 0 0.65 1.06736 0.417357 1.07016 1.07 
208 0 0.65 1.06754 0.417543 1.07016 1.07 
209 0 0.65 1.06758 0.417577 1.07016 1.07 
210 0 0.65 1.06751 0.417507 1.07016 1.07 
211 0 0.65 1.06738 0.417377 1.07016 1.07 
212 0 0.65 1.06722 0.417219 1.07016 1.07 
213 0 0.65 1.06706 0.417058 1.07016 1.07 
214 0 0.65 1.06691 0.416911 1.07016 1.07 
215 0 0.65 1.06679 0.41679 1.07016 1.07 
216 0 0.65 1.0667 0.416701 1.07016 1.07 
217 0 0.65 1.06665 0.416645 1.07016 1.07 
218 0 0.65 1.06662 0.416624 1.07016 1.07 
219 0 0.65 1.06663 0.416633 1.07016 1.07 
220 0 0.65 1.06667 0.41667 1.07016 1.07 
221 0 0.65 1.06673 0.416731 1.07016 1.07 
222 0 0.65 1.06681 0.41681 1.07016 1.07 
223 0 0.65 1.0669 0.416904 1.07016 1.07 
224 0 0.65 1.06701 0.417007 1.07016 1.07 
225 0 0.65 1.06712 0.417117 1.07016 1.07 
226 0 0.65 1.06723 0.417229 1.07016 1.07 
227 0 0.65 1.06734 0.417341 1.07016 1.07 
228 0 0.65 1.06745 0.41745 1.07016 1.07 
229 0 0.65 1.06755 0.417553 1.07016 1.07 
230 0 0.65 1.06765 0.41765 1.07016 1.07 
231 0 0.65 1.06774 0.417739 1.07016 1.07 
232 0 0.65 1.06782 0.417819 1.07016 1.07 
233 0 0.65 1.06789 0.41789 1.07016 1.07 
234 0 0.65 1.06795 0.417951 1.07016 1.07 
235 0 0.65 1.068 0.418002 1.07016 1.07 
236 0 0.65 1.06804 0.418043 1.07016 1.07 
237 0 0.65 1.06808 0.418075 1.07016 1.07 
238 0 0.65 1.0681 0.418098 1.07016 1.07 
239 0 0.65 1.06811 0.418113 1.07016 1.07 
240 0 0.65 1.06812 0.418119 1.07016 1.07 
241 0 0.65 1.06812 0.418118 1.07016 1.07 
242 0 0.65 1.06811 0.418111 1.07016 1.07 
243 0 0.65 1.0681 0.418097 1.07016 1.07 
244 0 0.65 1.06808 0.418079 1.07016 1.07 
245 0 0.65 1.06806 0.418056 1.07016 1.07 
246 0 0.65 1.06803 0.418029 1.07016 1.07 
247 0 0.65 1.068 0.417999 1.07016 1.07 
248 0 0.65 1.06797 0.417967 1.07016 1.07 
249 0 0.65 1.06793 0.417933 1.07016 1.07 
250 0 0.65 1.0679 0.417897 1.07016 1.07 
251 0 0.65 1.06786 0.417862 1.07016 1.07 
252 0 0.65 1.06783 0.417826 1.07016 1.07 
253 0 0.65 1.06779 0.417791 1.07016 1.07 
254 0 0.65 1.06776 0.417757 1.07016 1.07 
255 0 0.65 1.06772 0.417725 1.07016 1.07 
256 0 0.65 1.06769 0.417694 1.07016 1.07 
257 0 0.65 1.06767 0.417665 1.07016 1.07 
258 0 0.65 1.06764 0.417639 1.07016 1.07 
259 0 0.65 1.06762 0.417615 1.07016 1.07 
260 0 0.65 1.06759 0.417594 1.07016 1.07 
261 0 0.65 1.06758 0.417576 1.07016 1.07 
262 0 0.65 1.06756 0.417561 1.07016 1.07 
263 0 0.65 1.06755 0.417549 1.07016 1.07 
264 0 0.65 1.06754 0.41754 1.07016 1.07 
265 0 0.65 1.06753 0.417534 1.07016 1.07 
266 0 0.65 1.06753 0.41753 1.07016 1.07 
267 0 0.65 1.06753 0.417529 1.07016 1.07 
268 0 0.65 1.06753 0.417531 1.07016 1.07 
269 0 0.65 1.06753 0.417534 1.07016 1.07 
270 0 0.65 1.06754 0.41754 1.07016 1.07 
271 0 0.65 1.06755 0.417548 1.07016 1.07 
272 0 0.65 1.06756 0.417557 1.07016 1.07 
273 0 0.65 1.06757 0.417567 1.07016 1.07 
274 0 0.65 1.06758 0.417579 1.07016 1.07 
275 0 0.65 1.06759 0.417591 1.07016 1.07 
276 0 0.65 1.0676 0.417604 1.07016 1.07 
277 0 0.65 1.06762 0.417617 1.07016 1.07 
278 0 0.65 1.06763 0.41763 1.07016 1.07 
279 0 0.65 1.06764 0.417643 1.07016 1.07 
280 0 0.65 1.06766 0.417655 1.07016 1.07 
281 0 0.65 1.06767 0.417667 1.07016 1.07 
282 0 0.65 1.06768 0.417679 1.07016 1.07 
283 0 0.65 1.06769 0.41769 1.07016 1.07 
284 0 0.65 1.0677 0.417699 1.07016 1.07 
285 0 0.65 1.06771 0.417708 1.07016 1.07 
286 0 0.65 1.06772 0.417716 1.07016 1.07 
287 0 0.65 1.06772 0.417723 1.07016 1.07 
288 0 0.65 1.06773 0.417728 1.07016 1.07 
289 0 0.65 1.06773 0.417733 1.07016 1.07 
290 0 0.65 1.06774 0.417736 1.07016 1.07 
291 0 0.65 1.06774 0.417738 1.07016 1.07 
292 0 0.65 1.06774 0.417739 1.07016 1.07 
293 0 0.65 1.06774 0.41774 1.07016 1.07 
294 0 0.65 1.06774 0.417739 1.07016 1.07 
295 0 0.65 1.06774 0.417738 1.07016 1.07 
296 0 0.65 1.06774 0.417735 1.07016 1.07 
297 0 0.65 1.06773 0.417733 1.07016 1.07 
298 0 0.65 1.06773 0.417729 1.07016 1.07 
299 0 0.65 1.06773 0.417725 1.07016 1.07 
300 0 0.65 1.06772 0.417721 1.07016 1.07 
