0 0 0.75 0.913971 0.163971 0.6 0.87 
1 0 0.75 0.916266 0.166266 0.6 0.87 
2 0 0.75 0.922775 0.172775 0.6 0.87 
3 0 0.75 0.931712 0.181712 0.6 0.87 
4 0 0.75 0.941693 0.191693 0.6 0.87 
5 0 0.75 0.951686 0.201686 0.6 0.87 
6 0 0.75 0.960958 0.210958 0.6 0.87 
7 0 0.75 0.969034 0.219034 0.6 0.87 
8 0 0.75 0.97564 0.22564 0.6 0.87 
9 0 0.75 0.98066 0.23066 0.6 0.87 
10 0 0.75 0.984095 0.234095 0.6 0.87 
11 0 0.75 0.986026 0.236026 0.6 0.87 
12 0 0.75 0.986585 0.236585 0.6 0.87 
13 0 0.75 0.985929 0.235929 0.6 0.87 
14 0 0.75 0.984229 0.234229 0.6 0.87 
15 0 0.75 0.98165 0.23165 0.6 0.87 
16 0 0.75 0.978345 0.228345 0.6 0.87 
17 0 0.75 0.974453 0.224453 0.6 0.87 
18 0 0.75 0.97009 0.22009 0.6 0.87 
19 0 0.75 0.965356 0.215356 0.6 0.87 
20 0 0.75 0.960327 0.210327 0.6 0.87 
21 0 0.75 0.955067 0.205067 0.6 0.87 
22 0 0.75 0.94962 0.19962 0.6 0.87 
23 0 0.75 0.94402 0.19402 0.6 0.87 
24 0 0.75 0.938289 0.188289 0.6 0.87 
25 0 0.75 0.932442 0.182442 0.6 0.87 
26 0 0.75 0.926487 0.176487 0.6 0.87 
27 0 0.75 0.920429 0.170429 0.6 0.87 
28 0 0.75 0.914269 0.164269 0.6 0.87 
29 0 0.75 0.90801 0.15801 0.6 0.87 
30 0 0.75 0.901651 0.151651 0.6 0.87 
31 0 0.75 0.895193 0.145193 0.6 0.87 
32 0 0.75 0.888638 0.138638 0.6 0.87 
33 0 0.75 0.881988 0.131988 0.6 0.87 
34 0 0.75 0.875249 0.125249 0.6 0.87 
35 0 0.75 0.868425 0.118425 0.6 0.87 
36 0 0.75 0.861525 0.111525 0.6 0.87 
37 0 0.75 0.854555 0.104555 0.6 0.87 
38 0 0.75 0.847527 0.0975268 0.6 0.87 
39 0 0.75 0.84045 0.0904496 0.6 0.87 
40 0 0.75 0.833335 0.0833348 0.6 0.87 
41 0 0.75 0.826194 0.0761945 0.6 0.87 
42 0 0.75 0.819041 0.0690406 0.6 0.87 
43 0 0.75 0.811886 0.0618856 0.6 0.87 
44 0 0.75 0.804742 0.0547419 0.6 0.87 
45 0 0.75 0.797622 0.0476215 0.6 0.87 
46 0 0.75 0.790536 0.0405364 0.6 0.87 
47 0 0.75 0.783498 0.0334976 0.6 0.87 
48 0 0.75 0.777046 0.0270461 0.6 0.87 
49 0 0.75 0.771764 0.0217636 0.6 0.87 
50 0 0.75 0.767503 0.017503 0.6 0.87 
51 0 0.75 0.764134 0.0141342 0.6 0.87 
52 0 0.75 0.761542 0.0115418 0.6 0.87 
53 0 0.75 0.759623 0.00962322 0.6 0.87 
54 0 0.75 0.758287 0.00828723 0.6 0.87 
55 0 0.75 0.757453 0.0074528 0.6 0.87 
56 0 0.75 0.757048 0.00704798 0.6 0.87 
57 0 0.75 0.757009 0.00700903 0.6 0.87 
58 0 0.75 0.75728 0.00727961 0.6 0.87 
59 0 0.75 0.75781 0.00781004 0.6 0.87 
60 0 0.75 0.758557 0.00855668 0.6 0.87 
61 0 0.75 0.759481 0.00948128 0.6 0.87 
62 0 0.75 0.76055 0.0105504 0.6 0.87 
63 0 0.75 0.761735 0.011735 0.6 0.87 
64 0 0.75 0.76301 0.0130096 0.6 0.87 
65 0 0.75 0.764352 0.0143525 0.6 0.87 
66 0 0.75 0.766252 0.0162518 0.866252 0.87 
67 0 0.75 0.768463 0.0184627 0.868463 0.87 
68 0 0.75 0.76982 0.0198197 0.86982 0.87 
69 0 0.75 0.770325 0.0203246 0.870325 0.87 
70 0 0.75 0.770344 0.0203436 0.870344 0.87 
71 0 0.75 0.770202 0.0202018 0.870202 0.87 
72 0 0.75 0.770073 0.0200733 0.870073 0.87 
73 0 0.75 0.770012 0.0200117 0.870012 0.87 
74 0 0.75 0.77001 0.02001 0.87001 0.87 
75 0 0.75 0.770045 0.0200446 0.870045 0.87 
76 0 0.75 0.770097 0.0200967 0.870097 0.87 
77 0 0.75 0.770157 0.0201565 0.870157 0.87 
78 0 0.75 0.770221 0.0202209 0.870221 0.87 
79 0 0.75 0.770289 0.0202887 0.870289 0.87 
80 0 0.75 0.770359 0.0203586 0.870359 0.87 
81 0 0.75 0.770428 0.0204276 0.870428 0.87 
82 0 0.75 0.770704 0.0207042 0.870428 0.87 
83 0 0.75 0.771427 0.0214268 0.870428 0.87 
84 0 0.75 0.772543 0.0225428 0.870428 0.87 
85 0 0.75 0.773993 0.0239932 0.870428 0.87 
86 0 0.75 0.775715 0.0257145 0.870428 0.87 
87 0 0.75 0.777641 0.0276412 0.870428 0.87 
88 0 0.75 0.779709 0.0297085 0.870428 0.87 
89 0 0.75 0.781855 0.0318554 0.870428 0.87 
90 0 0.75 0.784027 0.0340268 0.870428 0.87 
91 0 0.75 0.786176 0.0361755 0.870428 0.87 
92 0 0.75 0.788263 0.0382632 0.870428 0.87 
93 0 0.75 0.79026 0.0402604 0.870428 0.87 
94 0 0.75 0.796052 0.046052 0.870428 0.87 
95 0 0.75 0.809241 0.0592405 0.870428 0.87 
96 0 0.75 0.827412 0.0774115 0.870428 0.87 
97 0 0.75 0.848646 0.0986456 0.870428 0.87 
98 0 0.75 0.871445 0.121445 0.870428 0.87 
99 0 0.75 0.894675 0.144675 0.870428 0.87 
100 0 0.75 0.917507 0.167507 0.870428 0.87 
101 0 0.75 0.93937 0.18937 0.870428 0.87 
102 0 0.75 0.959899 0.209899 0.870428 0.87 
103 0 0.75 0.978891 0.228891 0.870428 0.87 
104 0 0.75 0.996266 0.246266 0.870428 0.87 
105 0 0.75 1.01203 0.262031 0.870428 0.87 
106 0 0.75 1.02626 0.276255 0.870428 0.87 
107 0 0.75 1.03905 0.289045 0.870428 0.87 
108 0 0.75 1.05053 0.300531 0.870428 0.87 
109 0 0.75 1.06085 0.31085 0.870428 0.87 
110 0 0.75 1.07014 0.320142 0.870428 0.87 
111 0 0.75 1.07854 0.328541 0.870428 0.87 
112 0 0.75 1.08617 0.336169 0.870428 0.87 
113 0 0.75 1.09314 0.343137 0.870428 0.87 
114 0 0.75 1.09954 0.349542 0.870428 0.87 
115 0 0.75 1.10547 0.355468 0.870428 0.87 
116 0 0.75 1.11098 0.360983 0.870428 0.87 
117 0 0.75 1.11615 0.366146 0.870428 0.87 
118 0 0.75 1.121 0.371 0.870428 0.87 
119 0 0.75 1.12558 0.375582 0.870428 0.87 
120 0 0.75 1.12992 0.379916 0.870428 0.87 
121 0 0.75 1.13402 0.384023 0.870428 0.87 
122 0 0.75 1.13791 0.387915 0.870428 0.87 
123 0 0.75 1.1416 0.391599 0.870428 0.87 
124 0 0.75 1.14508 0.395079 0.870428 0.87 
125 0 0.75 1.14836 0.398356 0.870428 0.87 
126 0 0.75 1.15143 0.401429 0.870428 0.87 
127 0 0.75 1.15429 0.404294 0.870428 0.87 
128 0.5 0.75 1.15695 0.406948 0.870428 0.87 
129 0.5 0.75 1.15939 0.409386 0.870428 0.87 
130 0.5 0.75 1.1616 0.411604 0.870428 0.87 
131 0.5 0.75 1.1636 0.413598 0.870428 0.87 
132 0.5 0.75 1.16536 0.415364 0.870428 0.87 
133 0.5 0.75 1.1669 0.416898 0.870428 0.87 
134 0.5 0.75 1.1682 0.418199 0.870428 0.87 
135 0.5 0.75 1.16926 0.419265 0.870428 0.87 
136 0.5 0.75 1.17009 0.420095 0.870428 0.87 
137 0.5 0.75 1.17069 0.420689 0.870428 0.87 
138 0.5 0.75 1.17105 0.42105 0.870428 0.87 
139 0.5 0.75 1.17118 0.421178 0.870428 0.87 
140 0.5 0.75 1.17108 0.421076 0.870428 0.87 
141 0.5 0.75 1.17075 0.420748 0.870428 0.87 
142 0.5 0.75 1.1702 0.420197 0.870428 0.87 
143 0.5 0.75 1.16943 0.419427 0.870428 0.87 
144 0 0.75 1.16844 0.418443 0.870428 0.87 
145 0 0.75 1.16725 0.417249 0.870428 0.87 
146 0 0.75 1.16585 0.41585 0.870428 0.87 
147 0 0.75 1.16425 0.414249 0.870428 0.87 
148 0 0.75 1.16245 0.412453 0.870428 0.87 
149 0 0.75 1.16046 0.410465 0.870428 0.87 
150 0 0.75 1.15829 0.408289 0.870428 0.87 
151 0 0.75 1.15593 0.40593 0.870428 0.87 
152 0 0.75 1.15339 0.403393 0.870428 0.87 
153 0 0.75 1.15068 0.400681 0.870428 0.87 
154 0 0.75 1.1478 0.397799 0.870428 0.87 
155 0 0.75 1.14475 0.394749 0.870428 0.87 
156 0 0.75 1.14154 0.391537 0.870428 0.87 
157 0 0.75 1.13817 0.388165 0.870428 0.87 
158 0 0.75 1.13464 0.384637 0.870428 0.87 
159 0 0.75 1.13096 0.380957 0.870428 0.87 
160 0 0.75 1.12713 0.377129 0.870428 0.87 
161 0 0.75 1.12315 0.373155 0.870428 0.87 
162 0 0.75 1.11904 0.369039 0.870428 0.87 
163 0 0.75 1.11478 0.364785 0.870428 0.87 
164 0 0.75 1.1104 0.360396 0.870428 0.87 
165 0 0.75 1.10588 0.355876 0.870428 0.87 
166 0 0.75 1.10123 0.351228 0.870428 0.87 
167 0 0.75 1.09646 0.346457 0.870428 0.87 
168 0 0.75 1.09156 0.341565 0.870428 0.87 
169 0 0.75 1.08656 0.336557 0.870428 0.87 
170 0 0.75 1.08144 0.331437 0.870428 0.87 
171 0 0.75 1.07621 0.326209 0.870428 0.87 
172 0 0.75 1.07088 0.320877 0.870428 0.87 
173 0 0.75 1.06545 0.315447 0.870428 0.87 
174 0 0.75 1.05992 0.309921 0.870428 0.87 
175 0 0.75 1.05431 0.304306 0.870428 0.87 
176 0 0.75 1.04861 0.298607 0.870428 0.87 
177 0 0.75 1.04283 0.292827 0.870428 0.87 
178 0 0.75 1.03697 0.286973 0.870428 0.87 
179 0 0.75 1.03105 0.281049 0.870428 0.87 
180 0 0.75 1.02506 0.275062 0.870428 0.87 
181 0 0.75 1.01902 0.269016 0.870428 0.87 
182 0 0.75 1.01292 0.262918 0.870428 0.87 
183 0 0.75 1.00677 0.256772 0.870428 0.87 
184 0 0.75 1.00058 0.250585 0.870428 0.87 
185 0 0.75 0.994361 0.244361 0.870428 0.87 
186 0 0.75 0.988107 0.238107 0.870428 0.87 
187 0 0.75 0.981829 0.231829 0.870428 0.87 
188 0 0.75 0.975531 0.225531 0.870428 0.87 
189 0 0.75 0.96922 0.21922 0.870428 0.87 
190 0 0.75 0.962901 0.212901 0.870428 0.87 
191 0 0.75 0.956579 0.206579 0.870428 0.87 
192 0 0.75 0.95026 0.20026 0.870428 0.87 
193 0 0.75 0.943949 0.193949 0.870428 0.87 
194 0 0.75 0.937651 0.187651 0.870428 0.87 
195 0 0.75 0.931371 0.181371 0.870428 0.87 
196 0 0.75 0.925115 0.175115 0.870428 0.87 
197 0 0.75 0.918887 0.168887 0.870428 0.87 
198 0 0.75 0.912692 0.162692 0.870428 0.87 
199 0 0.75 0.906535 0.156535 0.870428 0.87 
200 0 0.75 0.900586 0.150586 0.870428 0.87 
201 0 0.75 0.895141 0.145141 0.870428 0.87 
202 0 0.75 0.890359 0.140359 0.870428 0.87 
203 0 0.75 0.8863 0.1363 0.870428 0.87 
204 0 0.75 0.882955 0.132955 0.870428 0.87 
205 0 0.75 0.880277 0.130277 0.870428 0.87 
206 0 0.75 0.878192 0.128192 0.870428 0.87 
207 0 0.75 0.876618 0.126618 0.870428 0.87 
208 0 0.75 0.875471 0.125471 0.870428 0.87 
209 0 0.75 0.874671 0.124671 0.870428 0.87 
210 0 0.75 0.874146 0.124146 0.870428 0.87 
211 0 0.75 0.873833 0.123833 0.870428 0.87 
212 0 0.75 0.873681 0.123681 0.870428 0.87 
213 0 0.75 0.873648 0.123648 0.870428 0.87 
214 0 0.75 0.8737 0.1237 0.870428 0.87 
215 0 0.75 0.873813 0.123813 0.870428 0.87 
216 0 0.75 0.873969 0.123969 0.870428 0.87 
217 0 0.75 0.874154 0.124154 0.870428 0.87 
218 0 0.75 0.874361 0.124361 0.870428 0.87 
219 0 0.75 0.874583 0.124583 0.870428 0.87 
220 0 0.75 0.874817 0.124817 0.870428 0.87 
221 0 0.75 0.87506 0.12506 0.870428 0.87 
222 0 0.75 0.875313 0.125313 0.870428 0.87 
223 0 0.75 0.875573 0.125573 0.870428 0.87 
224 0 0.75 0.87584 0.12584 0.870428 0.87 
225 0 0.75 0.876113 0.126113 0.870428 0.87 
226 0 0.75 0.87639 0.12639 0.870428 0.87 
227 0 0.75 0.876669 0.126669 0.870428 0.87 
228 0 0.75 0.876949 0.126949 0.870428 0.87 
229 0 0.75 0.877228 0.127228 0.870428 0.87 
230 0 0.75 0.877502 0.127502 0.870428 0.87 
231 0 0.75 0.877771 0.127771 0.870428 0.87 
232 0 0.75 0.878031 0.128031 0.870428 0.87 
233 0 0.75 0.87828 0.12828 0.870428 0.87 
234 0 0.75 0.878515 0.128515 0.870428 0.87 
235 0 0.75 0.878736 0.128736 0.870428 0.87 
236 0 0.75 0.878939 0.128939 0.870428 0.87 
237 0 0.75 0.879125 0.129125 0.870428 0.87 
238 0 0.75 0.87929 0.12929 0.870428 0.87 
239 0 0.75 0.879435 0.129435 0.870428 0.87 
240 0 0.75 0.87956 0.12956 0.870428 0.87 
241 0 0.75 0.879663 0.129663 0.870428 0.87 
242 0 0.75 0.879744 0.129744 0.870428 0.87 
243 0 0.75 0.879805 0.129805 0.870428 0.87 
244 0 0.75 0.879846 0.129846 0.870428 0.87 
245 0 0.75 0.879867 0.129867 0.870428 0.87 
246 0 0.75 0.87987 0.12987 0.870428 0.87 
247 0 0.75 0.879855 0.129855 0.870428 0.87 
248 0 0.75 0.879824 0.129824 0.870428 0.87 
249 0 0.75 0.879778 0.129778 0.870428 0.87 
250 0 0.75 0.879719 0.129719 0.870428 0.87 
251 0 0.75 0.879648 0.129648 0.870428 0.87 
252 0 0.75 0.879567 0.129567 0.870428 0.87 
253 0 0.75 0.879477 0.129477 0.870428 0.87 
254 0 0.75 0.879381 0.129381 0.870428 0.87 
255 0 0.75 0.879278 0.129278 0.870428 0.87 
256 0 0.75 0.879172 0.129172 0.870428 0.87 
257 0 0.75 0.879063 0.129063 0.870428 0.87 
258 0 0.75 0.878953 0.128953 0.870428 0.87 
259 0 0.75 0.878843 0.128843 0.870428 0.87 
260 0 0.75 0.878735 0.128735 0.870428 0.87 
261 0 0.75 0.87863 0.12863 0.870428 0.87 
262 0 0.75 0.878528 0.128528 0.870428 0.87 
263 0 0.75 0.878431 0.128431 0.870428 0.87 
264 0 0.75 0.878339 0.128339 0.870428 0.87 
265 0 0.75 0.878254 0.128254 0.870428 0.87 
266 0 0.75 0.878176 0.128176 0.870428 0.87 
267 0 0.75 0.878106 0.128106 0.870428 0.87 
268 0 0.75 0.878043 0.128043 0.870428 0.87 
269 0 0.75 0.877988 0.127988 0.870428 0.87 
270 0 0.75 0.877942 0.127942 0.870428 0.87 
271 0 0.75 0.877905 0.127905 0.870428 0.87 
272 0 0.75 0.877876 0.127876 0.870428 0.87 
273 0 0.75 0.877855 0.127855 0.870428 0.87 
274 0 0.75 0.877843 0.127843 0.870428 0.87 
275 0 0.75 0.877838 0.127838 0.870428 0.87 
276 0 0.75 0.877841 0.127841 0.870428 0.87 
277 0 0.75 0.877851 0.127851 0.870428 0.87 
278 0 0.75 0.877868 0.127868 0.870428 0.87 
279 0 0.75 0.87789 0.12789 0.870428 0.87 
280 0 0.75 0.877918 0.127918 0.870428 0.87 
281 0 0.75 0.877951 0.127951 0.870428 0.87 
282 0 0.75 0.877987 0.127987 0.870428 0.87 
283 0 0.75 0.878027 0.128027 0.870428 0.87 
284 0 0.75 0.87807 0.12807 0.870428 0.87 
285 0 0.75 0.878115 0.128115 0.870428 0.87 
286 0 0.75 0.878161 0.128161 0.870428 0.87 
287 0 0.75 0.878208 0.128208 0.870428 0.87 
288 0 0.75 0.878255 0.128255 0.870428 0.87 
289 0 0.75 0.878301 0.128301 0.870428 0.87 
290 0 0.75 0.878347 0.128347 0.870428 0.87 
291 0 0.75 0.87839 0.12839 0.870428 0.87 
292 0 0.75 0.878432 0.128432 0.870428 0.87 
293 0 0.75 0.878471 0.128471 0.870428 0.87 
294 0 0.75 0.878507 0.128507 0.870428 0.87 
295 0 0.75 0.87854 0.12854 0.870428 0.87 
296 0 0.75 0.878569 0.128569 0.870428 0.87 
297 0 0.75 0.878595 0.128595 0.870428 0.87 
298 0 0.75 0.878618 0.128618 0.870428 0.87 
299 0 0.75 0.878636 0.128636 0.870428 0.87 
300 0 0.75 0.878651 0.128651 0.870428 0.87 
