0 0 0.65 0.913969 0.263969 0.6 0.77 
1 0 0.65 0.916228 0.266228 0.6 0.77 
2 0 0.65 0.922597 0.272597 0.6 0.77 
3 0 0.65 0.931244 0.281244 0.6 0.77 
4 0 0.65 0.94074 0.29074 0.6 0.77 
5 0 0.65 0.950013 0.300013 0.6 0.77 
6 0 0.65 0.9583 0.3083 0.6 0.77 
7 0 0.65 0.965106 0.315106 0.6 0.77 
8 0 0.65 0.970146 0.320146 0.6 0.77 
9 0 0.65 0.973305 0.323305 0.6 0.77 
10 0 0.65 0.974589 0.324589 0.6 0.77 
11 0 0.65 0.974096 0.324096 0.6 0.77 
12 0 0.65 0.971975 0.321975 0.6 0.77 
13 0 0.65 0.968411 0.318411 0.6 0.77 
14 0 0.65 0.963597 0.313597 0.6 0.77 
15 0 0.65 0.957727 0.307727 0.6 0.77 
16 0 0.65 0.950985 0.300985 0.6 0.77 
17 0 0.65 0.943534 0.293534 0.6 0.77 
18 0 0.65 0.93552 0.28552 0.6 0.77 
19 0 0.65 0.927066 0.277066 0.6 0.77 
20 0 0.65 0.918273 0.268273 0.6 0.77 
21 0 0.65 0.909223 0.259223 0.6 0.77 
22 0 0.65 0.899982 0.249982 0.6 0.77 
23 0 0.65 0.890598 0.240598 0.6 0.77 
24 0 0.65 0.881109 0.231109 0.6 0.77 
25 0 0.65 0.871543 0.221543 0.6 0.77 
26 0 0.65 0.861918 0.211918 0.6 0.77 
27 0 0.65 0.852251 0.202251 0.6 0.77 
28 0 0.65 0.842551 0.192551 0.6 0.77 
29 0 0.65 0.832827 0.182827 0.6 0.77 
30 0 0.65 0.823086 0.173086 0.6 0.77 
31 0 0.65 0.813336 0.163336 0.6 0.77 
32 0 0.65 0.803584 0.153584 0.6 0.77 
33 0 0.65 0.793838 0.143838 0.6 0.77 
34 0 0.65 0.784107 0.134107 0.6 0.77 
35 0 0.65 0.774402 0.124402 0.6 0.77 
36 0 0.65 0.764736 0.114736 0.6 0.77 
37 0 0.65 0.75512 0.10512 0.6 0.77 
38 0 0.65 0.745569 0.0955691 0.6 0.77 
39 0 0.65 0.736098 0.0860979 0.6 0.77 
40 0 0.65 0.726722 0.0767221 0.6 0.77 
41 0 0.65 0.717457 0.0674575 0.6 0.77 
42 0 0.65 0.70832 0.0583201 0.6 0.77 
43 0 0.65 0.699326 0.049326 0.6 0.77 
44 0 0.65 0.690491 0.0404907 0.6 0.77 
45 0 0.65 0.681829 0.031829 0.6 0.77 
46 0 0.65 0.673355 0.023355 0.6 0.77 
47 0 0.65 0.665082 0.0150817 0.6 0.77 
48 0 0.65 0.657021 0.0070207 0.6 0.77 
49 0 0.65 0.654914 0.00491422 0.6 0.77 
50 0 0.65 0.660818 0.0108179 0.6 0.77 
51 0 0.65 0.666718 0.0167179 0.766718 0.77 
52 0 0.65 0.67003 0.0200299 0.77003 0.77 
53 0 0.65 0.671071 0.0210714 0.771071 0.77 
54 0 0.65 0.67094 0.0209395 0.77094 0.77 
55 0 0.65 0.670492 0.0204923 0.770492 0.77 
56 0 0.65 0.670141 0.0201408 0.770141 0.77 
57 0 0.65 0.669978 0.0199784 0.769978 0.77 
58 0 0.65 0.669957 0.0199574 0.769957 0.77 
59 0 0.65 0.670005 0.0200051 0.770005 0.77 
60 0 0.65 0.670071 0.0200708 0.770071 0.77 
61 0 0.65 0.670132 0.020132 0.770132 0.77 
62 0 0.65 0.670184 0.0201838 0.770184 0.77 
63 0 0.65 0.670228 0.0202283 0.770228 0.77 
64 0 0.65 0.670268 0.0202678 0.770268 0.77 
65 0 0.65 0.670303 0.0203029 0.770303 0.77 
66 0 0.65 0.670332 0.0203324 0.770332 0.77 
67 0 0.65 0.671088 0.0210879 0.770332 0.77 
68 0 0.65 0.673352 0.0233516 0.770332 0.77 
69 0 0.65 0.676859 0.0268592 0.770332 0.77 
70 0 0.65 0.68137 0.0313696 0.770332 0.77 
71 0 0.65 0.686674 0.0366739 0.770332 0.77 
72 0 0.65 0.692598 0.0425983 0.770332 0.77 
73 0 0.65 0.699003 0.0490032 0.770332 0.77 
74 0 0.65 0.70578 0.05578 0.770332 0.77 
75 0 0.65 0.712846 0.0628461 0.770332 0.77 
76 0 0.65 0.720139 0.0701394 0.770332 0.77 
77 0 0.65 0.727613 0.0776134 0.770332 0.77 
78 0 0.65 0.735232 0.0852315 0.770332 0.77 
79 0 0.65 0.742964 0.0929638 0.770332 0.77 
80 0 0.65 0.750783 0.100783 0.770332 0.77 
81 0 0.65 0.758664 0.108664 0.770332 0.77 
82 0 0.65 0.76658 0.11658 0.770332 0.77 
83 0 0.65 0.774504 0.124504 0.770332 0.77 
84 0 0.65 0.782407 0.132407 0.770332 0.77 
85 0 0.65 0.790259 0.140259 0.770332 0.77 
86 0 0.65 0.798031 0.148031 0.770332 0.77 
87 0 0.65 0.805694 0.155694 0.770332 0.77 
88 0 0.65 0.813221 0.163221 0.770332 0.77 
89 0 0.65 0.820584 0.170584 0.770332 0.77 
90 0 0.65 0.827761 0.177761 0.770332 0.77 
91 0 0.65 0.834732 0.184732 0.770332 0.77 
92 0 0.65 0.841481 0.191481 0.770332 0.77 
93 0.11515 0.65 0.847993 0.197993 0.770332 0.77 
94 0.299355 0.65 0.854259 0.204259 0.770332 0.77 
95 0.451917 0.65 0.860273 0.210273 0.770332 0.77 
96 0.575445 0.65 0.866032 0.216032 0.770332 0.77 
97 0.672533 0.65 0.871535 0.221535 0.770332 0.77 
98 0.745736 0.65 0.876786 0.226786 0.770332 0.77 
99 0.797545 0.65 0.881788 0.231788 0.770332 0.77 
100 0.83037 0.65 0.886547 0.236547 0.770332 0.77 
101 0.846518 0.65 0.891071 0.241071 0.770332 0.77 
102 0.848184 0.65 0.895369 0.245369 0.770332 0.77 
103 0.837436 0.65 0.89945 0.24945 0.770332 0.77 
104 0.816206 0.65 0.903322 0.253322 0.770332 0.77 
105 0.786287 0.65 0.906996 0.256996 0.770332 0.77 
106 0.749327 0.65 0.910481 0.260481 0.770332 0.77 
107 0.706827 0.65 0.913787 0.263787 0.770332 0.77 
108 0.660142 0.65 0.916921 0.266921 0.770332 0.77 
109 0.610485 0.65 0.919892 0.269892 0.770332 0.77 
110 0.558926 0.65 0.922709 0.272709 0.770332 0.77 
111 0.506406 0.65 0.925377 0.275377 0.770332 0.77 
112 0.453734 0.65 0.927904 0.277904 0.770332 0.77 
113 0.401605 0.65 0.930295 0.280295 0.770332 0.77 
114 0.350598 0.65 0.932555 0.282555 0.770332 0.77 
115 0.301196 0.65 0.934689 0.284689 0.770332 0.77 
116 0.253789 0.65 0.9367 0.2867 0.770332 0.77 
117 0.208685 0.65 0.938593 0.288593 0.770332 0.77 
118 0.166125 0.65 0.940369 0.290369 0.770332 0.77 
119 0.126291 0.65 0.942031 0.292031 0.770332 0.77 
120 0.0893153 0.65 0.943581 0.293581 0.770332 0.77 
121 0.0552927 0.65 0.945021 0.295021 0.770332 0.77 
122 0.0242908 0.65 0.94635 0.29635 0.770332 0.77 
123 0 0.65 0.94757 0.29757 0.770332 0.77 
124 0 0.65 0.948682 0.298682 0.770332 0.77 
125 0 0.65 0.949684 0.299684 0.770332 0.77 
126 0 0.65 0.950578 0.300578 0.770332 0.77 
127 0 0.65 0.951363 0.301363 0.770332 0.77 
128 0 0.65 0.952039 0.302039 0.770332 0.77 
129 0 0.65 0.952604 0.302604 0.770332 0.77 
130 0 0.65 0.953059 0.303059 0.770332 0.77 
131 0 0.65 0.953404 0.303404 0.770332 0.77 
132 0 0.65 0.953636 0.303636 0.770332 0.77 
133 0 0.65 0.953757 0.303757 0.770332 0.77 
134 0 0.65 0.953765 0.303765 0.770332 0.77 
135 0 0.65 0.953661 0.303661 0.770332 0.77 
136 0 0.65 0.953444 0.303444 0.770332 0.77 
137 0 0.65 0.953114 0.303114 0.770332 0.77 
138 0 0.65 0.952672 0.302672 0.770332 0.77 
139 0.0255424 0.65 0.952117 0.302117 0.770332 0.77 
140 0.0627539 0.65 0.951451 0.301451 0.770332 0.77 
141 0.104816 0.65 0.950674 0.300674 0.770332 0.77 
142 0.151739 0.65 0.949786 0.299786 0.770332 0.77 
143 0.203455 0.65 0.94879 0.29879 0.770332 0.77 
144 0.259804 0.65 0.947685 0.297685 0.770332 0.77 
145 0.320506 0.65 0.946474 0.296474 0.770332 0.77 
146 0.38514 0.65 0.945158 0.295158 0.770332 0.77 
147 0.453119 0.65 0.943739 0.293739 0.770332 0.77 
148 0.523664 0.65 0.942218 0.292218 0.770332 0.77 
149 0.595776 0.65 0.940597 0.290597 0.770332 0.77 
150 0.668215 0.65 0.938879 0.288879 0.770332 0.77 
151 0.739465 0.65 0.937066 0.287066 0.770332 0.77 
152 0.807718 0.65 0.935159 0.285159 0.770332 0.77 
153 0.870844 0.65 0.933162 0.283162 0.770332 0.77 
154 0.926374 0.65 0.931076 0.281076 0.770332 0.77 
155 0.971477 0.65 0.928905 0.278905 0.770332 0.77 
156 1.00295 0.65 0.92665 0.27665 0.770332 0.77 
157 1.01722 0.65 0.924315 0.274315 0.770332 0.77 
158 1.0103 0.65 0.921902 0.271902 0.770332 0.77 
159 0.977854 0.65 0.919414 0.269414 0.770332 0.77 
160 0.915152 0.65 0.916854 0.266854 0.770332 0.77 
161 0.817123 0.65 0.914223 0.264223 0.770332 0.77 
162 0.678373 0.65 0.911527 0.261527 0.770332 0.77 
163 0.493226 0.65 0.908766 0.258766 0.770332 0.77 
164 0.255776 0.65 0.905944 0.255944 0.770332 0.77 
165 0 0.65 0.903063 0.253063 0.770332 0.77 
166 0 0.65 0.900128 0.250128 0.770332 0.77 
167 0 0.65 0.897139 0.247139 0.770332 0.77 
168 0 0.65 0.894101 0.244101 0.770332 0.77 
169 0 0.65 0.891017 0.241017 0.770332 0.77 
170 0 0.65 0.887888 0.237888 0.770332 0.77 
171 0 0.65 0.884718 0.234718 0.770332 0.77 
172 0 0.65 0.88151 0.23151 0.770332 0.77 
173 0 0.65 0.878266 0.228266 0.770332 0.77 
174 0 0.65 0.87499 0.22499 0.770332 0.77 
175 0 0.65 0.871684 0.221684 0.770332 0.77 
176 0 0.65 0.86835 0.21835 0.770332 0.77 
177 0 0.65 0.864993 0.214993 0.770332 0.77 
178 0 0.65 0.861613 0.211613 0.770332 0.77 
179 0 0.65 0.858215 0.208215 0.770332 0.77 
180 0 0.65 0.854801 0.204801 0.770332 0.77 
181 0 0.65 0.851374 0.201374 0.770332 0.77 
182 0 0.65 0.847936 0.197936 0.770332 0.77 
183 0 0.65 0.84449 0.19449 0.770332 0.77 
184 0 0.65 0.841038 0.191038 0.770332 0.77 
185 0 0.65 0.837584 0.187584 0.770332 0.77 
186 0 0.65 0.834131 0.184131 0.770332 0.77 
187 0 0.65 0.830679 0.180679 0.770332 0.77 
188 0 0.65 0.827234 0.177234 0.770332 0.77 
189 0 0.65 0.823796 0.173796 0.770332 0.77 
190 0 0.65 0.820368 0.170368 0.770332 0.77 
191 0 0.65 0.816954 0.166954 0.770332 0.77 
192 0 0.65 0.813555 0.163555 0.770332 0.77 
193 0 0.65 0.810174 0.160174 0.770332 0.77 
194 0 0.65 0.806814 0.156814 0.770332 0.77 
195 0 0.65 0.803477 0.153477 0.770332 0.77 
196 0 0.65 0.800165 0.150165 0.770332 0.77 
197 0 0.65 0.796881 0.146881 0.770332 0.77 
198 0 0.65 0.793627 0.143627 0.770332 0.77 
199 0 0.65 0.790406 0.140406 0.770332 0.77 
200 0 0.65 0.787289 0.137289 0.770332 0.77 
201 0 0.65 0.7844 0.1344 0.770332 0.77 
202 0 0.65 0.781807 0.131807 0.770332 0.77 
203 0 0.65 0.779534 0.129534 0.770332 0.77 
204 0 0.65 0.777581 0.127581 0.770332 0.77 
205 0 0.65 0.775929 0.125929 0.770332 0.77 
206 0 0.65 0.77455 0.12455 0.770332 0.77 
207 0 0.65 0.773411 0.123411 0.770332 0.77 
208 0 0.65 0.772481 0.122481 0.770332 0.77 
209 0 0.65 0.771727 0.121727 0.770332 0.77 
210 0 0.65 0.77112 0.12112 0.770332 0.77 
211 0 0.65 0.770636 0.120636 0.770332 0.77 
212 0 0.65 0.770253 0.120253 0.770332 0.77 
213 0 0.65 0.769954 0.119954 0.770332 0.77 
214 0 0.65 0.769726 0.119726 0.770332 0.77 
215 0 0.65 0.769558 0.119558 0.770332 0.77 
216 0 0.65 0.769443 0.119443 0.770332 0.77 
217 0 0.65 0.769375 0.119375 0.770332 0.77 
218 0 0.65 0.769352 0.119352 0.770332 0.77 
219 0 0.65 0.769369 0.119369 0.770332 0.77 
220 0 0.65 0.769426 0.119426 0.770332 0.77 
221 0 0.65 0.769522 0.119522 0.770332 0.77 
222 0 0.65 0.769654 0.119654 0.770332 0.77 
223 0 0.65 0.769822 0.119822 0.770332 0.77 
224 0 0.65 0.770025 0.120025 0.770332 0.77 
225 0 0.65 0.770262 0.120262 0.770332 0.77 
226 0 0.65 0.770529 0.120529 0.770332 0.77 
227 0 0.65 0.770826 0.120826 0.770332 0.77 
228 0 0.65 0.771149 0.121149 0.770332 0.77 
229 0 0.65 0.771496 0.121496 0.770332 0.77 
230 0 0.65 0.771864 0.121864 0.770332 0.77 
231 0 0.65 0.772249 0.122249 0.770332 0.77 
232 0 0.65 0.772648 0.122648 0.770332 0.77 
233 0 0.65 0.773057 0.123057 0.770332 0.77 
234 0 0.65 0.773472 0.123472 0.770332 0.77 
235 0 0.65 0.77389 0.12389 0.770332 0.77 
236 0 0.65 0.774306 0.124306 0.770332 0.77 
237 0 0.65 0.774716 0.124716 0.770332 0.77 
238 0 0.65 0.775118 0.125118 0.770332 0.77 
239 0 0.65 0.775508 0.125508 0.770332 0.77 
240 0 0.65 0.775882 0.125882 0.770332 0.77 
241 0 0.65 0.776238 0.126238 0.770332 0.77 
242 0 0.65 0.776572 0.126572 0.770332 0.77 
243 0 0.65 0.776883 0.126883 0.770332 0.77 
244 0 0.65 0.777168 0.127168 0.770332 0.77 
245 0 0.65 0.777426 0.127426 0.770332 0.77 
246 0 0.65 0.777654 0.127654 0.770332 0.77 
247 0 0.65 0.777853 0.127853 0.770332 0.77 
248 0 0.65 0.778022 0.128022 0.770332 0.77 
249 0 0.65 0.77816 0.12816 0.770332 0.77 
250 0 0.65 0.778267 0.128267 0.770332 0.77 
251 0 0.65 0.778344 0.128344 0.770332 0.77 
252 0 0.65 0.778391 0.128391 0.770332 0.77 
253 0 0.65 0.77841 0.12841 0.770332 0.77 
254 0 0.65 0.778401 0.128401 0.770332 0.77 
255 0 0.65 0.778367 0.128367 0.770332 0.77 
256 0 0.65 0.778308 0.128308 0.770332 0.77 
257 0 0.65 0.778226 0.128226 0.770332 0.77 
258 0 0.65 0.778124 0.128124 0.770332 0.77 
259 0 0.65 0.778003 0.128003 0.770332 0.77 
260 0 0.65 0.777866 0.127866 0.770332 0.77 
261 0 0.65 0.777714 0.127714 0.770332 0.77 
262 0 0.65 0.777549 0.127549 0.770332 0.77 
263 0 0.65 0.777375 0.127375 0.770332 0.77 
264 0 0.65 0.777192 0.127192 0.770332 0.77 
265 0 0.65 0.777003 0.127003 0.770332 0.77 
266 0 0.65 0.77681 0.12681 0.770332 0.77 
267 0 0.65 0.776615 0.126615 0.770332 0.77 
268 0 0.65 0.77642 0.12642 0.770332 0.77 
269 0 0.65 0.776226 0.126226 0.770332 0.77 
270 0 0.65 0.776035 0.126035 0.770332 0.77 
271 0 0.65 0.775849 0.125849 0.770332 0.77 
272 0 0.65 0.775669 0.125669 0.770332 0.77 
273 0 0.65 0.775496 0.125496 0.770332 0.77 
274 0 0.65 0.775332 0.125332 0.770332 0.77 
275 0 0.65 0.775178 0.125178 0.770332 0.77 
276 0 0.65 0.775033 0.125033 0.770332 0.77 
277 0 0.65 0.7749 0.1249 0.770332 0.77 
278 0 0.65 0.774779 0.124779 0.770332 0.77 
279 0 0.65 0.774671 0.124671 0.770332 0.77 
280 0 0.65 0.774575 0.124575 0.770332 0.77 
281 0 0.65 0.774492 0.124492 0.770332 0.77 
282 0 0.65 0.774422 0.124422 0.770332 0.77 
283 0 0.65 0.774366 0.124366 0.770332 0.77 
284 0 0.65 0.774322 0.124322 0.770332 0.77 
285 0 0.65 0.774292 0.124292 0.770332 0.77 
286 0 0.65 0.774274 0.124274 0.770332 0.77 
287 0 0.65 0.774268 0.124268 0.770332 0.77 
288 0 0.65 0.774274 0.124274 0.770332 0.77 
289 0 0.65 0.774291 0.124291 0.770332 0.77 
290 0 0.65 0.774319 0.124319 0.770332 0.77 
291 0 0.65 0.774357 0.124357 0.770332 0.77 
292 0 0.65 0.774404 0.124404 0.770332 0.77 
293 0 0.65 0.774459 0.124459 0.770332 0.77 
294 0 0.65 0.774522 0.124522 0.770332 0.77 
295 0 0.65 0.774592 0.124592 0.770332 0.77 
296 0 0.65 0.774667 0.124667 0.770332 0.77 
297 0 0.65 0.774747 0.124747 0.770332 0.77 
298 0 0.65 0.774831 0.124831 0.770332 0.77 
299 0 0.65 0.774918 0.124918 0.770332 0.77 
300 0 0.65 0.775007 0.125007 0.770332 0.77 
