 -0.347656 -0.223958 -0.47168 -0.242188 0.0181032 -0.477531 0.918826
  -0.347656 -0.223958 -0.472656 -0.242188 0.0182813 -0.477252 0.918456
  -0.347656 -0.221354 -0.472656 -0.240885 0.018435 -0.477026 0.918146
  -0.347656 -0.221354 -0.472656 -0.239583 0.0185806 -0.476824 0.91786
  -0.347656 -0.221354 -0.472656 -0.239583 0.0186929 -0.476678 0.917645
  -0.347656 -0.221354 -0.472656 -0.239583 0.0187894 -0.476558 0.917465
  -0.347656 -0.221354 -0.472656 -0.239583 0.0188724 -0.476461 0.917314
  -0.347656 -0.220052 -0.472656 -0.239583 0.0189364 -0.476386 0.9172
  -0.347656 -0.21875 -0.472656 -0.236979 0.0189367 -0.476685 0.917051
  -0.347656 -0.21875 -0.472656 -0.236979 0.0187976 -0.479704 0.91581
  -0.349609 -0.21875 -0.473633 -0.239583 0.0182898 -0.488772 0.912129
  -0.354492 -0.21875 -0.478516 -0.236979 0.0171778 -0.503832 0.90626
  -0.362305 -0.217448 -0.483398 -0.236979 0.0152848 -0.520005 0.900361
  -0.370117 -0.220052 -0.489258 -0.238281 0.0125816 -0.532798 0.896126
  -0.375 -0.221354 -0.491211 -0.240885 0.00905959 -0.540462 0.894003
  -0.376953 -0.222656 -0.491211 -0.242188 0.00474096 -0.542726 0.893882
  -0.375 -0.223958 -0.489258 -0.242188 -0.000277883 -0.539953 0.895459
  -0.369141 -0.22526 -0.484375 -0.244792 -0.00588731 -0.532757 0.898337
  -0.360352 -0.226562 -0.474609 -0.246094 -0.0119585 -0.521729 0.902144
  -0.348633 -0.229167 -0.462891 -0.248698 -0.0183869 -0.507471 0.906533
  -0.335938 -0.230469 -0.452148 -0.248698 -0.0250731 -0.490579 0.911201
  -0.320312 -0.230469 -0.438477 -0.248698 -0.0315849 -0.471945 0.915905
  -0.302734 -0.227865 -0.422852 -0.246094 -0.0370224 -0.453312 0.920317
  -0.286133 -0.227865 -0.407227 -0.244792 -0.0408136 -0.436146 0.924202
  -0.272461 -0.226562 -0.394531 -0.24349 -0.0430144 -0.421982 0.927373
  -0.260742 -0.226562 -0.382812 -0.240885 -0.0439489 -0.412433 0.929579
  -0.251953 -0.223958 -0.375977 -0.240885 -0.0439027 -0.408094 0.930651
  -0.248047 -0.223958 -0.374023 -0.240885 -0.0431438 -0.408836 0.930473
  -0.249023 -0.223958 -0.374023 -0.238281 -0.041821 -0.414271 0.929059
  -0.255859 -0.223958 -0.379883 -0.240885 -0.0400297 -0.423941 0.926461
  -0.264648 -0.223958 -0.388672 -0.239583 -0.0378413 -0.437423 0.922753
  -0.275391 -0.223958 -0.398438 -0.240885 -0.0352787 -0.454364 0.918051
  -0.289062 -0.22526 -0.410156 -0.242188 -0.0323646 -0.474491 0.912426
  -0.304688 -0.226562 -0.422852 -0.24349 -0.0291083 -0.497565 0.906014
  -0.322266 -0.227865 -0.438477 -0.246094 -0.0255117 -0.523312 0.899003
  -0.34082 -0.229167 -0.455078 -0.247396 -0.0215734 -0.551411 0.891619
  -0.359375 -0.231771 -0.470703 -0.25 -0.0172251 -0.58097 0.884356
  -0.37793 -0.234375 -0.487305 -0.252604 -0.0122764 -0.609827 0.878106
  -0.397461 -0.235677 -0.50293 -0.25651 -0.00667849 -0.636029 0.873441
  -0.415039 -0.239583 -0.518555 -0.259115 -0.000840833 -0.657625 0.870671
  -0.428711 -0.24349 -0.53125 -0.264323 0.00469788 -0.672725 0.869973
  -0.44043 -0.246094 -0.541016 -0.266927 0.00963944 -0.680791 0.871132
  -0.446289 -0.251302 -0.546875 -0.272135 0.0138567 -0.682263 0.873727
  -0.452148 -0.251302 -0.551758 -0.272135 0.0173319 -0.677884 0.877371
  -0.452148 -0.253906 -0.553711 -0.27474 0.0200723 -0.668487 0.881722
  -0.451172 -0.253906 -0.553711 -0.276042 0.0221033 -0.654867 0.886498
  -0.446289 -0.252604 -0.550781 -0.27474 0.023459 -0.637674 0.891502
  -0.439453 -0.252604 -0.545898 -0.272135 0.0241459 -0.617494 0.896563
  -0.430664 -0.25 -0.539062 -0.270833 0.0242189 -0.594815 0.901566
  -0.418945 -0.247396 -0.530273 -0.268229 0.0237328 -0.570163 0.906431
  -0.40625 -0.24349 -0.520508 -0.263021 0.0227743 -0.544104 0.911067
  -0.390625 -0.238281 -0.507812 -0.259115 0.0218067 -0.517665 0.915448
  -0.375 -0.234375 -0.494141 -0.253906 0.0218071 -0.493097 0.919502
  -0.359375 -0.227865 -0.483398 -0.247396 0.0234802 -0.472185 0.923039
  -0.348633 -0.222656 -0.475586 -0.242188 0.0266801 -0.456103 0.92597
  -0.34082 -0.220052 -0.469727 -0.238281 0.0309439 -0.445727 0.928211
  -0.338867 -0.216146 -0.46875 -0.233073 0.0360029 -0.441065 0.929573
  -0.338867 -0.214844 -0.470703 -0.233073 0.0415965 -0.441657 0.929839
  -0.344727 -0.21224 -0.476562 -0.230469 0.0476388 -0.446902 0.928935
  -0.355469 -0.214844 -0.488281 -0.233073 0.0540865 -0.456209 0.926849
  -0.366211 -0.214844 -0.498047 -0.233073 0.0609039 -0.469093 0.923627
  -0.379883 -0.214844 -0.510742 -0.233073 0.0681341 -0.48516 0.919397
  -0.397461 -0.213542 -0.526367 -0.234375 0.0757933 -0.504142 0.914242
  -0.415039 -0.213542 -0.541016 -0.234375 0.0839143 -0.525822 0.908319
  -0.433594 -0.214844 -0.557617 -0.235677 0.0925284 -0.549979 0.901823
  -0.454102 -0.214844 -0.575195 -0.236979 0.101645 -0.576381 0.894975
  -0.475586 -0.217448 -0.591797 -0.239583 0.111278 -0.604291 0.888236
  -0.496094 -0.220052 -0.609375 -0.24349 0.121425 -0.631897 0.882393
  -0.516602 -0.222656 -0.625977 -0.246094 0.131956 -0.657504 0.877955
  -0.53418 -0.226562 -0.641602 -0.25 0.142239 -0.679097 0.875282
  -0.551758 -0.230469 -0.65625 -0.255208 0.151487 -0.694538 0.874609
  -0.56543 -0.233073 -0.667969 -0.257812 0.159339 -0.703116 0.87572
  -0.575195 -0.238281 -0.677734 -0.263021 0.165724 -0.705182 0.878179
  -0.581055 -0.240885 -0.683594 -0.265625 0.170715 -0.701424 0.881598
  -0.583984 -0.240885 -0.6875 -0.265625 0.17442 -0.692674 0.885641
  -0.585938 -0.240885 -0.689453 -0.266927 0.176955 -0.679735 0.890035
  -0.583984 -0.240885 -0.689453 -0.265625 0.178435 -0.663276 0.89458
  -0.580078 -0.238281 -0.688477 -0.263021 0.178925 -0.643932 0.899094
  -0.573242 -0.234375 -0.683594 -0.259115 0.178556 -0.62223 0.903432
  -0.56543 -0.230469 -0.678711 -0.25651 0.17744 -0.598788 0.907497
  -0.554688 -0.22526 -0.671875 -0.25 0.175761 -0.574257 0.911196
  -0.542969 -0.220052 -0.664062 -0.24349 0.174118 -0.549708 0.91457
  -0.530273 -0.21224 -0.655273 -0.236979 0.173682 -0.527614 0.917745
  -0.520508 -0.205729 -0.648438 -0.230469 0.175441 -0.50975 0.920625
  -0.513672 -0.200521 -0.645508 -0.223958 0.179229 -0.496806 0.923163
  -0.510742 -0.196615 -0.645508 -0.220052 0.184427 -0.488985 0.92535
  -0.511719 -0.19401 -0.648438 -0.217448 0.19074 -0.485918 0.927032
  -0.516602 -0.192708 -0.654297 -0.216146 0.197876 -0.487197 0.927986
  -0.526367 -0.19401 -0.664062 -0.21875 0.205747 -0.492341 0.928091
  -0.537109 -0.195312 -0.673828 -0.221354 0.214299 -0.500918 0.92728
  -0.550781 -0.195312 -0.685547 -0.221354 0.223476 -0.512606 0.925545
  -0.566406 -0.196615 -0.699219 -0.223958 0.233309 -0.527083 0.922964
  -0.582031 -0.197917 -0.711914 -0.22526 0.243804 -0.544174 0.919591
  -0.599609 -0.200521 -0.726562 -0.227865 0.254976 -0.563695 0.915565
  -0.617188 -0.204427 -0.740234 -0.231771 0.266799 -0.585386 0.911122
  -0.635742 -0.207031 -0.754883 -0.234375 0.279191 -0.608954 0.906544
  -0.655273 -0.210938 -0.770508 -0.238281 0.29184 -0.633538 0.90246
  -0.674805 -0.216146 -0.785156 -0.24349 0.303954 -0.657042 0.900018
  -0.692383 -0.221354 -0.799805 -0.251302 0.314888 -0.677626 0.899867
  -0.707031 -0.230469 -0.811523 -0.259115 0.324011 -0.693686 0.901877
  -0.720703 -0.238281 -0.821289 -0.266927 0.330746 -0.703779 0.905593
  -0.728516 -0.24349 -0.829102 -0.272135 0.335022 -0.707628 0.91048
  -0.734375 -0.251302 -0.834961 -0.278646 0.337053 -0.705769 0.91606
  -0.738281 -0.25651 -0.838867 -0.282552 0.337133 -0.698925 0.922006
  -0.737305 -0.261719 -0.838867 -0.28776 0.335538 -0.687883 0.928074
  -0.734375 -0.265625 -0.837891 -0.291667 0.332516 -0.673382 0.93407
  -0.729492 -0.265625 -0.835938 -0.292969 0.32827 -0.656003 0.939864
  -0.722656 -0.265625 -0.831055 -0.292969 0.322926 -0.636325 0.945315
  -0.712891 -0.264323 -0.825195 -0.291667 0.316666 -0.61478 0.95032
  -0.702148 -0.261719 -0.817383 -0.289062 0.30956 -0.591842 0.954807
  -0.688477 -0.259115 -0.808594 -0.286458 0.301723 -0.567955 0.95871
  -0.673828 -0.255208 -0.797852 -0.282552 0.293174 -0.543522 0.962089
  -0.657227 -0.248698 -0.785156 -0.276042 0.283536 -0.519441 0.965213
  -0.636719 -0.24349 -0.771484 -0.270833 0.272895 -0.496418 0.968337
  -0.615234 -0.239583 -0.753906 -0.265625 0.262426 -0.476014 0.97166
  -0.595703 -0.235677 -0.738281 -0.261719 0.253703 -0.460335 0.975187
  -0.578125 -0.234375 -0.724609 -0.259115 0.247486 -0.450188 0.978655
  -0.566406 -0.235677 -0.714844 -0.260417 0.243769 -0.445578 0.981641
  -0.558594 -0.238281 -0.709961 -0.263021 0.242372 -0.446068 0.983876
  -0.558594 -0.240885 -0.708008 -0.265625 0.243038 -0.451076 0.985199
  -0.560547 -0.25 -0.709961 -0.273438 0.245518 -0.460083 0.985555
  -0.569336 -0.252604 -0.716797 -0.277344 0.249647 -0.472608 0.985035
  -0.581055 -0.25651 -0.724609 -0.282552 0.255276 -0.488303 0.983709
  -0.59375 -0.261719 -0.735352 -0.28776 0.26227 -0.506863 0.981743
  -0.609375 -0.265625 -0.746094 -0.291667 0.270452 -0.527923 0.979359
  -0.625977 -0.272135 -0.758789 -0.296875 0.279596 -0.551095 0.976795
  -0.644531 -0.277344 -0.771484 -0.303385 0.28905 -0.575438 0.974422
  -0.663086 -0.282552 -0.785156 -0.308594 0.297349 -0.598746 0.972771
  -0.678711 -0.28776 -0.796875 -0.315104 0.303417 -0.61912 0.972072
  -0.689453 -0.295573 -0.803711 -0.320312 0.306732 -0.634997 0.972319
  -0.697266 -0.302083 -0.80957 -0.328125 0.307052 -0.645004 0.973444
  -0.700195 -0.30599 -0.811523 -0.332031 0.304547 -0.64887 0.975225
  -0.699219 -0.311198 -0.810547 -0.335938 0.2996 -0.647118 0.977377
  -0.695312 -0.313802 -0.805664 -0.338542 0.292621 -0.640444 0.979708
  -0.685547 -0.316406 -0.797852 -0.341146 0.283981 -0.629594 0.982059
  -0.674805 -0.316406 -0.789062 -0.339844 0.274 -0.615258 0.984306
  -0.661133 -0.313802 -0.77832 -0.338542 0.262924 -0.597971 0.986383
  -0.643555 -0.3125 -0.763672 -0.335938 0.250922 -0.578256 0.988204
  -0.625 -0.309896 -0.749023 -0.333333 0.238181 -0.556509 0.989729
  -0.603516 -0.304688 -0.731445 -0.329427 0.224832 -0.533176 0.990926
  -0.580078 -0.298177 -0.711914 -0.321615 0.211037 -0.508708 0.99176
  -0.553711 -0.292969 -0.689453 -0.315104 0.196982 -0.483708 0.992317
  -0.526367 -0.286458 -0.666016 -0.308594 0.182793 -0.459605 0.992778
  -0.496094 -0.278646 -0.640625 -0.300781 0.168717 -0.437512 0.993341
  -0.467773 -0.272135 -0.616211 -0.294271 0.155762 -0.418818 0.994003
  -0.441406 -0.268229 -0.591797 -0.290365 0.145102 -0.405219 0.994541
  -0.419922 -0.265625 -0.572266 -0.286458 0.137022 -0.39729 0.994745
  -0.40625 -0.265625 -0.560547 -0.285156 0.131251 -0.394897 0.994325
  -0.398438 -0.266927 -0.550781 -0.283854 0.127487 -0.39763 0.993132
  -0.395508 -0.266927 -0.546875 -0.285156 0.125447 -0.404983 0.991127
  -0.398438 -0.269531 -0.547852 -0.286458 0.1249 -0.416481 0.988354
  -0.40625 -0.27474 -0.552734 -0.292969 0.125694 -0.431714 0.984958
  -0.416992 -0.273438 -0.560547 -0.291667 0.127702 -0.450356 0.981037
  -0.430664 -0.27474 -0.571289 -0.294271 0.13081 -0.472112 0.976752
  -0.447266 -0.278646 -0.583008 -0.298177 0.13489 -0.496648 0.972297
  -0.464844 -0.28125 -0.597656 -0.300781 0.13979 -0.523583 0.967871
  -0.483398 -0.285156 -0.612305 -0.304688 0.145041 -0.551994 0.96381
  -0.50293 -0.289062 -0.625977 -0.311198 0.149632 -0.579728 0.960604
  -0.519531 -0.295573 -0.638672 -0.317708 0.152803 -0.604898 0.958476
  -0.533203 -0.302083 -0.648438 -0.325521 0.154138 -0.62562 0.957507
  -0.542969 -0.307292 -0.655273 -0.330729 0.153431 -0.640038 0.957716
  -0.548828 -0.3125 -0.65918 -0.334635 0.150759 -0.64763 0.958864
  -0.548828 -0.317708 -0.65918 -0.339844 0.146337 -0.648841 0.9606
  -0.544922 -0.317708 -0.655273 -0.339844 0.140433 -0.644388 0.962659
  -0.538086 -0.322917 -0.649414 -0.34375 0.133314 -0.635085 0.96484
  -0.52832 -0.321615 -0.639648 -0.34375 0.125214 -0.621701 0.966992
  -0.515625 -0.320312 -0.628906 -0.342448 0.116321 -0.604843 0.96904
  -0.5 -0.317708 -0.616211 -0.339844 0.106771 -0.585071 0.970908
  -0.483398 -0.315104 -0.601562 -0.335938 0.0966974 -0.562833 0.972565
  -0.463867 -0.311198 -0.583984 -0.332031 0.0862351 -0.538617 0.973967
  -0.44043 -0.307292 -0.564453 -0.326823 0.0755265 -0.512917 0.975087
  -0.416992 -0.302083 -0.543945 -0.320312 0.0647839 -0.486584 0.976023
  -0.391602 -0.295573 -0.521484 -0.315104 0.0542732 -0.461677 0.976858
  -0.366211 -0.290365 -0.498047 -0.308594 0.0441405 -0.439829 0.977704
  -0.342773 -0.285156 -0.476562 -0.302083 0.0348882 -0.422347 0.97849
  -0.322266 -0.282552 -0.457031 -0.298177 0.0270397 -0.410487 0.978928
  -0.306641 -0.279948 -0.442383 -0.295573 0.0205828 -0.404561 0.97883
  -0.296875 -0.279948 -0.432617 -0.295573 0.0152526 -0.404273 0.978043
  -0.292969 -0.279948 -0.426758 -0.295573 0.0108144 -0.409172 0.976567
  -0.291992 -0.279948 -0.424805 -0.295573 0.00711211 -0.418758 0.974475
  -0.295898 -0.283854 -0.427734 -0.299479 0.00404001 -0.432558 0.971863
  -0.303711 -0.283854 -0.432617 -0.299479 0.00152054 -0.450176 0.96886
  -0.313477 -0.289062 -0.44043 -0.30599 -0.000498319 -0.471279 0.965542
  -0.326172 -0.292969 -0.450195 -0.309896 -0.00207063 -0.495553 0.962028
  -0.339844 -0.295573 -0.460938 -0.313802 -0.00323911 -0.522624 0.958488
  -0.355469 -0.300781 -0.472656 -0.31901 -0.00403877 -0.552053 0.955128
  -0.37207 -0.307292 -0.485352 -0.328125 -0.00455246 -0.582794 0.952433
  -0.387695 -0.315104 -0.499023 -0.335938 -0.00488209 -0.612451 0.951279
  -0.402344 -0.322917 -0.510742 -0.34375 -0.00511741 -0.638942 0.952107
  -0.416016 -0.329427 -0.521484 -0.351562 -0.00547136 -0.660301 0.9547
  -0.425781 -0.339844 -0.529297 -0.360677 -0.00614318 -0.674712 0.958561
  -0.431641 -0.348958 -0.53418 -0.369792 -0.00721346 -0.681787 0.963148
  -0.433594 -0.354167 -0.535156 -0.375 -0.0087012 -0.682118 0.967986
  -0.433594 -0.359375 -0.535156 -0.380208 -0.010575 -0.676555 0.972777
  -0.428711 -0.361979 -0.53125 -0.382812 -0.0127932 -0.666012 0.977321
  -0.422852 -0.367188 -0.526367 -0.386719 -0.0153256 -0.65133 0.981485
  -0.413086 -0.367188 -0.519531 -0.386719 -0.0181451 -0.633167 0.985227
  -0.402344 -0.367188 -0.509766 -0.386719 -0.0212565 -0.612105 0.988493
  -0.388672 -0.364583 -0.499023 -0.384115 -0.0246398 -0.588611 0.991287
  -0.374023 -0.363281 -0.485352 -0.38151 -0.0282699 -0.563179 0.993597
  -0.357422 -0.359375 -0.470703 -0.378906 -0.0320925 -0.536306 0.995425
  -0.338867 -0.354167 -0.454102 -0.373698 -0.035689 -0.508786 0.996893
  -0.319336 -0.348958 -0.436523 -0.367188 -0.0382146 -0.482425 0.998108
  -0.302734 -0.345052 -0.420898 -0.361979 -0.0391941 -0.458619 0.999261
  -0.285156 -0.338542 -0.407227 -0.355469 -0.0388013 -0.43889 1.00052
  -0.272461 -0.333333 -0.395508 -0.351562 -0.0375307 -0.42496 1.00194
  -0.263672 -0.332031 -0.388672 -0.348958 -0.0358065 -0.417344 1.00354
  -0.259766 -0.332031 -0.386719 -0.348958 -0.0339417 -0.415759 1.00509
  -0.259766 -0.333333 -0.386719 -0.35026 -0.0320618 -0.419695 1.00647
  -0.264648 -0.333333 -0.392578 -0.351562 -0.0301639 -0.428572 1.00761
  -0.272461 -0.341146 -0.398438 -0.358073 -0.0281937 -0.441857 1.00849
  -0.28418 -0.346354 -0.40918 -0.364583 -0.0260733 -0.459126 1.00918
  -0.297852 -0.351562 -0.420898 -0.371094 -0.0237413 -0.480026 1.00974
  -0.3125 -0.358073 -0.433594 -0.377604 -0.0211731 -0.504226 1.01026
  -0.330078 -0.365885 -0.449219 -0.385417 -0.0183533 -0.531334 1.01087
  -0.348633 -0.373698 -0.46582 -0.393229 -0.0152726 -0.560894 1.01175
  -0.368164 -0.382812 -0.482422 -0.402344 -0.0118449 -0.591838 1.01315
  -0.386719 -0.391927 -0.498047 -0.411458 -0.00778929 -0.621779 1.01541
  -0.405273 -0.39974 -0.514648 -0.420573 -0.00298633 -0.648665 1.01854
  -0.422852 -0.408854 -0.530273 -0.429688 0.00219063 -0.67052 1.02227
  -0.436523 -0.416667 -0.542969 -0.4375 0.00725563 -0.685467 1.02618
  -0.448242 -0.423177 -0.552734 -0.442708 0.0119638 -0.693051 1.02988
  -0.454102 -0.429688 -0.558594 -0.450521 0.0162287 -0.693811 1.03308
  -0.458984 -0.432292 -0.563477 -0.451823 0.0200511 -0.688548 1.03565
  -0.459961 -0.433594 -0.56543 -0.453125 0.023437 -0.678128 1.0375
  -0.458984 -0.433594 -0.56543 -0.453125 0.0263876 -0.663354 1.03864
  -0.454102 -0.43099 -0.563477 -0.450521 0.0289012 -0.644861 1.0391
  -0.447266 -0.427083 -0.55957 -0.446615 0.0309475 -0.623224 1.03887
  -0.438477 -0.421875 -0.551758 -0.441406 0.0325371 -0.598924 1.03802
  -0.427734 -0.415365 -0.543945 -0.434896 0.0336942 -0.572502 1.0366
  -0.416016 -0.407552 -0.535156 -0.425781 0.0344822 -0.544552 1.03471
  -0.401367 -0.398438 -0.523438 -0.417969 0.035336 -0.516127 1.03262
  -0.386719 -0.388021 -0.510742 -0.40625 0.0372119 -0.489615 1.03083
  -0.37207 -0.378906 -0.5 -0.397135 0.0407391 -0.466873 1.02971
  -0.361328 -0.369792 -0.492188 -0.389323 0.0456634 -0.449127 1.02945
  -0.353516 -0.363281 -0.489258 -0.38151 0.0514178 -0.437403 1.03006
  -0.351562 -0.358073 -0.488281 -0.377604 0.0576603 -0.431826 1.03133
  -0.352539 -0.358073 -0.490234 -0.376302 0.0641458 -0.431989 1.03282
  -0.358398 -0.358073 -0.498047 -0.376302 0.0708095 -0.437311 1.03429
  -0.369141 -0.363281 -0.509766 -0.382812 0.0776635 -0.447183 1.03552
  -0.382812 -0.36849 -0.522461 -0.386719 0.0847368 -0.461076 1.03641
  -0.398438 -0.371094 -0.536133 -0.390625 0.0920986 -0.478545 1.03699
  -0.416016 -0.377604 -0.551758 -0.397135 0.0998011 -0.499248 1.0373
  -0.435547 -0.382812 -0.568359 -0.403646 0.107879 -0.522881 1.03747
  -0.457031 -0.389323 -0.585938 -0.408854 0.116355 -0.549127 1.03771
  -0.479492 -0.394531 -0.604492 -0.415365 0.125229 -0.577646 1.03825
  -0.500977 -0.402344 -0.623047 -0.423177 0.134499 -0.607558 1.03939
  -0.522461 -0.411458 -0.640625 -0.43099 0.144167 -0.63686 1.04144
  -0.543945 -0.419271 -0.658203 -0.438802 0.154121 -0.66377 1.04442
  -0.563477 -0.428385 -0.674805 -0.447917 0.163732 -0.686258 1.04803
  -0.580078 -0.436198 -0.689453 -0.457031 0.172246 -0.702205 1.05183
  -0.594727 -0.442708 -0.701172 -0.463542 0.179376 -0.710977 1.05537
  -0.604492 -0.446615 -0.710938 -0.467448 0.185134 -0.712997 1.05834
  -0.610352 -0.451823 -0.714844 -0.472656 0.189651 -0.708995 1.06059
  -0.614258 -0.450521 -0.719727 -0.471354 0.193069 -0.699811 1.06206
  -0.615234 -0.451823 -0.72168 -0.472656 0.195516 -0.686238 1.06277
  -0.613281 -0.449219 -0.72168 -0.470052 0.197091 -0.66893 1.06273
  -0.609375 -0.446615 -0.720703 -0.467448 0.197858 -0.648509 1.06195
  -0.603516 -0.438802 -0.716797 -0.460938 0.197912 -0.625497 1.06049
  -0.594727 -0.432292 -0.712891 -0.453125 0.197349 -0.60051 1.05842
  -0.583984 -0.423177 -0.706055 -0.44401 0.196331 -0.574213 1.05586
  -0.573242 -0.41276 -0.698242 -0.434896 0.195381 -0.54771 1.05321
  -0.561523 -0.403646 -0.691406 -0.424479 0.195613 -0.523556 1.05125
  -0.550781 -0.394531 -0.68457 -0.414062 0.197945 -0.50365 1.05044
  -0.544922 -0.385417 -0.682617 -0.40625 0.202166 -0.488798 1.05084
  -0.541992 -0.380208 -0.682617 -0.401042 0.207633 -0.479314 1.05231
  -0.543945 -0.378906 -0.685547 -0.39974 0.214049 -0.474932 1.05455
  -0.549805 -0.378906 -0.693359 -0.401042 0.221194 -0.475298 1.0571
  -0.557617 -0.382812 -0.702148 -0.403646 0.229008 -0.479949 1.05964
  -0.568359 -0.390625 -0.712891 -0.41276 0.237471 -0.488434 1.06197
  -0.583984 -0.394531 -0.726562 -0.415365 0.246556 -0.500381 1.06399
  -0.600586 -0.39974 -0.740234 -0.420573 0.25628 -0.515429 1.06573
  -0.617188 -0.403646 -0.753906 -0.425781 0.266653 -0.533347 1.06726
  -0.635742 -0.410156 -0.768555 -0.432292 0.277665 -0.553898 1.06873
  -0.654297 -0.417969 -0.785156 -0.440104 0.289268 -0.576781 1.07039
  -0.672852 -0.425781 -0.798828 -0.447917 0.301368 -0.60166 1.07247
  -0.693359 -0.433594 -0.81543 -0.455729 0.313628 -0.62762 1.07537
  -0.71582 -0.44401 -0.831055 -0.464844 0.32528 -0.652529 1.07958
  -0.733398 -0.454427 -0.844727 -0.47526 0.335714 -0.674566 1.08523
  -0.749023 -0.467448 -0.855469 -0.485677 0.344297 -0.692073 1.09169
  -0.760742 -0.477865 -0.865234 -0.496094 0.350469 -0.703499 1.09806
  -0.768555 -0.486979 -0.871094 -0.50651 0.354231 -0.708519 1.10378
  -0.774414 -0.494792 -0.876953 -0.513021 0.355876 -0.707639 1.10857
  -0.777344 -0.498698 -0.878906 -0.516927 0.355736 -0.70156 1.11236
  -0.776367 -0.503906 -0.878906 -0.523438 0.354115 -0.691063 1.11518
  -0.773438 -0.50651 -0.87793 -0.523438 0.351266 -0.676878 1.11706
  -0.769531 -0.50651 -0.875977 -0.52474 0.347368 -0.659585 1.11807
  -0.762695 -0.505208 -0.87207 -0.523438 0.342557 -0.639767 1.1182
  -0.754883 -0.502604 -0.867188 -0.520833 0.336979 -0.617871 1.11748
  -0.744141 -0.498698 -0.861328 -0.515625 0.330705 -0.594393 1.1159
  -0.732422 -0.49349 -0.854492 -0.510417 0.323834 -0.569803 1.11348
  -0.717773 -0.485677 -0.84375 -0.503906 0.316311 -0.54453 1.11038
  -0.703125 -0.473958 -0.833984 -0.49349 0.307687 -0.519477 1.10695
  -0.683594 -0.464844 -0.820312 -0.484375 0.29795 -0.495363 1.10369
  -0.663086 -0.454427 -0.805664 -0.473958 0.288173 -0.473783 1.10131
  -0.645508 -0.447917 -0.790039 -0.467448 0.279869 -0.456924 1.10048
  -0.625 -0.442708 -0.775391 -0.46224 0.273791 -0.445692 1.10123
  -0.613281 -0.442708 -0.766602 -0.46224 0.270033 -0.440217 1.10311
  -0.606445 -0.445312 -0.761719 -0.463542 0.26846 -0.440162 1.10566
  -0.604492 -0.447917 -0.760742 -0.466146 0.268852 -0.444977 1.1085
  -0.606445 -0.457031 -0.761719 -0.476562 0.270985 -0.45413 1.1114
  -0.615234 -0.466146 -0.767578 -0.484375 0.27467 -0.467092 1.1143
  -0.625977 -0.472656 -0.774414 -0.490885 0.279755 -0.48345 1.11719
  -0.639648 -0.480469 -0.78418 -0.498698 0.286072 -0.502813 1.12014
  -0.654297 -0.489583 -0.793945 -0.507812 0.293397 -0.524718 1.12329
  -0.670898 -0.498698 -0.805664 -0.515625 0.301467 -0.548667 1.12676
  -0.6875 -0.507812 -0.817383 -0.52474 0.309586 -0.573636 1.13062
  -0.704102 -0.516927 -0.828125 -0.533854 0.316295 -0.597352 1.13467
  -0.71582 -0.52474 -0.836914 -0.541667 0.320602 -0.617924 1.13854
  -0.726562 -0.532552 -0.842773 -0.548177 0.322135 -0.633828 1.14181
  -0.730469 -0.539062 -0.844727 -0.55599 0.320829 -0.643747 1.14414
  -0.732422 -0.542969 -0.844727 -0.558594 0.316999 -0.647484 1.14537
  -0.729492 -0.545573 -0.842773 -0.561198 0.311108 -0.645607 1.14546
  -0.722656 -0.545573 -0.834961 -0.561198 0.303591 -0.638825 1.14452
  -0.712891 -0.542969 -0.828125 -0.559896 0.294816 -0.62788 1.14266
  -0.701172 -0.540365 -0.818359 -0.55599 0.285083 -0.613444 1.13997
  -0.6875 -0.535156 -0.806641 -0.552083 0.274605 -0.596035 1.13654
  -0.670898 -0.528646 -0.792969 -0.546875 0.263538 -0.57616 1.13236
  -0.651367 -0.520833 -0.779297 -0.539062 0.252023 -0.554213 1.12747
  -0.630859 -0.511719 -0.761719 -0.528646 0.240164 -0.53066 1.12188
  -0.607422 -0.498698 -0.742188 -0.516927 0.228088 -0.505967 1.11564
  -0.581055 -0.485677 -0.72168 -0.503906 0.215873 -0.48074 1.10898
  -0.553711 -0.471354 -0.699219 -0.489583 0.203503 -0.456411 1.10246
  -0.526367 -0.457031 -0.676758 -0.476562 0.191108 -0.434121 1.09673
  -0.498047 -0.44401 -0.652344 -0.463542 0.17961 -0.415342 1.09232
  -0.472656 -0.432292 -0.630859 -0.453125 0.170111 -0.401906 1.08952
  -0.453125 -0.427083 -0.612305 -0.445312 0.162879 -0.394511 1.08818
  -0.439453 -0.421875 -0.600586 -0.442708 0.157698 -0.393067 1.08782
  -0.433594 -0.424479 -0.594727 -0.44401 0.154267 -0.397151 1.0881
  -0.431641 -0.424479 -0.59082 -0.445312 0.152322 -0.406175 1.08875
  -0.435547 -0.432292 -0.592773 -0.451823 0.151644 -0.419557 1.08965
  -0.444336 -0.4375 -0.598633 -0.457031 0.152051 -0.436783 1.0908
  -0.457031 -0.442708 -0.606445 -0.463542 0.153427 -0.457421 1.09217
  -0.470703 -0.451823 -0.617188 -0.471354 0.155642 -0.481077 1.09384
  -0.487305 -0.459635 -0.628906 -0.477865 0.158557 -0.50731 1.0959
  -0.504883 -0.46875 -0.639648 -0.488281 0.162026 -0.535634 1.09846
  -0.522461 -0.479167 -0.65332 -0.497396 0.165563 -0.565027 1.10158
  -0.539062 -0.488281 -0.665039 -0.50651 0.168184 -0.593258 1.10513
  -0.553711 -0.497396 -0.674805 -0.515625 0.169199 -0.618445 1.10878
  -0.563477 -0.505208 -0.681641 -0.52474 0.168327 -0.638767 1.11213
  -0.572266 -0.513021 -0.686523 -0.53125 0.165541 -0.652482 1.11477
  -0.574219 -0.519531 -0.686523 -0.536458 0.16107 -0.659236 1.11645
  -0.572266 -0.519531 -0.68457 -0.539062 0.15524 -0.659608 1.11702
  -0.566406 -0.520833 -0.678711 -0.539062 0.148372 -0.654402 1.11655
  -0.558594 -0.518229 -0.670898 -0.53776 0.140748 -0.644469 1.11511
  -0.546875 -0.515625 -0.661133 -0.535156 0.132596 -0.630577 1.11281
  -0.533203 -0.511719 -0.649414 -0.53125 0.124072 -0.613322 1.10976
  -0.518555 -0.50651 -0.636719 -0.52474 0.115283 -0.593241 1.106
  -0.500977 -0.497396 -0.62207 -0.516927 0.106317 -0.570755 1.10161
  -0.481445 -0.489583 -0.604492 -0.510417 0.0972548 -0.546342 1.09667
  -0.460938 -0.479167 -0.586914 -0.498698 0.0881749 -0.520519 1.09124
  -0.4375 -0.467448 -0.568359 -0.488281 0.0791677 -0.494181 1.08568
  -0.414062 -0.455729 -0.545898 -0.47526 0.0702892 -0.469392 1.08062
  -0.389648 -0.44401 -0.524414 -0.463542 0.061496 -0.447813 1.07671
  -0.367188 -0.433594 -0.504883 -0.454427 0.0531947 -0.43079 1.07417
  -0.347656 -0.425781 -0.486328 -0.446615 0.0458527 -0.419603 1.07291
  -0.333008 -0.423177 -0.472656 -0.44401 0.0394463 -0.414569 1.0727
  -0.323242 -0.421875 -0.462891 -0.44401 0.0338114 -0.415348 1.07316
  -0.321289 -0.424479 -0.459961 -0.44401 0.0287521 -0.421403 1.07413
  -0.318359 -0.428385 -0.456055 -0.449219 0.0241711 -0.432139 1.07554
  -0.322266 -0.436198 -0.458008 -0.457031 0.0200283 -0.447001 1.0773
  -0.330078 -0.441406 -0.461914 -0.460938 0.0162496 -0.465537 1.07946
  -0.338867 -0.450521 -0.46875 -0.470052 0.0128429 -0.487381 1.08201
  -0.350586 -0.457031 -0.477539 -0.476562 0.0097694 -0.512191 1.08501
  -0.363281 -0.467448 -0.485352 -0.486979 0.00700949 -0.539573 1.08859
  -0.376953 -0.476562 -0.49707 -0.497396 0.0045592 -0.569073 1.09286
  -0.392578 -0.486979 -0.507812 -0.507812 0.00233735 -0.599619 1.09806
  -0.40625 -0.498698 -0.518555 -0.518229 0.000294176 -0.628859 1.10444
  -0.418945 -0.510417 -0.52832 -0.53125 -0.00164569 -0.6548 1.11193
  -0.430664 -0.522135 -0.537109 -0.541667 -0.00370884 -0.675467 1.11975
  -0.438477 -0.533854 -0.542969 -0.553385 -0.00606781 -0.688991 1.12691
  -0.443359 -0.541667 -0.545898 -0.5625 -0.00872466 -0.695049 1.13281
  -0.443359 -0.549479 -0.545898 -0.56901 -0.0115849 -0.694331 1.13719
  -0.44043 -0.554688 -0.542969 -0.572917 -0.0145337 -0.687781 1.1401
  -0.435547 -0.554688 -0.538086 -0.575521 -0.0174734 -0.67639 1.14163
  -0.427734 -0.557292 -0.532227 -0.576823 -0.0203426 -0.661036 1.14194
  -0.418945 -0.55599 -0.525391 -0.574219 -0.0231164 -0.64239 1.14124
  -0.407227 -0.553385 -0.514648 -0.572917 -0.0257934 -0.621022 1.13959
  -0.395508 -0.549479 -0.504883 -0.56901 -0.0283672 -0.597376 1.13719
  -0.380859 -0.544271 -0.492188 -0.565104 -0.030818 -0.571928 1.13414
  -0.364258 -0.539062 -0.478516 -0.558594 -0.0331002 -0.545187 1.13053
  -0.34668 -0.529948 -0.464844 -0.550781 -0.0348661 -0.517993 1.12672
  -0.328125 -0.523438 -0.448242 -0.544271 -0.0353894 -0.492158 1.12312
  -0.3125 -0.514323 -0.43457 -0.535156 -0.0343061 -0.469038 1.12021
  -0.297852 -0.505208 -0.422852 -0.528646 -0.0319095 -0.450075 1.11842
  -0.286133 -0.502604 -0.414062 -0.523438 -0.0288277 -0.436887 1.11819
  -0.280273 -0.5 -0.40918 -0.520833 -0.0255745 -0.429956 1.11963
  -0.277344 -0.5 -0.40918 -0.523438 -0.0224676 -0.429032 1.12239
  -0.279297 -0.503906 -0.411133 -0.526042 -0.0196677 -0.433584 1.1262
  -0.287109 -0.509115 -0.418945 -0.53125 -0.0171683 -0.443008 1.13082
  -0.294922 -0.520833 -0.426758 -0.544271 -0.0148969 -0.456757 1.13604
  -0.308594 -0.529948 -0.438477 -0.552083 -0.0127923 -0.474351 1.14184
  -0.322266 -0.540365 -0.450195 -0.5625 -0.0107527 -0.495416 1.14814
  -0.338867 -0.552083 -0.463867 -0.572917 -0.00874167 -0.519569 1.15497
  -0.356445 -0.563802 -0.478516 -0.583333 -0.00671877 -0.54635 1.16239
  -0.374023 -0.575521 -0.493164 -0.595052 -0.00464685 -0.575242 1.17048
  -0.392578 -0.58724 -0.508789 -0.608073 -0.00245251 -0.605108 1.17925
  -0.410156 -0.601562 -0.524414 -0.619792 0.000165699 -0.633558 1.18839
  -0.427734 -0.611979 -0.537109 -0.63151 0.00338009 -0.658628 1.19742
  -0.443359 -0.622396 -0.550781 -0.641927 0.00692127 -0.678537 1.20558
  -0.455078 -0.63151 -0.560547 -0.651042 0.0104588 -0.69165 1.21205
  -0.463867 -0.639323 -0.569336 -0.658854 0.0139144 -0.697703 1.21645
  -0.46875 -0.643229 -0.573242 -0.661458 0.017335 -0.697335 1.21872
  -0.47168 -0.645833 -0.577148 -0.664062 0.020775 -0.691361 1.21906
  -0.47168 -0.647135 -0.578125 -0.665365 0.0242555 -0.680631 1.21768
  -0.470703 -0.645833 -0.578125 -0.664062 0.0277558 -0.665901 1.2148
  -0.466797 -0.641927 -0.576172 -0.660156 0.0312261 -0.647752 1.21064
  -0.461914 -0.638021 -0.573242 -0.654948 0.0346079 -0.62675 1.20528
  -0.454102 -0.630208 -0.568359 -0.648438 0.037854 -0.603345 1.19891
  -0.446289 -0.622396 -0.5625 -0.641927 0.0409264 -0.578093 1.19166
  -0.43457 -0.611979 -0.554688 -0.63151 0.043834 -0.551596 1.18373
  -0.422852 -0.601562 -0.546875 -0.619792 0.0468792 -0.524775 1.17562
  -0.40918 -0.589844 -0.538086 -0.608073 0.0507744 -0.499796 1.16826
  -0.399414 -0.578125 -0.530273 -0.597656 0.0560396 -0.478244 1.16249
  -0.390625 -0.567708 -0.525391 -0.58724 0.062372 -0.461181 1.15883
  -0.384766 -0.561198 -0.523438 -0.582031 0.0691568 -0.449571 1.15755
  -0.385742 -0.558594 -0.524414 -0.578125 0.0760937 -0.443563 1.15857
  -0.387695 -0.558594 -0.530273 -0.579427 0.0830077 -0.442964 1.16135
  -0.396484 -0.561198 -0.540039 -0.580729 0.0898342 -0.447369 1.16541
  -0.405273 -0.571615 -0.549805 -0.591146 0.0966134 -0.456303 1.17027
  -0.418945 -0.582031 -0.561523 -0.601562 0.103412 -0.469331 1.17559
  -0.43457 -0.589844 -0.577148 -0.609375 0.110301 -0.486014 1.18124
  -0.454102 -0.597656 -0.592773 -0.617188 0.117369 -0.506012 1.18714
  -0.472656 -0.609375 -0.608398 -0.626302 0.124636 -0.528965 1.19336
  -0.492188 -0.619792 -0.625 -0.636719 0.132094 -0.554463 1.20006
  -0.512695 -0.630208 -0.641602 -0.647135 0.13971 -0.582069 1.20741
  -0.532227 -0.639323 -0.657227 -0.65625 0.147425 -0.610812 1.2155
  -0.553711 -0.652344 -0.673828 -0.667969 0.155256 -0.638651 1.2241
  -0.570312 -0.664062 -0.686523 -0.678385 0.163166 -0.663855 1.23282
  -0.588867 -0.673177 -0.702148 -0.688802 0.170701 -0.684609 1.24084
  -0.604492 -0.683594 -0.714844 -0.697917 0.177346 -0.699089 1.24725
  -0.614258 -0.690104 -0.722656 -0.703125 0.183025 -0.706823 1.25159
  -0.624023 -0.695312 -0.730469 -0.708333 0.187891 -0.708257 1.2538
  -0.625977 -0.697917 -0.734375 -0.710938 0.192102 -0.704064 1.25405
  -0.631836 -0.695312 -0.739258 -0.710938 0.195787 -0.69499 1.25258
  -0.632812 -0.695312 -0.741211 -0.708333 0.19902 -0.681734 1.2496
  -0.630859 -0.69401 -0.743164 -0.707031 0.20183 -0.664863 1.24534
  -0.629883 -0.690104 -0.742188 -0.703125 0.204251 -0.644953 1.2399
  -0.625 -0.683594 -0.741211 -0.697917 0.206314 -0.622487 1.23346
  -0.620117 -0.675781 -0.739258 -0.690104 0.20805 -0.598065 1.22621
  -0.613281 -0.666667 -0.736328 -0.68099 0.209549 -0.572322 1.21841
  -0.604492 -0.65625 -0.734375 -0.671875 0.211116 -0.546219 1.21066
  -0.59668 -0.647135 -0.729492 -0.661458 0.213432 -0.522046 1.20413
  -0.589844 -0.636719 -0.726562 -0.652344 0.217133 -0.501543 1.19974
  -0.584961 -0.630208 -0.726562 -0.645833 0.221979 -0.485601 1.19767
  -0.583008 -0.627604 -0.728516 -0.643229 0.227393 -0.474786 1.19773
  -0.585938 -0.626302 -0.734375 -0.643229 0.233221 -0.469049 1.19946
  -0.591797 -0.630208 -0.740234 -0.645833 0.239492 -0.4682 1.20217
  -0.597656 -0.634115 -0.748047 -0.64974 0.246304 -0.471863 1.20538
  -0.607422 -0.644531 -0.756836 -0.658854 0.253744 -0.479593 1.20875
  -0.621094 -0.647135 -0.769531 -0.661458 0.261836 -0.490992 1.21204
  -0.635742 -0.652344 -0.78125 -0.665365 0.270528 -0.505614 1.21522
  -0.652344 -0.65625 -0.791992 -0.669271 0.279728 -0.523055 1.21825
  -0.669922 -0.661458 -0.805664 -0.673177 0.289252 -0.542851 1.22113
  -0.68457 -0.665365 -0.81543 -0.677083 0.298617 -0.564015 1.22366
  -0.701172 -0.667969 -0.828125 -0.679688 0.307202 -0.585222 1.22542
  -0.714844 -0.670573 -0.836914 -0.679688 0.312972 -0.60347 1.22513
  -0.723633 -0.669271 -0.842773 -0.678385 0.311196 -0.61127 1.21983
  -0.723633 -0.661458 -0.839844 -0.673177 0.299316 -0.603104 1.2083
  -0.706055 -0.640625 -0.824219 -0.653646 0.280883 -0.581152 1.1935
  -0.676758 -0.621094 -0.800781 -0.634115 0.261467 -0.552103 1.17961
  -0.646484 -0.60026 -0.775391 -0.613281 0.243768 -0.520999 1.16856
  -0.614258 -0.582031 -0.75 -0.597656 0.228763 -0.490905 1.16055
  -0.584961 -0.566406 -0.726562 -0.583333 0.216596 -0.463281 1.1553
  -0.557617 -0.55599 -0.706055 -0.572917 0.207165 -0.438789 1.15229
  -0.535156 -0.546875 -0.6875 -0.566406 0.200436 -0.417789 1.15109
  -0.514648 -0.541667 -0.674805 -0.5625 0.19631 -0.400225 1.15144
  -0.500977 -0.540365 -0.664062 -0.559896 0.194652 -0.386198 1.15304
  -0.490234 -0.541667 -0.65918 -0.561198 0.195392 -0.375544 1.15575
  -0.484375 -0.545573 -0.65625 -0.563802 0.198308 -0.368116 1.15939
  -0.483398 -0.550781 -0.658203 -0.56901 0.20321 -0.363828 1.16379
  -0.487305 -0.558594 -0.664062 -0.575521 0.209744 -0.362417 1.16889
  -0.49707 -0.567708 -0.673828 -0.583333 0.21699 -0.364041 1.17454
  -0.508789 -0.579427 -0.6875 -0.596354 0.224241 -0.368492 1.18059
  -0.521484 -0.591146 -0.699219 -0.608073 0.230489 -0.374259 1.18647
  -0.535156 -0.602865 -0.710938 -0.61849 0.234584 -0.379287 1.19139
  -0.542969 -0.613281 -0.71875 -0.628906 0.236124 -0.382544 1.19491
  -0.546875 -0.621094 -0.722656 -0.634115 0.235182 -0.384075 1.19686
  -0.546875 -0.623698 -0.720703 -0.639323 0.23203 -0.384151 1.19737
  -0.541016 -0.626302 -0.71582 -0.639323 0.227037 -0.383223 1.1967
  -0.533203 -0.623698 -0.708008 -0.636719 0.220527 -0.381811 1.19516
  -0.522461 -0.619792 -0.696289 -0.634115 0.212775 -0.380244 1.19316
  -0.510742 -0.614583 -0.68457 -0.630208 0.204096 -0.37897 1.19096
  -0.49707 -0.610677 -0.670898 -0.626302 0.194661 -0.37829 1.18892
  -0.483398 -0.606771 -0.657227 -0.623698 0.184714 -0.378515 1.18731
  -0.470703 -0.601562 -0.643555 -0.61849 0.174459 -0.380052 1.18633
  -0.458008 -0.601562 -0.628906 -0.61849 0.16422 -0.383306 1.18625
  -0.446289 -0.60026 -0.616211 -0.61849 0.15492 -0.389151 1.18719
  -0.439453 -0.602865 -0.605469 -0.622396 0.146988 -0.39813 1.18926
  -0.435547 -0.610677 -0.598633 -0.628906 0.140439 -0.409038 1.19239
  -0.4375 -0.614583 -0.597656 -0.63151 0.135275 -0.419822 1.19634
  -0.438477 -0.619792 -0.594727 -0.638021 0.131469 -0.429472 1.20084
  -0.442383 -0.628906 -0.59668 -0.645833 0.12911 -0.437929 1.20549
  -0.446289 -0.635417 -0.598633 -0.653646 0.128225 -0.445418 1.21004
  -0.450195 -0.643229 -0.602539 -0.660156 0.128822 -0.452324 1.21432
  -0.457031 -0.651042 -0.606445 -0.667969 0.130909 -0.459039 1.21827
  -0.463867 -0.658854 -0.612305 -0.675781 0.134424 -0.465801 1.22195
  -0.47168 -0.666667 -0.618164 -0.683594 0.139287 -0.472908 1.2254
  -0.481445 -0.671875 -0.62793 -0.688802 0.145403 -0.480511 1.22876
  -0.494141 -0.675781 -0.639648 -0.691406 0.152654 -0.488768 1.23213
  -0.507812 -0.68099 -0.651367 -0.696615 0.160924 -0.49787 1.23559
  -0.520508 -0.6875 -0.663086 -0.703125 0.169944 -0.508017 1.23926
  -0.536133 -0.69401 -0.676758 -0.708333 0.179147 -0.519782 1.2432
  -0.551758 -0.699219 -0.691406 -0.713542 0.188026 -0.533369 1.24742
  -0.569336 -0.704427 -0.705078 -0.71875 0.195811 -0.547416 1.2516
  -0.583984 -0.709635 -0.717773 -0.722656 0.201702 -0.559792 1.25518
  -0.595703 -0.713542 -0.725586 -0.727865 0.205445 -0.569475 1.25782
  -0.603516 -0.716146 -0.733398 -0.729167 0.207133 -0.576467 1.25939
  -0.607422 -0.71875 -0.735352 -0.730469 0.206965 -0.581128 1.25993
  -0.609375 -0.71875 -0.737305 -0.730469 0.205194 -0.583999 1.25961
  -0.607422 -0.717448 -0.734375 -0.730469 0.202045 -0.585655 1.25861
  -0.604492 -0.714844 -0.731445 -0.727865 0.19771 -0.586563 1.25715
  -0.598633 -0.714844 -0.725586 -0.727865 0.1924 -0.587222 1.25536
  -0.594727 -0.709635 -0.720703 -0.722656 0.186242 -0.588018 1.2534
  -0.588867 -0.707031 -0.713867 -0.720052 0.179426 -0.589359 1.25138
  -0.581055 -0.701823 -0.707031 -0.716146 0.17211 -0.591688 1.24941
  -0.574219 -0.699219 -0.700195 -0.714844 0.164595 -0.595535 1.24771
  -0.568359 -0.696615 -0.692383 -0.710938 0.157631 -0.601994 1.24657
  -0.563477 -0.691406 -0.686523 -0.707031 0.151569 -0.611687 1.24624
  -0.561523 -0.691406 -0.682617 -0.707031 0.146412 -0.623407 1.24664
  -0.55957 -0.691406 -0.679688 -0.705729 0.142155 -0.635091 1.24758
  -0.561523 -0.690104 -0.679688 -0.705729 0.138827 -0.645674 1.24886
  -0.5625 -0.692708 -0.679688 -0.708333 0.136539 -0.655011 1.25033
  -0.56543 -0.692708 -0.679688 -0.708333 0.135337 -0.663272 1.25189
  -0.567383 -0.695312 -0.681641 -0.709635 0.135237 -0.670787 1.25349
  -0.570312 -0.696615 -0.683594 -0.71224 0.136225 -0.677907 1.25512
  -0.574219 -0.699219 -0.6875 -0.713542 0.138232 -0.684878 1.25678
  -0.580078 -0.701823 -0.691406 -0.716146 0.141189 -0.691982 1.25849
  -0.583984 -0.703125 -0.695312 -0.717448 0.145011 -0.6994 1.26025
  -0.59082 -0.704427 -0.700195 -0.720052 0.149623 -0.707345 1.26214
  -0.598633 -0.707031 -0.706055 -0.720052 0.154953 -0.716063 1.26421
  -0.606445 -0.709635 -0.713867 -0.722656 0.160814 -0.725855 1.26659
  -0.614258 -0.71224 -0.719727 -0.72526 0.166835 -0.737435 1.26946
  -0.624023 -0.714844 -0.728516 -0.729167 0.17263 -0.751078 1.2729
  -0.631836 -0.71875 -0.736328 -0.731771 0.177603 -0.765359 1.27641
  -0.640625 -0.721354 -0.742188 -0.734375 0.181214 -0.77807 1.27934
  -0.647461 -0.72526 -0.74707 -0.736979 0.183353 -0.788156 1.28131
  -0.651367 -0.726562 -0.75 -0.739583 0.184135 -0.795532 1.28223
  -0.654297 -0.726562 -0.75293 -0.739583 0.183728 -0.800511 1.28216
  -0.655273 -0.726562 -0.75293 -0.739583 0.182307 -0.80363 1.28128
  -0.654297 -0.72526 -0.751953 -0.736979 0.180009 -0.805453 1.27975
  -0.65332 -0.722656 -0.750977 -0.736979 0.176932 -0.806452 1.27777
  -0.650391 -0.721354 -0.74707 -0.734375 0.173175 -0.807091 1.27548
  -0.646484 -0.717448 -0.743164 -0.730469 0.168786 -0.807708 1.27299
  -0.642578 -0.714844 -0.740234 -0.727865 0.163829 -0.808546 1.27037
  -0.639648 -0.71224 -0.737305 -0.72526 0.158356 -0.809796 1.26764
  -0.634766 -0.707031 -0.731445 -0.721354 0.152467 -0.811443 1.26471
  -0.630859 -0.704427 -0.727539 -0.71875 0.146458 -0.813225 1.26125
  -0.626953 -0.700521 -0.723633 -0.713542 0.140558 -0.814906 1.25712
  -0.621094 -0.695312 -0.717773 -0.709635 0.135133 -0.816285 1.25263
  -0.617188 -0.690104 -0.713867 -0.703125 0.13058 -0.817193 1.24826
  -0.613281 -0.684896 -0.709961 -0.699219 0.127072 -0.817669 1.24423
  -0.612305 -0.679688 -0.708008 -0.69401 0.124659 -0.817968 1.24063
  -0.610352 -0.675781 -0.706055 -0.690104 0.123309 -0.818311 1.23746
  -0.608398 -0.671875 -0.705078 -0.6875 0.122951 -0.818901 1.23474
  -0.608398 -0.669271 -0.704102 -0.684896 0.123509 -0.819935 1.23244
  -0.610352 -0.666667 -0.706055 -0.682292 0.124893 -0.82149 1.23055
  -0.612305 -0.664062 -0.708008 -0.679688 0.127018 -0.823662 1.22905
  -0.613281 -0.664062 -0.708984 -0.679688 0.129803 -0.82646 1.22789
  -0.616211 -0.661458 -0.711914 -0.677083 0.133156 -0.829714 1.227
  -0.620117 -0.660156 -0.714844 -0.675781 0.137002 -0.833169 1.2263
  -0.625 -0.661458 -0.71875 -0.675781 0.141149 -0.836064 1.22553
  -0.62793 -0.658854 -0.722656 -0.675781 0.145245 -0.83649 1.22423
  -0.629883 -0.658854 -0.724609 -0.673177 0.149076 -0.833073 1.2221
  -0.633789 -0.653646 -0.728516 -0.669271 0.152398 -0.82617 1.21928
  -0.633789 -0.651042 -0.728516 -0.666667 0.15494 -0.817012 1.21606
  -0.633789 -0.648438 -0.729492 -0.66276 0.156589 -0.80657 1.21267
  -0.630859 -0.643229 -0.727539 -0.658854 0.157328 -0.795577 1.20926
  -0.62793 -0.640625 -0.725586 -0.654948 0.157169 -0.784507 1.20592
  -0.625 -0.635417 -0.723633 -0.652344 0.156142 -0.773714 1.20268
  -0.621094 -0.63151 -0.720703 -0.648438 0.154276 -0.763514 1.19957
  -0.616211 -0.627604 -0.716797 -0.643229 0.151608 -0.754093 1.19658
  -0.610352 -0.623698 -0.712891 -0.640625 0.148192 -0.745661 1.19372
  -0.605469 -0.619792 -0.708984 -0.638021 0.144058 -0.738332 1.19097
  -0.598633 -0.615885 -0.703125 -0.632812 0.139258 -0.732065 1.18829
  -0.592773 -0.613281 -0.697266 -0.630208 0.133835 -0.726752 1.18563
  -0.586914 -0.609375 -0.691406 -0.626302 0.127863 -0.721725 1.18295
  -0.579102 -0.605469 -0.685547 -0.623698 0.121609 -0.715193 1.18012
  -0.571289 -0.602865 -0.678711 -0.619792 0.115375 -0.705926 1.17725
  -0.561523 -0.597656 -0.670898 -0.615885 0.109774 -0.694595 1.17461
  -0.553711 -0.595052 -0.663086 -0.611979 0.105409 -0.682793 1.1725
  -0.545898 -0.592448 -0.657227 -0.609375 0.102459 -0.671562 1.17101
  -0.538086 -0.589844 -0.651367 -0.608073 0.100949 -0.661517 1.1701
  -0.533203 -0.58724 -0.646484 -0.606771 0.1008 -0.652912 1.16966
  -0.529297 -0.58724 -0.644531 -0.604167 0.101911 -0.645844 1.16959
  -0.529297 -0.58724 -0.644531 -0.604167 0.1042 -0.640375 1.16976
  -0.52832 -0.58724 -0.644531 -0.604167 0.107575 -0.636446 1.17008
  -0.530273 -0.588542 -0.648438 -0.605469 0.11196 -0.634061 1.17048
  -0.535156 -0.588542 -0.652344 -0.606771 0.117284 -0.633157 1.17092
  -0.539062 -0.588542 -0.658203 -0.606771 0.123461 -0.633548 1.17136
  -0.544922 -0.588542 -0.664062 -0.605469 0.130408 -0.634996 1.17174
  -0.551758 -0.591146 -0.669922 -0.608073 0.137871 -0.636634 1.17192
  -0.55957 -0.591146 -0.677734 -0.608073 0.145307 -0.636292 1.17158
  -0.567383 -0.588542 -0.683594 -0.605469 0.152295 -0.632338 1.17053
  -0.571289 -0.585938 -0.689453 -0.604167 0.158354 -0.624904 1.16883
  -0.574219 -0.583333 -0.693359 -0.601562 0.163027 -0.614984 1.16664
  -0.574219 -0.579427 -0.695312 -0.597656 0.166152 -0.603421 1.16414
  -0.572266 -0.574219 -0.694336 -0.592448 0.167728 -0.590962 1.16151
  -0.567383 -0.56901 -0.692383 -0.58724 0.167827 -0.578128 1.1589
  -0.561523 -0.565104 -0.688477 -0.583333 0.166552 -0.565371 1.15645
  -0.553711 -0.559896 -0.683594 -0.579427 0.164016 -0.553144 1.15426
  -0.545898 -0.557292 -0.677734 -0.574219 0.160333 -0.541733 1.15239
  -0.536133 -0.552083 -0.669922 -0.570312 0.155646 -0.53147 1.15081
  -0.526367 -0.549479 -0.661133 -0.567708 0.150037 -0.522572 1.14949
  -0.515625 -0.546875 -0.65332 -0.565104 0.143626 -0.51508 1.1483
  -0.504883 -0.545573 -0.643555 -0.5625 0.136502 -0.508965 1.14706
  -0.494141 -0.542969 -0.631836 -0.559896 0.128754 -0.50355 1.14567
  -0.483398 -0.540365 -0.62207 -0.557292 0.120715 -0.496924 1.14398
  -0.470703 -0.53776 -0.610352 -0.554688 0.112739 -0.487768 1.14204
  -0.457031 -0.532552 -0.598633 -0.552083 0.10562 -0.476627 1.13995
  -0.441406 -0.527344 -0.583984 -0.546875 0.100196 -0.464896 1.13782
  -0.429688 -0.522135 -0.573242 -0.542969 0.0967274 -0.453496 1.13578
  -0.417969 -0.518229 -0.564453 -0.53776 0.0952471 -0.443069 1.13394
  -0.410156 -0.514323 -0.557617 -0.532552 0.0956445 -0.433903 1.13245
  -0.405273 -0.510417 -0.554688 -0.529948 0.0977684 -0.426165 1.13141
  -0.402344 -0.507812 -0.552734 -0.527344 0.101488 -0.42004 1.13084
  -0.402344 -0.50651 -0.554688 -0.526042 0.106676 -0.415542 1.13075
  -0.40625 -0.50651 -0.55957 -0.523438 0.113223 -0.412782 1.13105
  -0.412109 -0.503906 -0.567383 -0.523438 0.121061 -0.411753 1.13165
  -0.420898 -0.505208 -0.577148 -0.52474 0.130082 -0.412309 1.13243
  -0.430664 -0.507812 -0.586914 -0.527344 0.140176 -0.414253 1.13321
  -0.443359 -0.510417 -0.600586 -0.528646 0.151013 -0.416699 1.13376
  -0.458008 -0.509115 -0.616211 -0.528646 0.161736 -0.417481 1.13369
  -0.470703 -0.507812 -0.629883 -0.527344 0.171638 -0.414867 1.1327
  -0.480469 -0.505208 -0.640625 -0.523438 0.179841 -0.408775 1.13072
  -0.486328 -0.5 -0.647461 -0.518229 0.185563 -0.399945 1.12786
  -0.486328 -0.489583 -0.651367 -0.509115 0.188635 -0.389056 1.12435
  -0.482422 -0.479167 -0.650391 -0.498698 0.189128 -0.376933 1.12034
  -0.472656 -0.470052 -0.644531 -0.489583 0.187299 -0.364199 1.11605
  -0.459961 -0.459635 -0.634766 -0.479167 0.183503 -0.351436 1.11163
  -0.445312 -0.447917 -0.623047 -0.467448 0.178064 -0.33923 1.10725
  -0.427734 -0.436198 -0.608398 -0.455729 0.171317 -0.327924 1.10312
  -0.410156 -0.425781 -0.59082 -0.445312 0.163609 -0.317951 1.09933
  -0.390625 -0.416667 -0.573242 -0.436198 0.155154 -0.309586 1.09605
  -0.37207 -0.408854 -0.555664 -0.428385 0.14618 -0.303009 1.0933
  -0.355469 -0.402344 -0.538086 -0.421875 0.136838 -0.298393 1.09104
  -0.339844 -0.39974 -0.522461 -0.417969 0.127276 -0.295526 1.08915
  -0.325195 -0.394531 -0.506836 -0.414062 0.118083 -0.293645 1.08706
  -0.313477 -0.391927 -0.492188 -0.410156 0.109643 -0.292181 1.08449
  -0.301758 -0.388021 -0.479492 -0.40625 0.10244 -0.290692 1.08165
  -0.291992 -0.382812 -0.46875 -0.402344 0.0970393 -0.288803 1.07885
  -0.286133 -0.377604 -0.460938 -0.395833 0.0936355 -0.286471 1.07623
  -0.280273 -0.373698 -0.454102 -0.391927 0.0922523 -0.284016 1.07378
  -0.276367 -0.36849 -0.451172 -0.386719 0.0928034 -0.281725 1.0715
  -0.274414 -0.363281 -0.450195 -0.38151 0.0951461 -0.279926 1.06943
  -0.276367 -0.356771 -0.452148 -0.373698 0.0991653 -0.278985 1.06759
  -0.280273 -0.352865 -0.458008 -0.369792 0.104766 -0.279113 1.066
  -0.286133 -0.347656 -0.464844 -0.364583 0.111853 -0.280627 1.06461
  -0.294922 -0.342448 -0.475586 -0.359375 0.120426 -0.28368 1.06341
  -0.307617 -0.34375 -0.489258 -0.360677 0.130423 -0.288395 1.06233
  -0.324219 -0.338542 -0.506836 -0.356771 0.141802 -0.294875 1.0613
  -0.342773 -0.338542 -0.525391 -0.356771 0.154333 -0.303099 1.06033
  -0.365234 -0.335938 -0.547852 -0.355469 0.167194 -0.31333 1.0594
  -0.391602 -0.333333 -0.573242 -0.354167 0.179718 -0.325498 1.05852
  -0.417969 -0.334635 -0.59668 -0.356771 0.190963 -0.338088 1.05779
  -0.441406 -0.33724 -0.619141 -0.358073 0.19983 -0.348927 1.05723
  -0.459961 -0.339844 -0.635742 -0.360677 0.205857 -0.356995 1.05671
  -0.473633 -0.339844 -0.647461 -0.360677 0.209039 -0.362366 1.05599
  -0.481445 -0.338542 -0.65332 -0.360677 0.209614 -0.365443 1.05498
  -0.483398 -0.339844 -0.655273 -0.361979 0.207939 -0.366811 1.05371
  -0.481445 -0.341146 -0.651367 -0.361979 0.204376 -0.3671 1.05225
  -0.477539 -0.335938 -0.647461 -0.359375 0.199255 -0.366816 1.0507
  -0.469727 -0.333333 -0.638672 -0.355469 0.192902 -0.366507 1.04913
  -0.460938 -0.332031 -0.628906 -0.352865 0.185543 -0.366604 1.04756
  -0.451172 -0.332031 -0.619141 -0.352865 0.177418 -0.367513 1.046
  -0.441406 -0.332031 -0.609375 -0.352865 0.168722 -0.369661 1.04439
  -0.433594 -0.332031 -0.597656 -0.354167 0.159821 -0.373526 1.04274
  -0.424805 -0.334635 -0.587891 -0.354167 0.151592 -0.380023 1.04097
  -0.418945 -0.335938 -0.580078 -0.356771 0.144519 -0.389721 1.03912
  -0.418945 -0.338542 -0.575195 -0.358073 0.138742 -0.401454 1.03758
  -0.419922 -0.339844 -0.574219 -0.360677 0.134379 -0.413191 1.03678
  -0.422852 -0.345052 -0.574219 -0.364583 0.131465 -0.423911 1.03681
  -0.427734 -0.348958 -0.576172 -0.36849 0.130044 -0.433501 1.03745
  -0.432617 -0.354167 -0.579102 -0.375 0.13009 -0.442145 1.03847
  -0.438477 -0.359375 -0.583008 -0.378906 0.131549 -0.450171 1.03965
  -0.446289 -0.360677 -0.588867 -0.38151 0.134356 -0.457923 1.04083
  -0.454102 -0.365885 -0.59668 -0.386719 0.138419 -0.465641 1.04192
  -0.461914 -0.369792 -0.604492 -0.389323 0.143649 -0.473601 1.04283
  -0.473633 -0.372396 -0.614258 -0.393229 0.149968 -0.481993 1.04351
  -0.485352 -0.375 -0.625 -0.395833 0.157296 -0.491004 1.04395
  -0.49707 -0.377604 -0.636719 -0.398438 0.165572 -0.500844 1.04414
  -0.510742 -0.380208 -0.648438 -0.401042 0.174579 -0.511769 1.0441
  -0.525391 -0.382812 -0.661133 -0.403646 0.183812 -0.524374 1.04385
  -0.542969 -0.385417 -0.674805 -0.404948 0.192839 -0.538864 1.04346
  -0.557617 -0.388021 -0.6875 -0.408854 0.200938 -0.553804 1.0431
  -0.572266 -0.390625 -0.700195 -0.411458 0.207295 -0.566956 1.04288
  -0.583984 -0.391927 -0.709961 -0.414062 0.211595 -0.577249 1.04276
  -0.591797 -0.393229 -0.71582 -0.416667 0.213857 -0.584672 1.04258
  -0.59668 -0.395833 -0.719727 -0.416667 0.214244 -0.589597 1.04224
  -0.597656 -0.397135 -0.719727 -0.419271 0.212987 -0.592576 1.04169
  -0.597656 -0.395833 -0.720703 -0.417969 0.210313 -0.594194 1.04092
  -0.595703 -0.395833 -0.717773 -0.417969 0.206422 -0.594936 1.03995
  -0.59082 -0.395833 -0.712891 -0.419271 0.201513 -0.5953 1.03879
  -0.585938 -0.394531 -0.707031 -0.416667 0.195725 -0.595681 1.03745
  -0.579102 -0.393229 -0.701172 -0.416667 0.189226 -0.596485 1.03592
  -0.573242 -0.393229 -0.695312 -0.415365 0.182173 -0.598146 1.03417
  -0.567383 -0.393229 -0.6875 -0.414062 0.174899 -0.601252 1.03227
  -0.561523 -0.393229 -0.681641 -0.414062 0.168164 -0.607012 1.03025
  -0.556641 -0.391927 -0.675781 -0.414062 0.162379 -0.616161 1.02821
  -0.552734 -0.393229 -0.670898 -0.415365 0.157588 -0.627533 1.02642
  -0.552734 -0.394531 -0.669922 -0.415365 0.153783 -0.639058 1.02522
  -0.554688 -0.394531 -0.669922 -0.416667 0.150969 -0.649652 1.02469
  -0.556641 -0.398438 -0.668945 -0.420573 0.149197 -0.65913 1.0247
  -0.558594 -0.401042 -0.670898 -0.421875 0.148476 -0.667626 1.0251
  -0.561523 -0.402344 -0.671875 -0.423177 0.148799 -0.675443 1.02574
  -0.564453 -0.407552 -0.674805 -0.428385 0.150141 -0.682905 1.02649
  -0.568359 -0.407552 -0.676758 -0.428385 0.152441 -0.690246 1.02729
  -0.574219 -0.410156 -0.681641 -0.43099 0.15564 -0.697733 1.02808
  -0.580078 -0.41276 -0.686523 -0.433594 0.159672 -0.705547 1.02881
  -0.585938 -0.415365 -0.691406 -0.436198 0.164483 -0.713901 1.02949
  -0.59375 -0.417969 -0.697266 -0.440104 0.170036 -0.723042 1.03011
  -0.600586 -0.420573 -0.704102 -0.441406 0.176193 -0.733316 1.03072
  -0.609375 -0.423177 -0.710938 -0.445312 0.182672 -0.745518 1.0314
  -0.620117 -0.425781 -0.719727 -0.446615 0.189178 -0.759982 1.03222
  -0.62793 -0.43099 -0.726562 -0.451823 0.195099 -0.775199 1.03323
  -0.637695 -0.433594 -0.735352 -0.454427 0.199779 -0.788802 1.03439
  -0.645508 -0.4375 -0.741211 -0.458333 0.202986 -0.799634 1.03555
  -0.650391 -0.441406 -0.744141 -0.46224 0.204747 -0.807577 1.03657
  -0.654297 -0.442708 -0.74707 -0.464844 0.205184 -0.81294 1.03732
  -0.654297 -0.445312 -0.748047 -0.464844 0.204464 -0.816275 1.03776
  -0.654297 -0.445312 -0.748047 -0.466146 0.202736 -0.818168 1.03786
  -0.654297 -0.447917 -0.74707 -0.467448 0.200121 -0.819113 1.03765
  -0.652344 -0.447917 -0.746094 -0.467448 0.196734 -0.819598 1.03713
  -0.650391 -0.447917 -0.742188 -0.467448 0.192644 -0.819988 1.03632
  -0.646484 -0.446615 -0.738281 -0.467448 0.187928 -0.820569 1.03522
  -0.642578 -0.445312 -0.734375 -0.466146 0.182652 -0.821588 1.03382
  -0.638672 -0.445312 -0.730469 -0.464844 0.176934 -0.823086 1.03204
  -0.634766 -0.442708 -0.726562 -0.46224 0.171079 -0.824878 1.02963
  -0.628906 -0.440104 -0.72168 -0.46224 0.165327 -0.826791 1.02649
  -0.625 -0.4375 -0.716797 -0.459635 0.159997 -0.828557 1.02298
  -0.621094 -0.434896 -0.712891 -0.457031 0.155427 -0.829866 1.01957
  -0.618164 -0.432292 -0.708984 -0.451823 0.151778 -0.83067 1.01649
  -0.615234 -0.429688 -0.707031 -0.449219 0.149122 -0.831175 1.01377
  -0.613281 -0.427083 -0.705078 -0.446615 0.147458 -0.831598 1.01139
  -0.611328 -0.424479 -0.703125 -0.44401 0.146755 -0.832168 1.00932
  -0.611328 -0.421875 -0.703125 -0.44401 0.146965 -0.833109 1.00752
  -0.612305 -0.419271 -0.703125 -0.441406 0.148017 -0.834531 1.00597
  -0.613281 -0.419271 -0.705078 -0.441406 0.149848 -0.836555 1.00463
  -0.615234 -0.416667 -0.706055 -0.438802 0.152383 -0.839209 1.00348
  -0.617188 -0.416667 -0.708984 -0.4375 0.155535 -0.842339 1.00249
  -0.62207 -0.416667 -0.710938 -0.436198 0.159216 -0.845693 1.00164
  -0.624023 -0.415365 -0.714844 -0.436198 0.16318 -0.848492 1.00084
  -0.62793 -0.416667 -0.71875 -0.436198 0.166924 -0.848748 0.999947
  -0.629883 -0.414062 -0.719727 -0.436198 0.170136 -0.84503 0.998914
  -0.632812 -0.414062 -0.722656 -0.433594 0.172648 -0.837728 0.99779
  -0.632812 -0.408854 -0.724609 -0.43099 0.174333 -0.828146 0.996651
  -0.631836 -0.40625 -0.722656 -0.425781 0.175166 -0.817303 0.995549
  -0.628906 -0.401042 -0.720703 -0.423177 0.175182 -0.805935 0.994501
  -0.626953 -0.398438 -0.719727 -0.420573 0.174404 -0.794512 0.993496
  -0.623047 -0.394531 -0.716797 -0.415365 0.172856 -0.783373 0.992503
  -0.618164 -0.390625 -0.713867 -0.41276 0.170558 -0.772817 0.991475
  -0.613281 -0.388021 -0.709961 -0.408854 0.167529 -0.763021 0.990364
  -0.608398 -0.384115 -0.706055 -0.404948 0.163808 -0.754181 0.989116
  -0.602539 -0.380208 -0.702148 -0.402344 0.159414 -0.746406 0.987694
  -0.59668 -0.377604 -0.696289 -0.398438 0.154379 -0.739663 0.986069
  -0.589844 -0.375 -0.69043 -0.395833 0.14873 -0.733854 0.984231
  -0.583008 -0.371094 -0.68457 -0.393229 0.142513 -0.728325 0.982233
  -0.577148 -0.36849 -0.677734 -0.390625 0.135912 -0.721303 0.980276
  -0.569336 -0.364583 -0.670898 -0.385417 0.129221 -0.711567 0.978638
  -0.55957 -0.360677 -0.662109 -0.382812 0.123098 -0.699784 0.977495
  -0.549805 -0.356771 -0.654297 -0.377604 0.118196 -0.687548 0.976859
  -0.541992 -0.352865 -0.647461 -0.375 0.114744 -0.675906 0.976686
  -0.53418 -0.35026 -0.641602 -0.371094 0.112768 -0.66546 0.976877
  -0.529297 -0.347656 -0.637695 -0.36849 0.112191 -0.656468 0.977327
  -0.525391 -0.345052 -0.635742 -0.365885 0.112902 -0.649035 0.977934
  -0.523438 -0.342448 -0.633789 -0.364583 0.114798 -0.64323 0.978576
  -0.523438 -0.342448 -0.634766 -0.363281 0.117776 -0.639009 0.979163
  -0.523438 -0.339844 -0.635742 -0.363281 0.121751 -0.636381 0.97961
  -0.526367 -0.339844 -0.638672 -0.360677 0.126648 -0.635293 0.97986
  -0.532227 -0.338542 -0.644531 -0.360677 0.132385 -0.63557 0.979885
  -0.536133 -0.33724 -0.649414 -0.358073 0.138883 -0.636987 0.979675
  -0.543945 -0.33724 -0.657227 -0.359375 0.145881 -0.638667 0.979252
  -0.551758 -0.335938 -0.664062 -0.358073 0.152821 -0.638412 0.978753
  -0.555664 -0.333333 -0.668945 -0.355469 0.159272 -0.634582 0.97834
  -0.55957 -0.333333 -0.671875 -0.355469 0.164806 -0.627278 0.9781
  -0.563477 -0.328125 -0.677734 -0.35026 0.169034 -0.617473 0.978059
  -0.5625 -0.322917 -0.678711 -0.346354 0.171828 -0.606023 0.978208
  -0.560547 -0.31901 -0.678711 -0.342448 0.173227 -0.593657 0.978518
  -0.556641 -0.316406 -0.676758 -0.338542 0.173307 -0.580907 0.978954
  -0.550781 -0.311198 -0.672852 -0.334635 0.172165 -0.568234 0.979469
  -0.544922 -0.308594 -0.668945 -0.330729 0.169898 -0.556068 0.979997
  -0.538086 -0.303385 -0.663086 -0.326823 0.166594 -0.544698 0.980471
  -0.52832 -0.300781 -0.65625 -0.324219 0.162354 -0.534431 0.980795
  -0.520508 -0.298177 -0.648438 -0.321615 0.157239 -0.525457 0.980886
  -0.510742 -0.295573 -0.640625 -0.31901 0.151332 -0.517816 0.980661
  -0.5 -0.292969 -0.631836 -0.316406 0.144694 -0.511482 0.98005
  -0.491211 -0.290365 -0.62207 -0.313802 0.137414 -0.505803 0.979116
  -0.480469 -0.28776 -0.613281 -0.311198 0.129809 -0.498948 0.978173
  -0.469727 -0.285156 -0.602539 -0.308594 0.122254 -0.489659 0.977606
  -0.456055 -0.282552 -0.59082 -0.304688 0.115516 -0.478439 0.977544
  -0.443359 -0.278646 -0.579102 -0.300781 0.11036 -0.466627 0.977849
  -0.431641 -0.27474 -0.569336 -0.296875 0.107025 -0.455155 0.978355
  -0.421875 -0.272135 -0.560547 -0.292969 0.10551 -0.44464 0.978891
  -0.413086 -0.268229 -0.554688 -0.289062 0.105722 -0.435365 0.979335
  -0.408203 -0.264323 -0.550781 -0.285156 0.107538 -0.427504 0.979629
  -0.405273 -0.261719 -0.547852 -0.282552 0.110849 -0.421222 0.979722
  -0.404297 -0.257812 -0.549805 -0.278646 0.115554 -0.416535 0.979606
  -0.407227 -0.255208 -0.553711 -0.27474 0.121566 -0.413535 0.979249
  -0.412109 -0.252604 -0.55957 -0.272135 0.128809 -0.412223 0.978625
  -0.417969 -0.248698 -0.566406 -0.269531 0.137176 -0.412466 0.977701
  -0.425781 -0.247396 -0.575195 -0.266927 0.146559 -0.414071 0.97642
  -0.4375 -0.24349 -0.586914 -0.263021 0.156629 -0.416157 0.974787
  -0.450195 -0.238281 -0.599609 -0.260417 0.166593 -0.416524 0.972983
  -0.460938 -0.233073 -0.610352 -0.253906 0.175771 -0.413462 0.971186
  -0.46875 -0.226562 -0.620117 -0.248698 0.183335 -0.406891 0.969472
  -0.473633 -0.21875 -0.625977 -0.239583 0.188561 -0.397526 0.967915
  -0.473633 -0.209635 -0.62793 -0.231771 0.19129 -0.386071 0.966596
  -0.469727 -0.197917 -0.626953 -0.220052 0.191627 -0.373304 0.965548
  -0.459961 -0.190104 -0.620117 -0.21224 0.189822 -0.359858 0.964812
  -0.449219 -0.182292 -0.612305 -0.204427 0.186196 -0.346331 0.964413
  -0.43457 -0.174479 -0.600586 -0.195312 0.181068 -0.333317 0.964325
  -0.417969 -0.167969 -0.586914 -0.188802 0.174728 -0.321238 0.964502
  -0.401367 -0.16276 -0.572266 -0.182292 0.167456 -0.31056 0.964835
  -0.383789 -0.158854 -0.555664 -0.177083 0.159445 -0.301596 0.965196
  -0.367188 -0.15625 -0.540039 -0.174479 0.150861 -0.294559 0.965413
  -0.350586 -0.15625 -0.524414 -0.171875 0.141819 -0.289639 0.965303
  -0.335938 -0.15625 -0.509766 -0.171875 0.132546 -0.286665 0.964648
  -0.323242 -0.15625 -0.496094 -0.171875 0.123682 -0.285042 0.963039
  -0.311523 -0.15625 -0.483398 -0.171875 0.115687 -0.28431 0.960312
  -0.301758 -0.153646 -0.47168 -0.169271 0.109008 -0.283968 0.956954
  -0.293945 -0.152344 -0.462891 -0.166667 0.104092 -0.28344 0.953669
  -0.288086 -0.148438 -0.456055 -0.161458 0.101094 -0.282515 0.950747
  -0.28418 -0.144531 -0.451172 -0.157552 0.0999967 -0.281372 0.948107
  -0.282227 -0.139323 -0.448242 -0.152344 0.100694 -0.280226 0.945595
  -0.283203 -0.134115 -0.448242 -0.145833 0.10306 -0.279362 0.943048
  -0.285156 -0.127604 -0.451172 -0.139323 0.106976 -0.279104 0.940321
  -0.289062 -0.119792 -0.456055 -0.13151 0.112349 -0.279663 0.93734
  -0.294922 -0.113281 -0.461914 -0.126302 0.119097 -0.281326 0.934032
  -0.303711 -0.108073 -0.47168 -0.121094 0.127199 -0.28426 0.930376
  -0.314453 -0.10026 -0.483398 -0.113281 0.136585 -0.288597 0.926357
  -0.329102 -0.0924479 -0.49707 -0.108073 0.147202 -0.294441 0.921944
  -0.345703 -0.0859375 -0.513672 -0.101562 0.158785 -0.301835 0.917159
  -0.364258 -0.078125 -0.533203 -0.0950521 0.170541 -0.311036 0.912029
  -0.385742 -0.0716146 -0.552734 -0.0898438 0.181862 -0.321997 0.906681
  -0.407227 -0.0664062 -0.573242 -0.0872396 0.191981 -0.333357 0.901662
  -0.426758 -0.0625 -0.592773 -0.0833333 0.200006 -0.343144 0.897672
  -0.442383 -0.0625 -0.605469 -0.0846354 0.205533 -0.350422 0.894889
  -0.454102 -0.0598958 -0.614258 -0.0820312 0.208517 -0.35523 0.893089
  -0.459961 -0.0598958 -0.620117 -0.0833333 0.209108 -0.35793 0.892
  -0.462891 -0.0598958 -0.623047 -0.0833333 0.207589 -0.359053 0.891381
  -0.461914 -0.0598958 -0.619141 -0.0833333 0.204275 -0.359164 0.891034
  -0.458008 -0.0598958 -0.615234 -0.0833333 0.199462 -0.358731 0.890832
  -0.451172 -0.0625 -0.609375 -0.0859375 0.193431 -0.358247 0.890622
  -0.445312 -0.0651042 -0.599609 -0.0872396 0.1864 -0.358085 0.890275
  -0.436523 -0.0664062 -0.592773 -0.0885417 0.178574 -0.358594 0.88964
  -0.428711 -0.0690104 -0.583984 -0.0911458 0.17012 -0.360139 0.888554
  -0.419922 -0.0716146 -0.574219 -0.0924479 0.161403 -0.363161 0.886884
  -0.411133 -0.0768229 -0.563477 -0.0963542 0.153208 -0.368561 0.884332
  -0.407227 -0.0794271 -0.557617 -0.10026 0.146026 -0.376914 0.880801
  -0.405273 -0.0859375 -0.551758 -0.105469 0.140078 -0.387254 0.876915
  -0.40625 -0.0885417 -0.550781 -0.108073 0.135538 -0.397813 0.873573
  -0.408203 -0.0924479 -0.549805 -0.111979 0.132462 -0.407649 0.871143
  -0.411133 -0.0950521 -0.551758 -0.117188 0.130848 -0.416606 0.869515
  -0.416016 -0.10026 -0.553711 -0.119792 0.130637 -0.424796 0.868467
  -0.420898 -0.101562 -0.557617 -0.122396 0.131758 -0.432471 0.867746
  -0.426758 -0.106771 -0.5625 -0.127604 0.134136 -0.439924 0.867118
  -0.433594 -0.106771 -0.568359 -0.128906 0.137684 -0.447368 0.866416
  -0.441406 -0.109375 -0.576172 -0.132812 0.142335 -0.455062 0.865483
  -0.450195 -0.111979 -0.583984 -0.134115 0.148023 -0.463192 0.864219
  -0.460938 -0.113281 -0.592773 -0.136719 0.15469 -0.471944 0.862543
  -0.470703 -0.115885 -0.602539 -0.138021 0.162291 -0.481517 0.860385
  -0.484375 -0.115885 -0.614258 -0.140625 0.170626 -0.492169 0.85771
  -0.49707 -0.115885 -0.625977 -0.140625 0.179224 -0.504475 0.854449
  -0.510742 -0.117188 -0.637695 -0.143229 0.1877 -0.518652 0.850678
  -0.526367 -0.119792 -0.650391 -0.145833 0.195424 -0.53337 0.84697
  -0.539062 -0.122396 -0.662109 -0.147135 0.201663 -0.54651 0.844078
  -0.550781 -0.125 -0.669922 -0.152344 0.206079 -0.557006 0.842252
  -0.558594 -0.127604 -0.676758 -0.153646 0.208636 -0.564799 0.841344
  -0.563477 -0.13151 -0.680664 -0.157552 0.209442 -0.570203 0.841126
  -0.566406 -0.132812 -0.682617 -0.158854 0.208682 -0.573719 0.841371
  -0.566406 -0.135417 -0.682617 -0.161458 0.206559 -0.575889 0.841882
  -0.566406 -0.136719 -0.682617 -0.164062 0.203251 -0.577171 0.842514
  -0.5625 -0.139323 -0.678711 -0.164062 0.198935 -0.578032 0.843109
  -0.55957 -0.141927 -0.674805 -0.166667 0.193737 -0.57885 0.843541
  -0.554688 -0.144531 -0.670898 -0.169271 0.187798 -0.580002 0.843664
  -0.549805 -0.147135 -0.665039 -0.171875 0.181248 -0.581898 0.84333
  -0.543945 -0.14974 -0.65918 -0.174479 0.174405 -0.585108 0.842413
  -0.540039 -0.152344 -0.65332 -0.177083 0.167957 -0.590827 0.840624
  -0.536133 -0.154948 -0.649414 -0.179688 0.162332 -0.599841 0.837875
  -0.532227 -0.15625 -0.644531 -0.179688 0.157659 -0.611138 0.834755
  -0.53418 -0.158854 -0.644531 -0.183594 0.154003 -0.622754 0.832127
  -0.535156 -0.161458 -0.643555 -0.186198 0.151395 -0.633576 0.830382
  -0.537109 -0.166667 -0.644531 -0.191406 0.14985 -0.643345 0.82947
  -0.539062 -0.170573 -0.645508 -0.195312 0.149353 -0.65214 0.829217
  -0.542969 -0.175781 -0.647461 -0.199219 0.149875 -0.660224 0.829404
  -0.546875 -0.178385 -0.651367 -0.203125 0.15138 -0.667908 0.829824
  -0.550781 -0.18099 -0.65332 -0.205729 0.15382 -0.675434 0.830335
  -0.554688 -0.183594 -0.657227 -0.208333 0.157151 -0.68308 0.830807 