  0.0249272 -0.146112 0.374291 -0.254257 -0.961039 0.408422 -0.962189 1.56811 1.34223 -1.04119 0.48934 0.56182 1.43159 0.49816 -0.415325 0 0.00120754     0 0.184 -0.152 -7.388 -18.132 6.828 -9.072 -3.068 -12.532 0.148 0.388 0.244 0.34 0.016 0.204 0 0  
  0.0253107 -0.38618 0.368539 -0.795369 -0.962956 0.665364 -0.959505 1.97155 1.34338 -0.859413 0.494709 0.612442 1.44117 0.497777 -0.416092 0 0.00120754     0 0.06 -0.028 -12.396 -18.256 8.964 -9.26 -5.648 -12.472 0.392 0.396 0.136 0.284 0.016 0.204 0 0  
  0.0253107 -0.148413 0.369306 -0.26768 -0.96334 0.462879 -0.959505 1.69965 1.34453 -0.95567 0.495859 0.450223 1.44233 0.498544 -0.415325 0 0.00120754     0 0.684 0.308 -5.008 -18.316 7.98 -9.828 -1.568 -12.472 0.44 0.396 0.292 0.34 0.028 0.196 0 0  
  0.0253107 -0.186379 0.368922 -0.845607 -0.96334 0.661146 -0.959888 2.07279 1.34492 -0.886641 0.495476 0.644655 1.44079 0.49816 -0.414558 0 0.00120754     0 0 0 0 0 0 0 0 0 0 0 0 0 0 0 0 0  
  0.0245437 0.042568 0.37084 -0.291456 -0.963723 0.431816 -0.962573 1.82237 1.34453 -1.09565 0.495476 0.376976 1.44041 0.497393 -0.414942 0 0.00120754     0 0.592 0.404 -4.444 -18.38 7.256 -9.988 -0.424 -12.376 0.412 0.348 0.244 0.332 0.008 0.204 0 0  
  0.0245437 -0.00575243 0.370073 -0.919238 -0.963723 0.649641 -0.962573 2.25917 1.34415 -1.03889 0.495476 0.49049 1.44117 0.498544 -0.414942 0 0.00120754     0 -0.34 0.372 -10.864 -18.412 6.96 -9.796 -3.724 -12.408 0.56 0.34 0.428 0.36 0.028 0.212 0 0  
  0.0256942 0.288005 0.37084 -0.297209 -0.962189 0.408806 -0.963723 1.86954 1.34453 -1.21338 0.496243 0.349364 1.44156 0.497777 -0.414942 0 0.00120754     0 1.056 0.028 -4.976 -18.44 6.896 -9.516 0.292 -12.656 0.392 0.34 0.3 0.272 -0.008 0.184 0 0  
  0.0249272 0.218209 0.370073 -0.951835 -0.962956 0.63967 -0.961806 2.33664 1.34453 -1.13706 0.495092 0.437568 1.44079 0.497393 -0.414942 0 0.00120754     0 -0.152 0.152 -10.3 -18.472 6.732 -9.2 -3.004 -12.44 0.66 0.368 0.204 0.332 0.008 0.212 0 0  
  0.0249272 0.507364 0.369689 -0.300277 -0.96334 0.416092 -0.961422 1.88028 1.34492 -1.29123 0.495476 0.348981 1.44041 0.49816 -0.416092 0 0.00120754     0 0.716 0 -4.192 -18.504 6.992 -9.452 0.456 -12.44 0.38 0.36 0.156 0.392 -0.008 0.184 0 0  
  0.0245437 0.432583 0.370456 -0.948384 -0.962573 0.650408 -0.961422 2.35121 1.34453 -1.20456 0.494709 0.42683 1.44002 0.49816 -0.416092 0 0.00120754     0 0.652 0.124 -10.172 -18.536 6.696 -9.516 -3.004 -12.472 0.58 0.328 0.184 0.3 0.016 0.204 0 0  
  0.0253107 0.697578 0.37084 -0.284553 -0.963723 0.441403 -0.962189 1.84615 1.34338 -1.32728 0.494325 0.352049 1.44156 0.499311 -0.415325 0 0.00120754     0 1.056 0.028 -4.256 -18.692 7.848 -9.42 -0.096 -12.472 0.412 0.3 0.164 0.3 -0.016 0.176 0 0  
  0.0253107 0.60784 0.370073 -0.912719 -0.963723 0.686073 -0.961806 2.3002 1.34415 -1.2153 0.495476 0.446772 1.44041 0.498544 -0.414558 0 0.00120754     0 0.248 0.092 -10.08 -18.472 7.256 -9.544 -3.036 -12.472 0.672 0.3 0.164 0.34 -0.028 0.184 0 0  
  0.0249272 0.878971 0.370456 -0.260777 -0.96334 0.477835 -0.961806 1.7472 1.34415 -1.28164 0.494709 0.383495 1.44041 0.49816 -0.414558 0 0.00120754     0 0.84 0 -4.536 -18.472 8.472 -9.544 -1.076 -12.44 0.328 0.34 0.096 0.34 0 0.196 0 0  
  0.0241602 0.769675 0.370073 -0.843306 -0.96449 0.724422 -0.961422 2.16675 1.3453 -1.13054 0.495092 0.529607 1.44041 0.49816 -0.415709 0 0.00120754     0 0.592 -0.028 -10.58 -18.504 8.8 -9.516 -4.244 -12.44 0.6 0.308 0.136 0.372 0.008 0.196 0 0  
  0.0245437 1.05039 0.370456 -0.227413 -0.962573 0.509665 -0.961422 1.59457 1.34453 -1.1873 0.494325 0.452908 1.44041 0.497777 -0.415709 0 0.00120754     0 1.524 0.092 -4.944 -18.412 9.652 -9.608 -2.188 -12.44 0.352 0.34 0.008 0.32 -0.008 0.204 0 0  
  0.0253107 0.934578 0.370456 -0.752418 -0.963723 0.742447 -0.961806 1.95813 1.34453 -1.01089 0.494325 0.651942 1.44041 0.49816 -0.414942 0 0.00120754     0 0.592 0.06 -11.8 -18.472 10.54 -9.892 -5.584 -12.5 0.572 0.308 0.136 0.36 0.028 0.204 0 0  
  0.0245437 -0.0506214 0.370456 -0.0199418 -0.96449 0.604005 -0.961806 0.871685 1.34415 -0.673418 0.494325 0.841772 1.44079 0.49816 -0.415709 0 0.00120754     0 0.592 0.184 -7.796 -18.472 10.44 -9.704 -7.152 -12.472 0.652 0.308 0.124 0.352 0.016 0.196 0 0  
  0.0249272 -0.0368155 0.37084 -0.353199 -0.96334 0.687223 -0.962573 0.930359 1.34377 -0.627398 0.493175 1.26937 1.44041 0.49816 -0.415709 0 0.00120754     0 0.716 0.152 -16.748 -18.536 10.54 -9.704 -9.144 -12.532 0.34 0.32 0.388 0.3 0.036 0.212 0 0  
  0.0249272 0.0517719 0.370456 -0.437568 -0.964107 0.69451 -0.961422 1.1942 1.34492 -0.703714 0.494325 1.16583 1.44002 0.498544 -0.415325 0 0.00120754     0 0 0.152 -14.744 -18.504 11.164 -9.544 -9.276 -12.22 0.3 0.32 0.456 0.352 0 0.204 0 0  
  0.0249272 0.14918 0.37084 -0.0839854 -0.963723 0.623563 -0.961806 1.15777 1.34453 -0.791534 0.493942 0.761621 1.44041 0.49816 -0.414558 0 0.00120754     0 0.776 0.34 -6.448 -18.504 10.64 -9.796 -5.096 -12.532 0.42 0.308 0.232 0.292 0.028 0.212 0 0  
  0.0249272 0.283403 0.369689 -0.112364 -0.962956 0.621262 -0.962189 1.26208 1.34453 -0.885107 0.493942 0.689141 1.44041 0.49816 -0.414558 0 0.00120754     0 0.748 0 -5.604 -18.504 10.768 -9.544 -4.604 -12.408 0.38 0.376 0.144 0.292 0 0.204 0 0  
  0.0249272 0.223578 0.370456 -0.568723 -0.962573 0.77466 -0.961806 1.54625 1.34377 -0.827199 0.493942 0.936112 1.44041 0.49816 -0.415709 0 0.00120754     0 -0.06 0 -13.368 -18.504 12.052 -9.324 -7.088 -12.408 0.432 0.32 0.292 0.332 0.008 0.184 0 0  
  0.0253107 0.443704 0.371223 -0.125403 -0.962956 0.612058 -0.962189 1.31002 1.34415 -0.976762 0.494325 0.633918 1.44079 0.498927 -0.415709 0 0.00120754     0 1.152 0.06 -5.572 -18.504 10.64 -9.388 -4.276 -12.624 0.28 0.348 0.164 0.292 0.028 0.184 0 0  
  0.0256942 0.378126 0.37084 -0.590583 -0.963723 0.776194 -0.961039 1.608 1.34415 -0.897379 0.494709 0.879738 1.44041 0.498544 -0.416092 0 0.00120754     0 0.248 -0.028 -13.18 -18.472 11.952 -9.388 -6.86 -12.472 0.472 0.3 0.292 0.312 0.028 0.204 0 0  
  0.0249272 0.546097 0.370073 -0.562587 -0.96334 0.776578 -0.962573 1.54165 1.34453 -0.896228 0.494709 0.914253 1.43964 0.497777 -0.414942 0 0.00120754     0 0.248 -0.028 -13.368 -18.504 12.676 -9.324 -7.184 -12.44 0.52 0.288 0.272 0.36 0 0.196 0 0  
  0.0249272 0.803039 0.370456 -0.0901214 -0.96334 0.612058 -0.961806 1.17081 1.34453 -1.01358 0.493942 0.664597 1.44079 0.498544 -0.415709 0 0.00120754     0 0.932 -0.092 -6.384 -18.536 10.112 -9.388 -5.128 -12.472 0.268 0.34 0.144 0.292 0.028 0.204 0 0  
  0.0249272 0.729024 0.370456 -0.498544 -0.962189 0.771209 -0.962189 1.38058 1.34453 -0.868233 0.493942 0.997471 1.44079 0.49816 -0.414558 0 0.00120754     0 0.28 -0.184 -14.212 -18.564 12.968 -9.452 -7.676 -12.472 0.532 0.328 0.312 0.332 0.036 0.204 0 0  
  0.0253107 0.97216 0.370456 -0.0322136 -0.962956 0.633534 -0.961422 0.993253 1.34453 -0.972544 0.493942 0.724806 1.44117 0.49816 -0.414175 0 0.00120754     0 0.872 -0.028 -7.168 -18.472 9.948 -9.292 -6.172 -12.44 0.228 0.34 0.008 0.292 0.028 0.196 0 0  
  0.0256942 0.925374 0.368922 -0.395384 -0.96334 0.766607 -0.962956 1.12057 1.34453 -0.835636 0.494709 1.12287 1.43964 0.49816 -0.414558 0 0.00120754     0 0.528 0.028 -15.34 -18.536 12.344 -9.388 -8.396 -12.5 0.512 0.34 0.312 0.3 0.008 0.196 0 0  
  0.0245437 -0.409189 0.370456 0.132689 -0.96334 0.587131 -0.961806 0.770442 1.34453 -0.22818 0.495092 1.29967 1.44002 0.49816 -0.414942 0 0.00120754     0 0.092 0.248 -4.288 -18.628 8.636 -9.86 -5.748 -12.532 0.924 0.34 1.152 0.3 0.044 0.204 0 0  
  0.0253107 -0.414175 0.369689 -0.145345 -0.963723 0.663447 -0.961039 0.831801 1.34453 -0.166053 0.494709 1.71729 1.43964 0.497777 -0.414942 0 0.00120754     0 -0.464 0.092 -12.396 -18.596 11.228 -9.704 -7.152 -12.408 1.204 0.328 1.376 0.352 0.028 0.196 0 0  
  0.0256942 -0.314466 0.370456 0.152248 -0.96334 0.585214 -0.961806 0.87552 1.34453 -0.218592 0.495092 1.31079 1.44041 0.498544 -0.415325 0 0.00120754     0 0.124 0.152 -2.848 -18.628 9.192 -9.892 -4.18 -12.44 0.952 0.34 1.336 0.3 0.028 0.196 0 0  
  0.0249272 -0.245437 0.370073 0.0314466 -0.962956 0.621262 -0.961422 1.52133 1.34415 -0.310631 0.494709 0.689524 1.44079 0.498544 -0.415325 0 0.00120754     0 0.404 0.248 2.348 -18.536 11.72 -9.768 1.14 -12.472 0.944 0.308 1.016 0.272 0.016 0.212 0 0  
  0.0253107 -0.114665 0.371223 0.0460194 -0.96334 0.630083 -0.962189 1.65823 1.34377 -0.350898 0.494325 0.460578 1.44002 0.497777 -0.414942 0 0.00120754     0 -0.464 0.184 4.696 -18.536 12.016 -9.64 2.48 -12.5 0.804 0.36 0.632 0.352 0.016 0.176 0 0  
  0.0253107 -0.348214 0.369689 -0.327121 -0.962956 0.913102 -0.962189 2.0053 1.34415 -0.286471 0.495092 0.625864 1.44041 0.497777 -0.415325 0 0.00120754     0 0.28 0.124 -1.188 -18.628 14.84 -9.64 0.26 -12.472 1.176 0.348 0.524 0.3 0.008 0.196 0 0  
  0.0249272 -0.203636 0.371223 -0.291073 -0.964107 0.931893 -0.962573 2.10884 1.34492 -0.3555 0.494325 0.368922 1.44002 0.498544 -0.415325 0 0.00120754     0 0.496 -0.028 0.624 -18.628 15.236 -9.576 1.304 -12.472 0.924 0.328 0.244 0.292 -0.008 0.196 0 0  
  0.0245437 0.274966 0.370073 0.0793835 -0.963723 0.647723 -0.961806 1.73263 1.34453 -0.432583 0.494325 0.082068 1.44002 0.498544 -0.415325 0 0.00120754     0 0.436 0.028 6.136 -18.66 12.904 -9.484 3.492 -12.408 0.412 0.32 0.232 0.36 0 0.184 0 0  
  0.0256942 0.00843689 0.370456 -0.260777 -0.962189 0.926908 -0.962189 2.1284 1.34453 -0.431049 0.494325 0.168354 1.44002 0.497777 -0.415709 0 0.00120754     0 0.28 0.028 1.752 -18.752 15.072 -9.42 1.828 -12.5 0.692 0.328 -0.036 0.36 -0.008 0.212 0 0  
  0.0256942 0.00843689 0.370456 -0.260777 -0.962189 0.926908 -0.962189 2.1284 1.34453 -0.431049 0.494325 0.168354 1.44002 0.497777 -0.415709 0 0.00120754     0 0.28 0.028 1.752 -18.752 15.072 -9.42 1.828 -12.5 0.692 0.328 -0.036 0.36 -0.008 0.212 0 0  
  0.0256942 0.00843689 0.370456 -0.260777 -0.962189 0.926908 -0.962189 2.1284 1.34453 -0.431049 0.494325 0.168354 1.44002 0.497777 -0.415709 0 0.00120754     0 0.28 0.028 1.752 -18.752 15.072 -9.42 1.828 -12.5 0.692 0.328 -0.036 0.36 -0.008 0.212 0 0  
  0.0256942 0.664981 0.365087 -0.130772 -0.985199 -0.153782 -0.941481 1.83311 1.36448 -2.05247 0.478602 0.721738 1.41318 0.497393 -0.49816 0 0.00120754     0 0.9 -0.06 -0.936 -18.38 -3.872 -8.948 2.22 -12.656 0.872 0.428 1.6 0.32 0.056 0.156 0 0  
  0.0249272 0.762388 0.365854 -0.205937 -0.985583 -0.0207087 -0.941481 1.82697 1.36448 -1.72803 0.479369 0.679553 1.41586 0.49701 -0.498544 0 0.00120754     0 0.872 0.152 -1.908 -18.224 -0.688 -9.356 1.532 -12.532 0.5 0.376 1.62 0.252 0.072 0.156 0 0  
  0.0253107 0.861714 0.366238 -0.717903 -0.985583 -0.0540728 -0.940714 2.22351 1.36371 -1.53628 0.480519 0.822214 1.41663 0.497777 -0.49816 0 0.00120754     0 0.152 0.436 -11.708 -18.44 -0.952 -9.544 0.064 -12.812 0.632 0.348 1.768 0.232 0.044 0.168 0 0  
  0.0249272 0.922306 0.365471 -0.195966 -0.984432 0.0682621 -0.942631 1.83272 1.36333 -1.60915 0.479369 0.771209 1.41586 0.49816 -0.497777 0 0.00120754     0 0.964 0.28 -1.844 -18.472 -0.096 -9.516 1.436 -12.624 0.52 0.328 1.492 0.252 0.044 0.156 0 0  
  0.0245437 1.05154 0.366238 -0.197117 -0.984049 0.160684 -0.943398 1.7683 1.36294 -1.4128 0.479369 0.844456 1.41701 0.49816 -0.497393 0 0.00120754     0 0.84 0.06 -2.94 -18.316 1.672 -9.452 0.488 -12.656 0.352 0.348 1.628 0.272 0.064 0.176 0 0  
  0.0245437 1.18538 0.364704 -0.181393 -0.983282 0.232782 -0.943015 1.65248 1.36179 -1.25365 0.478602 0.937646 1.41625 0.500078 -0.497393 0 0.00120754     0 0.872 0.06 -3.66 -18.164 2.92 -8.98 -0.16 -12.72 0.328 0.368 1.472 0.264 -0.016 0.168 0 0  
  0.0253107 1.17081 0.365087 -0.604772 -0.983282 0.286087 -0.942631 1.82007 1.36217 -0.920005 0.479369 1.29161 1.41586 0.498544 -0.498544 0 0.00120754     0 0.528 0.28 -13.084 -18.44 4.924 -9.136 -3.296 -12.624 0.392 0.368 1.56 0.232 -0.044 0.168 0 0  
  0.0249272 1.24291 0.365854 -0.518486 -0.984432 0.341311 -0.942631 1.53475 1.36179 -0.785398 0.478986 1.46994 1.41625 0.498544 -0.497777 0 0.00120754     0 2.024 0.28 -13.9 -18.564 6.236 -9.008 -5.52 -12.624 0.168 0.34 1.6 0.312 -0.028 0.168 0 0  
  0.0256942 1.47607 0.367005 -0.0268447 -0.984432 0.297976 -0.942248 1.09296 1.36179 -0.93918 0.478219 1.2732 1.41701 0.497393 -0.498544 0 0.00120754     0 0.684 -0.184 -5.728 -18.472 4.596 -9.484 -4.508 -12.688 0.148 0.32 1.492 0.244 -0.028 0.184 0 0  
  0.0249272 1.56658 0.365471 0.0824515 -0.984432 0.341694 -0.942631 0.727874 1.36217 -0.836787 0.476301 1.41778 1.4174 0.497777 -0.498544 0 0.00120754     0 0.684 -0.152 -6.512 -18.66 5.32 -9.452 -7.348 -12.596 0.068 0.328 1.524 0.34 0 0.176 0 0    
  0.0253107 0.637753 0.365087 -0.0245437 -0.983282 -0.113515 -0.942248 1.08031 1.36026 -1.23639 0.477452 0.731709 1.41778 0.497777 -0.497777 0 0.00120754     0 -0.528 0.216 -6.916 -18.504 -1.904 -9.516 -5.976 -12.624 -0.288 0.32 1.248 0.264 0.044 0.184 0 0  
  0.0256942 0.654626 0.365854 -0.487422 -0.983282 -0.0345146 -0.943398 1.34338 1.36217 -1.03774 0.477068 0.994787 1.4174 0.497393 -0.497777 0 0.00120754     0 0.124 0.216 -17.844 -18.44 -0.164 -9.544 -8.036 -12.596 -0.352 0.308 1.316 0.332 0.036 0.196 0 0    
  0.0249272 0.8295 0.365471 -0.506214 -0.983282 -0.0437185 -0.943015 1.44923 1.35872 -1.06267 0.476301 1.03659 1.41778 0.497393 -0.497777 0 0.00120754     0 0.372 0.34 -17.188 -18.536 -0.292 -9.388 -6.988 -12.596 -0.352 0.328 1.268 0.32 0.028 0.184 0 0  
  0.0253107 0.903131 0.365854 -0.0943398 -0.982131 0.0521553 -0.943398 1.20839 1.36217 -1.16621 0.476301 0.84484 1.4174 0.500078 -0.498544 0 0.00120754     0 0 0.308 -7.136 -18.472 -1.048 -9.104 -5.16 -12.532 -0.352 0.34 1.308 0.292 0.008 0.168 0 0  
  0.0249272 0.924223 0.367005 -0.474384 -0.982898 0.0383495 -0.943015 1.35105 1.35987 -0.959505 0.477068 1.20494 1.41817 0.499311 -0.49816 0 0.00120754     0 0.06 0.34 -16.968 -18.628 1.048 -9.168 -7.612 -12.844 -0.26 0.36 1.276 0.264 -0.056 0.184 0 0   
  0.0253107 1.04502 0.365854 -0.427214 -0.983665 0.0770825 -0.943398 1.24981 1.36141 -0.901597 0.476685 1.33034 1.41817 0.497777 -0.497777 0 0.00120754     0 0.436 0.216 -16.936 -18.44 1.672 -9.04 -7.872 -12.624 -0.56 0.328 1.484 0.292 -0.044 0.176 0 0  
  0.0249272 1.18155 0.366621 0.0325971 -0.981364 0.114665 -0.943015 0.88434 1.35911 -0.989034 0.477068 1.14703 1.41778 0.49816 -0.49816 0 0.00120754     0 0.776 0 -6.856 -18.288 1.016 -9.04 -7.22 -12.688 -0.288 0.308 1.328 0.3 -0.044 0.184 0 0  
  0.0245437 1.26017 0.365087 0.112364 -0.982131 0.18101 -0.942248 0.620495 1.35987 -0.887791 0.475918 1.27972 1.41855 0.49816 -0.49816 0 0.00120754     0 0.652 -0.028 -7.168 -18.472 2.692 -9.544 -8.852 -12.624 -0.58 0.328 1.364 0.34 -0.036 0.176 0 0   
  0.0253107 -1.51941 0.365471 1.01089 -0.985583 0.818762 -0.940714 1.00437 1.36486 0.293374 0.478602 0.957588 1.41318 0.497777 -0.497777 0 0.00120754     0 0.56 -0.06 2.72 -18.628 9.752 -8.852 8.624 -12.656 0.328 0.444 2.068 0.32 -0.028 0.184 0 0  
  0.0253107 -1.58422 0.36317 0.579461 -0.984816 0.898529 -0.939947 1.69735 1.36563 0.154549 0.479369 0.60017 1.4151 0.497393 -0.49816 0 0.00120754     0 0.124 0.216 7.92 -18.564 14.12 -9.2 9.472 -12.564 0.872 0.376 1.748 0.352 -0.028 0.176 0 0  
  0.0245437 -1.69275 0.367005 0.635835 -0.985966 0.777728 -0.943015 1.88718 1.36294 0.0080534 0.479369 0.434117 1.41548 0.49816 -0.49816 0 0.00120754     0 -2.864 0.028 10.8 -18.536 12.84 -9.672 11.496 -12.624 0.744 0.376 1.736 0.312 -0.016 0.176 0 0  
  0.0253107 -1.69313 0.367005 0.753952 -0.984432 0.646573 -0.943015 1.58307 1.36333 0.080534 0.478986 0.327121 1.4151 0.497777 -0.498544 0 0.00120754     0 -5.92 0.124 12.772 -18.412 9.816 -9.544 11.04 -12.624 0.64 0.36 1.824 0.284 -0.008 0.176 0 0  
  0.0256942 -1.69351 0.367005 0.692592 -0.984432 0.638136 -0.943398 1.64443 1.36217 -0.0525388 0.479369 0.448689 1.41586 0.497777 -0.497777 0 0.00120754     0 -7.664 0.06 9.296 -18.412 11.592 -9.356 11.008 -12.532 0.6 0.34 1.768 0.292 0 0.168 0 0  
  0.0253107 -1.6939 0.366621 0.678403 -0.984432 0.618961 -0.943015 1.6613 1.36141 -0.118884 0.479369 0.358568 1.41586 0.497777 -0.498544 0 0.00120754     0 -7.884 -0.152 10.016 -18.412 9.816 -9.008 11.04 -12.752 0.66 0.348 1.716 0.292 0.036 0.168 0 0  
  0.0249272 -1.6939 0.366621 0.664981 -0.984432 0.578311 -0.942631 1.61145 1.36256 -0.115049 0.478986 0.404971 1.41586 0.498544 -0.497777 0 0.00120754     0 -8.04 -0.216 9.172 -18.38 9.128 -9.136 10.516 -12.656 0.672 0.34 1.756 0.332 0.044 0.176 0 0  
  0.0249272 -1.69351 0.366621 0.646189 -0.984432 0.523471 -0.942248 1.57655 1.36179 -0.131155 0.478602 0.394617 1.41663 0.49701 -0.497393 0 0.00120754     0 -7.852 -0.092 9.016 -18.348 8.732 -8.852 9.7 -12.656 0.64 0.34 1.648 0.284 0.044 0.176 0 0  
  0.0256942 -1.69351 0.366621 0.626631 -0.982131 0.462495 -0.942248 1.54088 1.36179 -0.131922 0.478986 0.431049 1.41817 0.498544 -0.498544 0 0.00120754     0 -7.916 0.028 8.576 -18.44 7.848 -9.04 9.376 -12.624 0.672 0.348 1.716 0.292 0.036 0.168 0 0  
  0.0245437 -1.6939 0.366238 0.603238 -0.984049 0.397685 -0.941864 1.51135 1.36217 -0.119651 0.478986 0.423762 1.41663 0.497777 -0.498544 0 0.00120754     0 -7.884 0.028 8.388 -18.536 6.96 -9.072 8.556 -12.624 0.652 0.36 1.612 0.252 0.056 0.156 0 0  
  0.0249272 -1.69505 0.365471 0.494325 -0.983282 0.255408 -0.941097 1.40474 1.35872 -0.0625097 0.477452 0.419544 1.4174 0.497777 -0.498544 0 0.00120754     0 -7.54 0.06 19.972 -18.504 4.432 -9.388 17.804 -12.752 0.12 0.308 4.608 0.284 0.016 0.168 0 0  
  0.0253107 -1.69467 0.366621 0.503913 -0.983282 0.148413 -0.941864 1.36831 1.36294 -0.077466 0.477452 0.404587 1.41663 0.497777 -0.497777 0 0.00120754     0 -6.916 0.092 8.672 -18.504 4.268 -9.168 5.028 -12.624 0.288 0.348 1.384 0.272 0.044 0.176 0 0  
  0.0245437 -1.46955 0.366621 0.515034 -0.984049 0.037966 -0.943782 1.32037 1.36294 -0.041034 0.476685 0.423379 1.41778 0.499694 -0.497777 0 0.00120754     0 -14.928 0.248 11.332 -18.752 1.74 -9.232 4.864 -13.248 0.228 0.348 1.444 0.164 0.056 0.168 0 0  
  0.0241602 -1.41625 0.365854 0.453291 -0.982515 0.35435 -0.943015 1.34492 1.36141 -0.0816845 0.477068 0.259243 1.41701 0.129621 -0.49816 0 0.00120754     0 -2.524 0.152 6.26 -18.66 1.212 -9.2 3.46 -12.532 0.26 0.28 0.876 0.392 0.26 0.156 0 0   
  0.0256942 -0.125786 0.366621 0.21399 -0.982898 1.13515 -0.942248 1.44961 1.35987 0.361252 0.477452 0.0122718 1.41778 0.597102 -0.497777 0 0.00120754     0 -0.152 0.092 3.816 -18.844 19.868 -9.42 2.776 -12.284 0.472 0.34 1.152 0.38 -0.064 0.168 0 0  
  0.0253107 -0.931126 0.366238 1.06458 -0.980981 1.41395 -0.943015 1.2291 1.35987 1.53897 0.477068 -0.368155 1.4174 0.532291 -0.498927 0 0.00120754     0 -0.184 0.028 2.376 -18.816 11.196 -9.388 12.184 -12.688 0.712 0.32 0.908 0.292 -0.092 0.168 0 0  
  0.0260777 -1.04042 0.366238 1.06382 -0.981748 1.42468 -0.942631 1.24866 1.35987 1.67051 0.476685 -0.450223 1.41817 0.524621 -0.497777 0 0.00120754     0 -0.404 0.152 -1.564 -18.816 10.9 -9.356 12.248 -12.596 0.992 0.32 0.664 0.284 -0.112 0.156 0 0  
  0.0260777 -1.3917 0.364704 1.06075 -0.982515 1.16621 -0.943015 1.24061 1.36026 1.88066 0.477452 -0.428364 1.41855 0.511583 -0.49816 0 0.00120754     0 -0.436 0.34 -1.408 -18.816 9.26 -9.388 12.216 -12.564 1.024 0.34 0.212 0.252 -0.056 0.168 0 0  
  0.0256942 -1.69428 0.367005 1.00054 -0.983665 0.938796 -0.942631 1.25096 1.36141 2.45667 0.477452 -0.45866 1.41778 0.501612 -0.49816 0 0.00120754     0 -7.728 0.184 -0.844 -18.908 9.652 -9.452 11.236 -12.596 0.864 0.348 -0.476 0.264 -0.044 0.168 0 0  
  0.0249272 -0.762772 0.366621 -0.139592 -0.982515 0.565655 -0.941864 1.38902 1.36141 3.06029 0.476685 -0.978296 1.4174 0.501995 -0.498544 0 0.00120754     0 -0.28 0.28 -4.724 -18.784 12.412 -9.42 -3.492 -12.624 0.712 0.36 -0.788 0.3 0.072 0.156 0 0  
  0.0260777 -0.81301 0.367005 -0.0429515 -0.982515 0.585597 -0.942248 1.37061 1.35987 3.06029 0.477068 -0.97868 1.41817 0.501612 -0.497777 0 0.00120754     0 -0.372 0.34 -2.252 -18.816 12.28 -9.484 -1.796 -12.624 0.684 0.368 -0.72 0.292 0.064 0.176 0 0  
  0.0260777 -0.859796 0.365854 0.00882039 -0.984049 0.589049 -0.942631 1.38442 1.35987 3.05646 0.477068 -0.951068 1.41855 0.503529 -0.49816 0 0.00120754     0 -0.684 0 -0.312 -18.876 12.052 -9.608 -1.176 -12.72 0.812 0.348 -0.876 0.244 0.1 0.156 0 0  
  0.0253107 -0.519636 0.365854 -0.0283786 -0.98635 0.664597 -0.940714 1.18615 1.36563 -0.447155 0.477835 0.946083 1.41203 0.501612 -0.49816 0 0.00120754     0 0.496 -0.372 -3.912 -18.44 11.952 -8.916 -3.428 -12.78 0.992 0.408 0.664 0.232 0.008 0.184 0 0  
  0.0256942 -0.548015 0.365087 -0.369306 -0.985966 0.78885 -0.941097 1.30695 1.36563 -0.364704 0.479752 1.29928 1.41701 0.501995 -0.498544 0 0.00120754     0 0.528 0.092 -11.644 -18.38 13.592 -9.292 -5.844 -12.752 0.992 0.396 0.84 0.292 0.008 0.176 0 0  
  0.0253107 -0.365854 0.367005 -0.0164903 -0.985199 0.633151 -0.941481 1.2663 1.36448 -0.469398 0.479369 0.948384 1.41548 0.501995 -0.497777 0 0.00120754     0 0.464 0.248 -2.504 -18.38 11.164 -9.388 -2.58 -12.688 0.852 0.36 0.876 0.272 0.028 0.176 0 0  
  0.0249272 -0.518869 0.365471 -0.43335 -0.984816 0.840238 -0.940714 1.59074 1.36486 -0.399219 0.479369 1.11866 1.41548 0.502379 -0.498544 0 0.00120754     0 -0.404 0.34 -9.14 -18.348 13.792 -9.544 -4.572 -12.78 1.044 0.388 0.584 0.292 0.008 0.168 0 0  
  0.0260777 0.776578 0.365854 0.0667282 -0.985583 -0.123485 -0.943015 1.59381 1.36294 -1.75372 0.478602 1.01013 1.41586 0.501995 -0.498544 0 0.00120754     0 -0.092 -0.124 0.688 -18.44 -2.396 -9.072 1.468 -12.624 0.824 0.36 1.912 0.264 -0.036 0.176 0 0  
  0.0260777 0.70333 0.366621 -0.571791 -0.985199 -0.0513884 -0.943782 1.96196 1.36333 -1.4174 0.478986 1.01319 1.41586 0.501995 -0.497393 0 0.00120754     0 0.308 -0.152 -11.96 -18.564 -0.26 -9.072 -1.86 -12.624 0.168 0.348 1.796 0.284 -0.028 0.184 0 0  
  0.0260777 0.921155 0.366238 0.0421845 -0.984432 -0.0153398 -0.942631 1.6149 1.36333 -1.60684 0.477835 1.07609 1.41586 0.501995 -0.497393 0 0.00120754     0 -0.06 -0.124 1.94 -18.38 -0.424 -9.04 1.924 -12.624 0.924 0.34 1.96 0.272 -0.036 0.168 0 0  
  0.0253107 1.04119 0.365087 0.0456359 -0.984432 0.0943398 -0.943015 1.54357 1.36294 -1.44884 0.477835 1.18653 1.41586 0.501612 -0.498544 0 0.00120754     0 0.092 -0.124 1.532 -18.472 1.804 -8.948 1.468 -12.656 0.872 0.34 1.904 0.312 -0.044 0.176 0 0  
  0.0253107 0.872452 0.366238 -0.555685 -0.984049 0.221277 -0.942248 1.91057 1.36179 -1.16851 0.477068 1.28509 1.4151 0.501995 -0.497777 0 0.00120754     0 0.34 -0.028 -11.332 -18.348 3.48 -9.136 -1.664 -12.72 0.048 0.328 1.872 0.252 -0.064 0.196 0 0  
  0.0256942 1.15892 0.365854 0.0667282 -0.982898 0.201718 -0.941481 1.41548 1.36141 -1.31922 0.477452 1.30388 1.41548 0.502762 -0.498544 0 0.00120754     0 0.216 0.152 0.876 -18.412 2.888 -9.292 -0.064 -12.532 0.724 0.3 2.032 0.332 -0.056 0.184 0 0  
  0.0256942 1.26362 0.366621 0.0924223 -0.984049 0.296825 -0.942248 1.24444 1.35949 -1.22718 0.476301 1.41203 1.4151 0.501995 -0.49816 0 0.00120754     0 1.056 0.184 -0.5 -18.752 3.74 -9.576 -1.696 -12.624 0.52 0.328 2.06 0.3 -0.036 0.184 0 0  
  0.0256942 1.09258 0.367005 -0.415325 -0.984432 0.427597 -0.942631 1.61413 1.36217 -1.01319 0.476301 1.59035 1.41548 0.501228 -0.497777 0 0.00120754     0 -0.184 0.124 -11.428 -18.564 7.156 -9.516 -3.396 -12.596 0.14 0.32 1.66 0.292 -0.036 0.184 0 0   
  0.0256942 1.47799 0.366621 0.210922 -0.983282 0.445238 -0.943782 0.698345 1.36217 -1.07609 0.475918 1.6103 1.41701 0.501612 -0.49816 0 0.00120754     0 1.088 0.34 -3.38 -18.628 5.22 -9.292 -6.14 -12.624 0.148 0.34 1.756 0.292 0 0.176 0 0  
  0.0249272 1.4592 0.365854 -0.0724806 -0.983665 0.452141 -0.943398 0.81301 1.36179 -0.997088 0.475534 2.0191 1.41701 0.502379 -0.497777 0 0.00120754     0 0.62 0.124 -11.864 -18.536 6.928 -9.04 -7.576 -12.624 0.08 0.308 1.716 0.292 -0.016 0.168 0 0  
  0.0256942 0.971393 0.365471 -0.0713301 -0.982515 -0.543413 -0.943015 1.73378 1.35987 -1.00783 0.475151 0.0395 1.41817 0.0510049 -0.497777 0 0.00120754     0 0.872 0.06 -0.28 -18.816 -10.212 -9.544 2.056 -12.812 0.26 0.348 1.14 0.264 0.008 0.176 0 0  
  0.0256942 1.06842 0.366621 -0.620112 -0.982898 -0.794986 -0.943015 2.19513 1.35987 -1.08759 0.475918 -0.105078 1.41817 0.0517719 -0.49816 0 0.00120754     0 -0.184 0.152 -8.576 -18.44 -9.26 -9.516 -1.076 -12.376 0.208 0.28 0.908 0.3 0 0.184 0 0   
  0.0253107 1.2153 0.366621 -0.717903 -0.981748 -0.641204 -0.943015 2.25764 1.36026 -1.09488 0.476301 0.110063 1.41663 0.0525388 -0.49816 0 0.00120754     0 -0.092 0.152 -9.64 -18.784 -7.256 -9.484 -0.748 -12.752 0.352 0.328 1.172 0.252 0.064 0.168 0 0  
  0.0256942 1.15547 0.366238 -0.238918 -0.983282 -0.341311 -0.942631 1.88219 1.35987 -1.09028 0.475534 0.101243 1.41778 0.0513884 -0.49816 0 0.00120754     0 0.436 0.248 -2.908 -18.692 -4.86 -9.324 1.992 -12.624 0.492 0.32 1.044 0.264 0.1 0.168 0 0  
  0.0253107 1.30465 0.366621 -0.792301 -0.983282 -0.50583 -0.943398 2.30711 1.36064 -1.04311 0.477452 0.251189 1.4174 0.0513884 -0.49816 0 0.00120754     0 0.092 -0.06 -10.52 -18.72 -5.32 -9.292 -0.716 -12.624 0.42 0.348 1.064 0.3 0.092 0.176 0 0   
  0.0253107 1.3127 0.366621 -0.766223 -0.983282 -0.316767 -0.942631 2.26301 1.36026 -0.910034 0.475534 0.436801 1.4174 0.0529223 -0.497777 0 0.00120754     0 0.248 0.152 -11.08 -18.66 -3.84 -9.168 -0.096 -12.624 0.328 0.328 1.288 0.292 0.1 0.168 0 0  
  0.0268447 1.35757 0.366621 -0.722505 -0.982515 -0.148413 -0.942631 2.09657 1.36064 -0.713685 0.476685 0.692976 1.41701 0.0521553 -0.497777 0 0.00120754     0 0.528 0.092 -13.024 -18.66 -2.164 -9.324 -1.468 -12.624 0.2 0.34 1.452 0.284 0.1 0.168 0 0  
  0.0249272 1.47185 0.365854 -0.300277 -0.983282 -0.0268447 -0.942631 1.66207 1.36026 -0.722121 0.476301 0.554151 1.41778 0.0525388 -0.49816 0 0.00120754     0 0.684 0.184 -7.076 -18.564 -0.688 -9.2 -1.24 -12.624 0.168 0.328 1.016 0.292 0.12 0.156 0 0  
  0.0253107 1.55584 0.366621 -0.273816 -0.982898 0.0279951 -0.943015 1.48681 1.36102 -0.613592 0.476301 0.701413 1.41855 0.0525388 -0.49816 0 0.00120754     0 1.056 0.184 -8.64 -18.752 -0.032 -9.2 -3.136 -12.72 -0.04 0.34 0.876 0.284 0.092 0.176 0 0  
  0.0256942 1.52516 0.367005 -0.573709 -0.983282 -0.00076699 -0.942631 1.61413 1.36064 -0.477452 0.476301 1.11981 1.41817 0.0525388 -0.498544 0 0.00120754     0 1.212 0 -15.78 -18.692 0.588 -9.008 -5.292 -12.596 0.068 0.34 1.348 0.244 0.1 0.156 0 0  
  0.0260777 1.66399 0.366238 -0.174874 -0.982131 0.0559903 -0.942248 1.17311 1.35987 -0.524238 0.476685 0.936112 1.41778 0.0521553 -0.49816 0 0.00120754     0 1.028 0.06 -9.392 -18.72 0.36 -9.072 -6.04 -12.596 -0.128 0.348 1.044 0.244 0.092 0.176 0 0   
  0.0253107 0.648107 0.366621 -0.14918 -0.983282 -0.273049 -0.942631 1.20571 1.36026 -0.654626 0.475918 0.396918 1.41701 0.0525388 -0.49816 0 0.00120754     0 -0.06 0.092 -11.208 -18.72 -3.972 -9.232 -6.076 -12.656 -0.04 0.36 0.768 0.292 0.084 0.176 0 0  
  0.0260777 0.707549 0.366621 -0.578694 -0.982898 -0.245053 -0.942631 1.40129 1.36102 -0.564505 0.475534 0.748583 1.41778 0.0525388 -0.497777 0 0.00120754     0 0.092 0.06 -19.224 -18.692 -4.104 -9.232 -8.592 -12.688 -0.38 0.34 0.496 0.272 0.092 0.184 0 0    
  0.0253107 0.854811 0.366238 -0.619345 -0.982898 -0.218976 -0.942248 1.49333 1.36026 -0.5925 0.476685 0.786549 1.41932 0.0525388 -0.498544 0 0.00120754     0 -0.124 0.184 -18.816 -18.692 -4.168 -9.136 -7.74 -12.564 -0.38 0.32 0.592 0.284 0.072 0.176 0 0   
  0.0249272 1.01856 0.367388 -0.21284 -0.982515 -0.0862864 -0.941864 1.30043 1.35987 -0.652709 0.475918 0.597486 1.41893 0.0517719 -0.498544 0 0.00120754     0 0.84 -0.092 -9.736 -18.692 -2.164 -9.168 -5.584 -12.656 -0.412 0.32 0.828 0.264 0.1 0.156 0 0  
  0.0249272 1.12326 0.366238 -0.615126 -0.982131 -0.160684 -0.943015 1.47416 1.35987 -0.57601 0.475151 0.949534 1.4174 0.0529223 -0.49816 0 0.00120754     0 0.248 0.092 -18.72 -18.752 -2.232 -9.072 -7.84 -12.656 -0.24 0.328 0.888 0.3 0.1 0.176 0 0  
  0.0249272 1.15816 0.366238 -0.180243 -0.982131 -0.0464029 -0.942631 1.19957 1.35987 -0.621262 0.475151 0.717136 1.41855 0.0521553 -0.49816 0 0.00120754     0 0.84 0.124 -10.112 -18.816 -1.704 -9.104 -6.272 -12.624 -0.392 0.328 0.692 0.3 0.092 0.196 0 0  
  0.0253107 1.22373 0.366238 -0.559136 -0.981364 -0.110063 -0.941864 1.3361 1.36026 -0.531141 0.475151 1.09756 1.41855 0.0525388 -0.497777 0 0.00120754     0 0.404 0.152 -18.972 -18.72 -1.244 -9.072 -8.396 -12.564 -0.288 0.32 0.984 0.312 0.084 0.176 0 0  
  0.0256942 1.30312 0.366238 -0.446388 -0.982515 -0.0556068 -0.943015 1.0711 1.36026 -0.480136 0.475918 1.31117 1.41817 0.0529223 -0.49816 0 0.00120754     0 0.528 0.184 -18.94 -18.752 0.524 -9.168 -9.668 -12.624 -0.308 0.34 1.072 0.32 0.092 0.184 0 0  
  0.0264612 1.38787 0.367005 -0.283786 -0.982515 0.0130388 -0.941864 0.708316 1.35987 -0.465563 0.475534 1.53091 1.41855 0.0521553 -0.49816 0 0.00120754     0 -0.028 0.092 -18.44 -18.692 0.62 -9.2 -11.008 -12.596 -0.372 0.308 1.172 0.34 0.112 0.176 0 0  
