  0.0337476 -0.209388 -0.107379 -1.26017 -1.06803 1.13323 -0.713301 1.79169 1.8496 -0.843689 0.428748 1.5685 1.24367 0.714452 -0.388864 0 0.00114045     0 0.808 -0.152 -9.612 -17.54 5.776 -6.584 -11.268 -9.976 -0.712 0.28 0.888 1.136 0.036 0.232 0 0  
  0.123485 -0.0414175 -0.0122718 -1.16813 -0.490107 1.34377 -1.03812 1.50407 2.05937 -0.540728 0.610141 1.62755 0.965641 0.184461 -1.29084 0 0.019656     0 0.716 -0.28 -7.668 -5.276 7.88 -13.36 -12.02 -1.964 0.1 -0.972 0.448 0.772 0.12 0.4 0 0  
  0.100476 -0.0663447 0.0118884 -1.29506 -0.933044 1.30618 -0.892777 1.96004 2.25342 -0.743981 0.613592 0.750117 1.36754 0.615126 -0.580228 0 0.000972738     0 0.9 -0.308 -6.104 -9.964 6.108 -7.244 -11.66 -4.084 -0.32 -0.104 -0.292 2.116 -0.028 0.232 0 0  
  -0.285704 -0.166053 0.353966 -1.00322 -1.4151 1.47262 -1.76945 1.896 1.7821 -1.20993 0.340544 1.6682 0.575626 0.195199 -0.579461 0 0.000972738     0 0.84 -0.308 -5.04 1.52 10.016 -3.62 -9.964 -16.088 -0.724 0.456 0.956 -1.78 -0.028 0.308 0 0  
  -0.521553 -0.0203252 -0.239301 -0.996321 -1.03966 1.25595 -1.43964 1.55009 1.98574 0.0168738 1.03966 1.1804 1.17158 0.136524 -0.809942 0 0.000972738     0 0 0 0 0 0 0 0 0 0 0 0 0 0 0 0 0  
  -0.208238 -0.272665 -0.614359 -0.883189 -1.19574 0.874369 -1.20724 1.91556 2.33702 -1.15087 0.79 1.16506 1.36141 0.956821 -0.890092 0 0.0199579     0 0.652 -0.028 -11.552 -7.668 9.52 -5.448 -7.676 -7.324 -0.16 0.688 0.936 1.9 -0.008 0.26 0 0  
  -0.207854 0.0602087 -0.599786 -1.37636 -1.25326 1.11252 -1.04081 1.97653 2.25342 -0.394617 0.574092 1.18232 0.664981 0.667665 -0.0322136 0 0.0114045     0 0.372 -0.216 -7.856 -10.152 3.972 -5.324 -10.944 -9.476 -0.02 0.444 0.496 0 -0.008 0.1 0 0  
  0.142277 0.00345146 0.246204 -0.898913 -1.46035 1.26784 -0.867083 1.80434 1.86225 -0.868233 0.868233 1.04426 0.848291 0.730175 -0.387714 0 0.00114045     0 0.62 -0.372 -7.732 -15.028 11.952 -2.392 -9.636 -14.496 0 1.76 -0.016 -0.292 0.064 0.168 0 0  
  -0.178325 0.103927 0.0268447 -0.865165 -0.971393 1.07685 -1.31807 2.47431 1.82084 -0.312932 0.896228 0.818762 1.15049 0.349364 -0.278418 0 0.00486369     0 0.56 -0.124 -2.504 -10.928 8.7 -10.932 -1.796 -11.192 1.156 0.94 0.84 0.116 0 0.232 0 0  
  -0.212073 0.079 -0.0640437 -0.875136 -0.991719 0.477835 -1.11367 2.03291 1.82314 -0.429515 0.989034 1.10945 0.924223 0.194049 -0.97216 0 0.00103982     0 0.808 0.092 -12.364 -13.908 6.336 -10.364 -4.244 -11.316 0.328 1.184 1.26 -0.116 0.084 0.308 0 0  
  -0.209005 0.208621 -0.380427 -1.32306 -0.719053 1.15931 -1.02623 1.99264 1.41356 -0.581762 0.802655 1.16774 0.558369 0.314466 -0.289155 0 0.00103982     0 0.9 -0.028 -7.764 -18.38 4.792 -14.4 -10.748 -11.348 -0.32 0.308 0.544 -1.624 0.064 0.156 0 0  
  0.104694 0.079 0.0859029 -0.803422 -1.14857 1.02163 -0.925374 1.92706 1.87107 -0.246587 0.445238 1.05384 1.05538 0.436034 -0.239301 0 0.0199914     0 0.748 -0.092 -7.732 -15.18 11.788 -6.96 -6.432 -11.536 1.116 0.428 0.604 0.332 0.1 0.196 0 0  
  0.246204 0.352049 0.0997088 -0.88434 -0.919238 1.47684 -1.16659 1.53858 1.47032 -0.451757 0.78118 1.04464 0.893544 0.511199 -0.0322136 0 0.000939195     0 0.684 -0.34 -6.888 -16.58 13.168 -11.784 -10.844 -12.72 0.492 0.648 -0.644 -1.116 0.056 0.112 0 0  
  0.355117 0.618194 0.270364 -0.635835 -1.08874 0.640053 -1.50253 2.02255 2.0425 -1.05423 0.448306 1.3081 0.974078 0.389248 -0.738228 0 0.0194212     0 0.496 -0.436 -8.732 -5.276 8.832 -8.756 -2.188 -11.316 0.44 0 1.592 -0.136 0.016 0.268 0 0  
  0.278801 0.0993253 0.0268447 -1.06497 -1.02163 1.18385 -0.982131 1.26285 1.49103 -0.789233 0.286471 0.95452 0.60132 0.190981 -0.257325 0 0.0196225     0 0.776 -0.028 -13.304 -18.412 9.292 -10.3 -12.868 -14.152 -0.108 -0.068 -0.956 -1.664 -0.036 0.168 0 0  
  0.191748 0.0586748 0.722888 -1.27052 -1.48681 1.16161 -1.1037 1.97232 2.06244 -0.322903 0.866699 0.97983 1.0178 0.566806 -0.342845 0 0.000771481     0 0 0 0 0 0 0 0 0 0 0 0 0 0 0 0 0  
  0.398068 0.253107 0.0080534 -0.760854 -1.10063 0.868233 -1.5033 2.13492 1.26438 -0.716369 0.87552 1.07494 0.85366 0.666515 -0.26883 0 0.000771481     0 0.592 0.184 -7.168 -11.704 10.048 -9.704 -3.332 -14.124 0.684 1.128 0.984 -1.948 0.064 0.24 0 0  
  0.22933 0.290689 -0.141893 -1.32843 -1.01856 1.29583 -1.24367 1.87644 2.34009 -1.01243 0.877437 1.10485 1.3917 0.245437 -1.23217 0 0.0197902     0 0.748 0.184 -6.76 -6.952 5.776 -7.78 -12.184 -6.048 -0.944 0.376 0.272 1.84 -0.008 0.408 0 0  
  0.194049 -0.204019 -0.184845 -1.04502 -1.01741 1.17733 -1.67856 1.73071 1.70502 -1.01626 0.926524 1.52094 1.23332 0.172189 -1.06573 0 0.000972738     0 0.84 0 -10.08 -6.24 9.488 -10.744 -10.552 -12.656 -0.724 1.312 0.848 -0.448 0.008 0.372 0 0  
  -0.0115049 -0.148029 -0.179859 -0.904282 -1.32919 1.08529 -1.23639 2.32053 1.72803 -0.492791 1.0155 0.623563 0.983665 0.795369 -0.661529 0 0.011807     0 0.216 -0.216 -4.352 -11.364 9.488 -5.416 -4.44 -14.776 0.812 2.04 0.144 -0.332 0.044 0.268 0 0  
  -0.076699 0.361252 -0.0318301 -1.10984 -0.880121 1.43159 -0.893927 1.5336 1.75948 -0.331723 0.454058 0.120417 1.06343 0.525005 -0.493942 0 0.00120754     0 0.528 -0.092 -6.728 -15.584 9.816 -10.46 -13.46 -9.508 0.372 -0.152 -1.768 0.44 0.016 0.204 0 0  
  0.114665 -0.232398 -0.0540728 -0.707165 -0.77466 1.46917 -1.29545 2.13952 2.14259 -0.864782 0.0981748 1.60915 1.62909 0.931126 -0.732476 0 0.0199914     0 0.652 0.124 -1.22 -4.064 12.412 -11.152 -5.976 -4.58 0.724 -2.808 1.092 2.692 0.008 0.112 0 0  
  -0.295675 0.318301 -0.0164903 -0.799587 -1.08874 1.49218 -1.22642 1.4707 1.95544 -1.0945 0.674568 1.06995 1.29391 0.780796 -0.567573 0 0.0199914     0 0 0 0 0 0 0 0 0 0 0 0 0 0 0 0 0  
  -0.268063 0.751267 -0.0690291 -0.877437 -1.06343 0.874753 -0.994787 2.26914 2.04173 -0.638903 0.814927 0.981364 0.73401 0.589432 -0.462495 0 0.00103982     0 0.464 0.152 -7.48 -12.976 8.832 -8.064 -3.068 -9.912 0.812 0.756 0.964 -0.096 0 0.26 0 0  
  -0.342845 -0.00651942 -0.255024 -0.947233 -1.21261 1.47569 -1.26668 1.6498 1.31309 -0.816845 0.930743 0.526155 1.134 0.436801 -1.28164 0 0.00103982     0 0 0 0 0 0 0 0 0 0 0 0 0 0 0 0 0  
  0.0299126 0.0395 -0.0122718 -1.19382 -1.36831 1.02125 -1.17925 1.67166 1.85727 -0.77466 1.03122 0.705248 1.79629 0.90735 -0.570257 0 0.00103982     0 0.436 -0.436 -12.74 -11.112 7.552 -3.936 -12.904 -12.22 -0.22 2.276 -0.68 1.568 0.064 0.24 0 0  
  0.0295291 -0.0302961 0.329422 -1.13783 -1.06688 0.601704 -1.27589 1.72765 1.57118 -0.780413 0.240835 1.04426 1.22028 0.698345 -0.979063 0 0.0197566     0 0 0 0 0 0 0 0 0 0 0 0 0 0 0 0 0  
  0.100859 0.0728641 -0.0682621 -0.918471 -1.2176 1.54664 -1.47416 2.20165 1.75372 -0.0625097 0.96334 1.42852 0.913486 0.521937 -0.56834 0 0.00103982     0 0.528 0.184 -0.028 -8.104 9.884 -7.56 -7.284 -14.308 1.324 1.584 0.964 -0.704 0.084 0.26 0 0  
  -0.287238 -0.00268447 0.196733 -0.792301 -1.30618 0.49701 -0.651558 1.40359 1.56044 -0.715986 0.66268 1.3338 0.900063 0.838704 -1.24713 0 0.00103982     0 0.06 -0.124 -18.472 -21.02 7.256 -4 -10.124 -15.34 -0.3 1.312 0.828 -0.84 0.056 0.38 0 0  
  0.0866699 0.599403 0.0483204 -0.733626 -0.827966 1.61528 -1.2268 2.07202 1.99916 -0.531524 0.369689 0.94033 1.41471 0.901981 -0.473233 0 0.00385741     0 0.964 -0.184 0.904 -8.228 13.756 -12.036 -7.872 -7.168 0.892 -0.884 -0.332 1.372 0.184 0.184 0 0  
  -0.400369 -0.0421845 0.199034 -1.01473 -0.613209 1.25211 -1.34799 1.61451 1.56236 -0.809942 1.02086 1.23179 0.819529 0.557219 -0.698345 0 0.00120754     0 0.872 -0.404 -9.924 -12.044 10.736 -17.012 -11.336 -8.948 -0.288 0.512 0.036 -1.224 0.072 0.156 0 0  
  -0.0843689 0.113131 -0.270748 -1.09181 -1.11214 1.02968 -1.11942 1.81777 1.56965 -0.349748 0.243136 0.880505 0.886641 0.45751 -1.24866 0 0.00134171     0 0.652 0.028 -11.208 -14.904 8.8 -9.232 -10.712 -14.124 0.48 -0.164 -0.164 -1.016 -0.008 0.324 0 0  
  -0.30066 0.374675 0.257325 -1.2245 -0.561437 1.27896 -1.72381 2.01373 2.57287 -0.290306 0.794219 1.08222 1.06036 0.888558 -0.25349 0 0.00114045     0 0 0 0 0 0 0 0 0 0 0 0 0 0 0 0 0  
  -0.171039 -0.574859 0.120417 -0.695277 -1.25288 1.17158 -0.67917 1.86072 1.44424 -0.922306 -0.0126553 0.951068 0.607456 0.722121 -0.497777 0 0.0199914     0 0.248 0.216 -6.636 -21.144 13.956 -5.196 -7.12 -16.12 0.28 -0.096 0.048 -1.78 -0.008 0.156 0 0  
  0.123869 -0.819146 -0.112364 -0.9875 -0.573709 1.08913 -0.893544 1.52823 2.19283 -0.22933 0.423379 0.617427 1.00859 0.567956 -0.210922 0 0.000905652     0 0.28 -0.124 -12.052 -5.4 11 -10.46 -12.28 -0.496 0.552 -1.08 -1.016 1.488 0.028 0.128 0 0  
  -0.252723 0.249272 0.551466 -1.25441 -1.01166 0.749733 -0.831418 2.33779 1.45306 -0.664597 0.43335 1.2617 1.13284 0.714068 -0.0448689 0 0.000905652     0 0.496 0 -9.984 -20.492 4.464 -8.6 -5.648 -13.092 -0.048 0.34 1.464 -0.144 0.016 0.092 0 0  
  -0.0279951 0.0398835 0.130005 -1.25518 -0.839854 0.823748 -1.37368 1.99264 1.76676 -0.591733 0.886257 1.00552 1.05615 0.548398 -0.202485 0 0.000905652     0 0.932 0.216 -12.492 -10.524 4.528 -13.328 -9.996 -10.444 -0.08 0.572 0.448 -0.38 -0.036 0.084 0 0  
  -0.185995 0.0464029 -0.382728 -0.729791 -1.19535 1.42507 -1.36333 1.95429 2.27259 -0.97101 0.707549 0.830267 0.819913 0.133073 -0.715986 0 0.00117399     0 0.592 -0.124 -3.256 -5.96 14.184 -6.616 -7.936 -9.696 0.22 0.512 -0.428 0.224 0.084 0.28 0 0  
  -0.0268447 0.225112 0.455209 -0.570641 -0.892393 1.19574 -0.825282 2.10462 1.975 -0.465947 0.493942 1.11827 0.549165 0.0126553 -0.911952 0 0.00117399     0 0.372 0 -1.28 -14.156 13.956 -9.672 -3.1 -7.98 1.436 -0.028 0.692 -0.36 0.008 0.224 0 0  
  0.697194 0.148796 -0.475151 -1.3917 -0.119651 0.695277 -1.47147 1.58384 2.01258 -0.408806 0.709466 1.21645 1.0688 0.0843689 -0.406121 0 0.0120083     0 0 0 0 0 0 0 0 0 0 0 0 0 0 0 0 0  
  -0.227413 0.177175 0.525005 -0.74935 -0.730942 1.10255 -1.16084 2.3792 2.0425 -0.918088 1.01588 0.767374 1.01665 0.766607 0.172189 0 0.00107337     0 0.776 -0.092 -2.536 -9.096 9.916 -12.884 -2.384 -6.296 0.884 0.484 0.3 0.48 0.072 0.056 0 0  
  0.0540728 0.00345146 0.513117 -1.16659 -1.19574 1.24674 -1.07187 1.75948 2.62157 -0.875903 1.20763 1.60876 1.21146 0.244286 -0.68799 0 0.00851984     0 0 0 0 0 0 0 0 0 0 0 0 0 0 0 0 0  
  -0.259243 -0.0233932 -0.253874 -1.0201 -1.15394 0.822981 -1.21606 2.47431 1.57962 -0.477835 1.055 0.938029 0.950685 0.60899 -0.329039 0 0.00103982     0 0.872 -0.124 -6.352 -13.848 6.336 -8.096 -1.892 -14.308 0.712 1.564 1.22 -0.724 0.036 0.204 0 0  
  0.076699 0.278801 -0.557986 -0.751267 -0.804573 0.677636 -1.39822 1.36141 1.71077 -0.254641 0.417243 1.06036 0.723272 1.0247 -1.03544 0 0.0199914     0 0.34 0.152 -17.124 -9.56 10.472 -14.68 -10.124 -10.944 0.692 -0.444 0.096 -1.312 0.044 0.308 0 0  
  0.283403 -0.231248 -0.0663447 -0.755486 -1.04426 1.00514 -1.22718 2.36425 1.96388 -0.0889709 0.732092 1.04349 1.04541 0.620495 -0.816078 0 0.00110691     0 0.808 -0.372 -2.408 -10.524 9.16 -9.64 -1.24 -10.66 1.324 0.6 1.22 0.244 0.072 0.336 0 0  
  0.282636 -0.460578 -0.347447 -1.38787 -0.572175 1.40551 -0.530374 2.31209 1.70924 -0.739762 0.924223 0.561437 0.86133 0.785398 -0.52117 0 0.00110691     0 0.932 -0.028 -2.316 -15.584 3.02 -8.82 -9.408 -6.016 -0.148 0.524 -0.068 0.772 0.044 0.26 0 0  
  0.143044 -0.0264612 -0.0947233 -0.895461 -1.13361 0.901981 -1.09143 1.58537 1.75526 -0.934194 0.369306 1.31884 0.612442 1.05883 -0.651175 0 0.0186162     0 0.184 -0.528 -14.464 -14.312 10.212 -8.284 -10.092 -13.688 -0.34 0.144 0.612 -1.32 0.056 0.184 0 0  
  -0.336709 0.0233932 -0.432199 -1.36217 -0.957204 1.24367 -1.69198 2.09465 2.26377 -1.15739 1.00207 1.33917 1.1455 0.874753 0.172573 0 0.019656     0 0.592 -0.124 -6.604 -1.704 3.904 -9.608 -10.388 -9.884 -1.016 1 1.044 0.408 0.036 0.12 0 0  
  0.255408 0.181777 -0.0325971 -1.12863 -0.802272 0.883956 -1.70962 1.79322 2.18055 -0.455976 0.397685 0.501228 1.56965 0.135757 -0.120417 0 0.019656     0 0.372 -0.404 -13.492 -0.712 7.912 -11.656 -11.496 -8.26 0.3 -0.816 -0.8 1.204 0.128 0.036 0 0  
  0.255791 -0.298743 0.821063 -1.44386 -1.04272 1.19996 -1.2663 2.15831 1.80051 -0.846374 0.604388 0.94033 0.497777 0.52884 -0.478986 0 0.0186833     0 0.996 -0.092 -6.168 -11.516 2.692 -10.776 -10.516 -12.936 -0.592 0.368 0.488 -1.556 -0.008 0.176 0 0  
  0.0383495 -0.161835 -0.10201 -1.21721 -1.05768 1.14013 -0.787316 1.81432 1.86302 -0.81301 0.468248 1.47761 1.20648 0.67802 -0.407655 0 0.000939195     0 0.996 -0.216 -9.736 -16.796 6.696 -7.12 -11.04 -9.884 -0.64 0.376 0.828 0.96 0.072 0.196 0 0  
  0.0958738 -0.0203252 -0.0214757 -1.13821 -0.571791 1.31769 -1.06075 1.57617 2.03943 -0.56182 0.620112 1.52516 0.973694 0.236617 -1.16046 0 0.0199914     0 0.372 -0.436 -7.984 -6.58 8.436 -13.108 -11.824 -3.46 0.148 -0.648 0.448 0.604 0.036 0.364 0 0  
  0.0885874 -0.041801 -0.00191748 -1.24598 -0.948 1.28279 -0.934194 1.95851 2.20011 -0.729408 0.62318 0.795753 1.31002 0.596335 -0.565272 0 0.000939195     0 0.964 -0.34 -6.7 -10.74 6.732 -7.844 -11.564 -5.236 -0.3 0.056 -0.232 1.888 0.072 0.252 0 0  
  -0.236617 -0.130388 0.236617 -0.998238 -1.38327 1.42737 -1.72803 1.89868 1.81163 -1.12172 0.394617 1.56198 0.649257 0.245053 -0.564888 0 0.000939195     0 0.872 -0.62 -5.26 0.216 9.884 -4.472 -9.864 -15.368 -0.592 0.58 0.908 -1.496 -0.028 0.28 0 0  
  -0.432583 0.0122718 -0.212456 -0.999388 -1.0362 1.24483 -1.39285 1.64673 1.97999 -0.0974078 0.978296 1.16889 1.14627 0.196733 -0.757787 0 0.000939195     0 0.404 0.092 -8.232 -7.976 11.196 -10.144 -10.812 -10.848 1.044 1.216 0.008 0.408 0.044 0.224 0 0  
  -0.18868 -0.214757 -0.553384 -0.901981 -1.17963 0.920772 -1.22067 1.91978 2.27374 -1.06957 0.769291 1.1409 1.30465 0.881655 -0.823748 0 0.0197566     0 0 0 0 0 0 0 0 0 0 0 0 0 0 0 0 0  
  -0.189063 0.0655777 -0.555685 -1.31424 -1.25518 1.12364 -1.08261 1.97155 2.20701 -0.44217 0.590583 1.15394 0.724422 0.639286 -0.109296 0 0.00962675     0 0.464 -0.216 -8.14 -10.276 4.892 -5.48 -10.748 -10.036 0.1 0.532 0.436 -0.008 -0.008 0.12 0 0  
  0.110063 0.0157233 0.176791 -0.913486 -1.45383 1.25365 -0.929976 1.82697 1.87491 -0.834102 0.835636 1.04081 0.877054 0.691825 -0.405354 0 0.00103982     0 0.748 -0.248 -7.668 -14.156 11.756 -2.772 -9.604 -14.34 0.04 1.74 -0.008 -0.252 0.072 0.1 0 0  
  -0.15033 0.0981748 0.00920388 -0.878971 -0.972544 1.078 -1.29468 2.45974 1.84116 -0.375442 0.858646 0.883573 1.12786 0.374675 -0.316384 0 0.00385741     0 0 0 0 0 0 0 0 0 0 0 0 0 0 0 0 0  
  -0.177175 0.079 -0.0667282 -0.896995 -0.994403 0.590966 -1.11866 2.01795 1.84231 -0.469398 0.935345 1.09526 0.939947 0.245053 -0.89316 0 0.00117399     0 0 0 0 0 0 0 0 0 0 0 0 0 0 0 0 0  
  -0.176791 0.187529 -0.331723 -1.2709 -0.763922 1.16352 -1.04771 1.98497 1.49908 -0.596335 0.78118 1.1432 0.635068 0.343612 -0.322519 0 0.00117399     0 0.684 0.06 -7.952 -17.232 5.484 -13.8 -10.552 -11.252 -0.24 0.368 0.488 -1.388 0.14 0.204 0 0  
  0.0770825 0.0793835 0.0598253 -0.835253 -1.12402 1.04848 -0.966024 1.92821 1.88296 -0.316384 0.481286 1.04809 1.05078 0.447155 -0.282252 0 0.0199914     0 0.62 -0.592 -7.824 -14.652 11.556 -7.464 -7.024 -11.44 0.992 0.444 0.576 0.332 0.112 0.224 0 0  
  0.194816 0.306413 0.0701796 -0.903898 -0.93266 1.42737 -1.16966 1.60416 1.54855 -0.488189 0.761238 1.04004 0.914636 0.510816 -0.10968 0 0.00087211     0 0.872 -0.28 -7.104 -15.46 12.772 -11.592 -10.748 -12.5 0.46 0.728 -0.516 -0.98 0.128 0.184 0 0  
  0.28417 0.529223 0.214757 -0.694893 -1.07417 0.727107 -1.44923 2.00951 2.02524 -0.9875 0.484738 1.25978 0.982131 0.407655 -0.697961 0 0.0159663     0 0.684 -0.28 -9.048 -6.644 9.52 -8.916 -3.46 -11.128 0.36 0.124 1.328 -0.076 0.008 0.168 0 0  
  0.237384 0.0962573 0.00690291 -1.05653 -1.01703 1.18462 -1.00974 1.3733 1.56274 -0.768908 0.350898 0.967175 0.672651 0.242369 -0.296442 0 0.019656     0 0.932 0.028 -12.68 -17.076 9.52 -10.428 -12.804 -13.56 -0.068 0.084 -0.8 -1.36 0.028 0.204 0 0  
  0.167971 0.0621262 0.579078 -1.22642 -1.48413 1.16314 -1.13016 1.96695 2.0448 -0.380044 0.834869 0.991719 1.01741 0.555685 -0.368539 0 0.00110691     0 1.184 -0.308 -8.044 -9.684 6.468 -1.764 -10.584 -13.032 0.3 1.78 0.156 0.468 0.1 0.112 0 0  
  0.313699 0.226646 -0.00882039 -0.797287 -1.08146 0.916937 -1.44884 2.10155 1.37636 -0.707549 0.841388 1.0665 0.881272 0.637753 -0.305646 0 0.00110691     0 0.56 -0.248 -7.48 -11.892 10.44 -10.144 -4.408 -14.092 0.532 1.088 0.876 -1.664 0.128 0.212 0 0  
  0.200951 0.269597 -0.130772 -1.33073 -1.01434 1.29084 -1.23179 1.88756 2.27719 -0.964874 0.847524 1.10293 1.33034 0.289155 -1.11099 0 0.0198237     0 0.964 0.184 -6.916 -7.7 5.22 -8.096 -11.956 -6.828 -0.904 0.464 0.332 1.656 -0.056 0.316 0 0  
  0.166437 -0.157617 -0.168354 -1.03505 -1.01473 1.17541 -1.59496 1.76523 1.74337 -0.958354 0.882806 1.43696 1.19996 0.227413 -0.972927 0 0.000905652     0 0 0 0 0 0 0 0 0 0 0 0 0 0 0 0 0  
  -0.00651942 -0.108913 -0.166437 -0.918088 -1.27474 1.09603 -1.22757 2.2584 1.76254 -0.523087 0.957971 0.690291 0.989418 0.747049 -0.633918 0 0.00962675     0 0.464 -0.528 -4.944 -11.952 9.752 -6.396 -5.292 -14.308 0.804 1.788 0.184 -0.272 0.016 0.308 0 0  
  -0.0617427 0.305646 -0.0318301 -1.09603 -0.893927 1.38825 -0.934194 1.58614 1.79399 -0.388481 0.48934 0.264995 1.05576 0.52232 -0.494709 0 0.00103982     0 0.9 -0.308 -7.48 -14.748 10.048 -10.364 -13.264 -9.26 0.372 -0.008 -1.56 0.496 -0.008 0.296 0 0  
  0.0859029 -0.180626 -0.0579078 -0.752801 -0.811476 1.42047 -1.27627 2.10999 2.10961 -0.832568 0.192131 1.51135 1.53091 0.859796 -0.694126 0 0.0199914     0 0.652 0.092 -2.252 -5.464 12.116 -10.776 -6.4 -6.08 0.472 -1.232 1.052 1.704 0.036 0.148 0 0  
  -0.241985 0.290689 -0.0241602 -0.83717 -1.07455 1.42929 -1.2153 1.57617 1.95391 -1.01741 0.675335 1.06957 1.24713 0.733626 -0.556452 0 0.0199914     0 0.808 -0.496 -8.64 -10.836 14.348 -8.916 -10.06 -10.444 -0.3 0.68 -0.408 0.732 -0.008 0.308 0 0  
  -0.232782 0.641971 -0.0705631 -0.898529 -1.05269 0.920772 -1.02278 2.21775 2.02485 -0.643888 0.791151 0.987117 0.783481 0.574859 -0.468248 0 0.00103982     0 0.716 0.06 -8.012 -12.696 9.028 -8.284 -4.18 -9.912 0.764 0.688 0.868 -0.048 -0.008 0.288 0 0  
  -0.279951 0.0253107 -0.213223 -0.962956 -1.17848 1.44884 -1.24444 1.6916 1.40934 -0.790384 0.891243 0.602087 1.11635 0.447155 -1.15087 0 0.00103982     0 0.872 -0.436 -6.572 -14.904 11.952 -7.716 -11.728 -14.528 0.028 1.544 -1.104 -0.948 -0.008 0.268 0 0  
  0.0191748 0.0471699 -0.0249272 -1.16237 -1.30772 1.04426 -1.1781 1.71844 1.87184 -0.75932 0.971777 0.75932 1.66667 0.838704 -0.558753 0 0.00103982     0 0.464 -0.56 -12.148 -11.736 8.176 -5.292 -12.28 -12.096 -0.12 1.992 -0.556 1.468 0.128 0.24 0 0  
  0.0191748 -0.0126553 0.264228 -1.11367 -1.05423 0.693359 -1.2617 1.76484 1.63522 -0.761621 0.311782 1.04081 1.1873 0.666898 -0.899296 0 0.0196225     0 0.748 -0.436 -15.716 -11.764 6.632 -9.988 -10.68 -12.596 -0.372 -0.232 0.348 -0.204 -0.028 0.24 0 0  
  0.0763155 0.0755486 -0.077466 -0.926141 -1.18155 1.48719 -1.42737 2.16253 1.79131 -0.163752 0.912719 1.36256 0.931893 0.520403 -0.557219 0 0.00103982     0 0 0 0 0 0 0 0 0 0 0 0 0 0 0 0 0  
  -0.233932 0.0111214 0.151481 -0.824515 -1.25671 0.605155 -0.73401 1.49333 1.62449 -0.708316 0.664981 1.28126 0.919621 0.781947 -1.12364 0 0.00103982     0 0.56 -0.124 -16.968 -20.304 8.308 -4.912 -9.864 -14.592 -0.148 1.176 0.7 -0.656 0.044 0.324 0 0  
  0.0582913 0.512733 0.0464029 -0.777345 -0.862864 1.53858 -1.21568 2.14297 2.0471 -0.534976 0.406888 0.990185 1.38403 0.837554 -0.476301 0 0.00305238     0 0 0 0 0 0 0 0 0 0 0 0 0 0 0 0 0  
  0.0406505 -0.304879 -0.116966 -1.34607 -1.09181 1.11981 -0.56182 1.74145 1.81547 -0.902364 0.347447 1.74989 1.31769 0.783481 -0.351665 0 0.00120754     0 0 0 0 0 0 0 0 0 0 0 0 0 0 0 0 0  
  0.181393 -0.082068 0.0107379 -1.2245 -0.322136 1.40321 -0.993636 1.35834 2.10117 -0.494709 0.589049 1.82774 0.947233 0.077466 -1.55431 0 0.0198908     0 0.528 -0.308 -6.824 -1.428 6.928 -13.612 -12.084 0.996 -0.04 -1.284 0.508 0.888 0.084 0.4 0 0  
  0.120417 -0.119267 0.0437185 -1.39285 -0.914253 1.34875 -0.801888 1.97347 2.35888 -0.769675 0.60017 0.664214 1.48336 0.652709 -0.607456 0 0.00103982     0 0.84 -0.436 -4.884 -8.972 4.432 -6.144 -12.412 -1.9 -0.34 -0.252 -0.408 2.528 0.008 0.24 0 0  
  -0.397685 -0.248888 0.564505 -1.00552 -1.43312 1.57386 -1.89178 1.88104 1.71844 -1.39055 0.230864 1.88296 0.427597 0.0935728 -0.604772 0 0.00103982     0 0.652 -0.496 -3.912 4.624 9.884 -3.34 -10.092 -16.648 -0.932 0.328 0.964 -2.212 0.072 0.296 0 0  
  -0.701413 0.0149563 -0.289539 -0.984816 -1.05806 1.35566 -1.53206 1.35067 1.99916 0.296058 1.16084 1.18117 1.21875 0.0141893 -0.912719 0 0.00103982     0 0.06 -0.496 -8.328 -6.424 11.392 -9.388 -11.76 -11.44 1.548 1.868 -0.38 0.508 0.112 0.296 0 0  
  -0.255791 -0.389631 -0.660379 -0.844073 -1.18577 0.775044 -1.11866 1.90904 2.4375 -1.31002 0.831034 1.21376 1.47454 1.10868 -1.01895 0 0.0199579     0 0.436 -0.34 -12.492 -7.7 9.028 -4.788 -7.152 -5.58 -0.208 0.668 1.152 2.34 -0.016 0.252 0 0  
  -0.254641 0.0249272 -0.681087 -1.41817 -1.22412 1.078 -0.959505 1.98727 2.35428 -0.302194 0.542262 1.23485 0.546481 0.722121 0.122718 0 0.0148259     0 0.84 0 -7.48 -9.78 3.248 -5.04 -10.976 -7.824 0.008 0.34 0.576 -0.016 0 0.044 0 0  
  0.218209 -0.0218592 0.379277 -0.865165 -1.47185 1.30005 -0.752034 1.75717 1.83809 -0.934961 0.933427 1.05269 0.791918 0.803422 -0.348981 0 0.00103982     0 0 0 0 0 0 0 0 0 0 0 0 0 0 0 0 0  
  -0.252723 0.076699 0.0613592 -0.858262 -0.96449 1.04387 -1.36678 2.50307 1.78057 -0.186762 0.97101 0.697578 1.1919 0.30066 -0.204786 0 0.00684271     0 0 0 0 0 0 0 0 0 0 0 0 0 0 0 0 0  
  -0.298359 0.077466 -0.0552233 -0.834102 -0.990568 0.248121 -1.09488 2.0632 1.78287 -0.351282 1.09565 1.13783 0.892393 0.0897379 -1.12901 0 0.00114045     0 0.716 0.092 -12.428 -14.964 4.072 -10.428 -2.676 -11.72 0.2 1.468 1.58 -0.224 0.084 0.372 0 0  
  -0.264228 0.226262 -0.480903 -1.37713 -0.625097 1.14282 -0.978296 2.0099 1.23831 -0.552617 0.84484 1.2176 0.40382 0.251573 -0.219743 0 0.00114045     0 1.276 -0.28 -7.668 -20.524 4.364 -14.588 -10.748 -11.408 -0.36 0.376 0.652 -2.048 0.072 0.112 0 0  
  0.143044 0.0786165 0.139209 -0.742063 -1.19344 0.972927 -0.847524 1.92169 1.845 -0.103927 0.37199 1.06497 1.06842 0.413024 -0.151481 0 0.0198573     0 0.56 -0.34 -7.512 -16.112 12.312 -6.08 -5.684 -11.908 1.216 0.496 0.82 0.3 0.044 0.184 0 0  
  0.341311 0.44332 0.159917 -0.846374 -0.895461 1.57847 -1.16583 1.40474 1.31117 -0.381578 0.816845 1.05039 0.849825 0.516568 0.123869 0 0.00087211     0 0.748 -0.28 -6.7 -18.38 13.924 -12.004 -10.552 -12.908 0.932 0.72 -0.916 -1.496 0.016 0.084 0 0  
  0.480519 0.79652 0.385796 -0.516568 -1.11635 0.468631 -1.61451 2.04748 2.07471 -1.18078 0.372757 1.40359 0.958738 0.353966 -0.815694 0 0.0197231     0 0.776 -0.216 -7.044 -2.948 6.896 -8.284 0.032 -11.692 0.684 0.016 1.836 -0.232 0.1 0.308 0 0  
  0.365087 0.107762 0.0617427 -1.08644 -1.0293 1.1873 -0.920388 1.03735 1.34147 -0.827199 0.157233 0.933044 0.460194 0.0882039 -0.177175 0 0.0197231     0 0.808 0.124 -14.212 -20.396 8.436 -9.576 -12.672 -15.12 -0.28 -0.096 -1.276 -2.028 0.064 0.12 0 0  
  0.246204 0.0494709 0.9875 -1.36064 -1.48336 1.15624 -1.06305 1.98727 2.10731 -0.20517 0.933427 0.970243 1.01588 0.587131 -0.290689 0 0.00103982     0 1.088 0.34 -7.2 -10.368 4.728 -1.48 -11.268 -12.344 0.26 1.836 0.104 0.744 0 0.084 0 0  
  0.557602 0.311782 0.0356651 -0.683005 -1.13476 0.770058 -1.61605 2.20011 1.04042 -0.731325 0.945699 1.09334 0.799204 0.721738 -0.189063 0 0.00103982     0 0.404 0.528 -5.916 -10.804 9.292 -8.696 -1.044 -13 0.932 1.088 1.24 -2.368 0.044 0.196 0 0  
  0.297976 0.32482 -0.161451 -1.31922 -1.0247 1.30427 -1.26784 1.87376 2.46856 -1.0991 0.950301 1.11137 1.51519 0.161451 -1.47531 0 0.0199914     0 0.652 0.248 -6.948 -5.928 4.924 -6.9 -12.184 -4.8 -1.044 0.376 0.36 2.3 -0.064 0.448 0 0  
  0.237767 -0.298359 -0.219743 -1.05998 -1.02508 1.17733 -1.8473 1.65977 1.62679 -1.13438 1.01204 1.68623 1.30503 0.0636602 -1.25595 0 0.000905652     0 0.776 -0.028 -10.644 -4.128 8.896 -10.648 -10.844 -12.908 -0.864 1.592 0.868 -0.664 -0.036 0.372 0 0  
  -0.0295291 -0.224345 -0.190214 -0.872068 -1.38097 1.05653 -1.24981 2.44632 1.65823 -0.43335 1.13131 0.491641 0.972544 0.895461 -0.717136 0 0.0159999     0 0.372 -0.308 -3.004 -11.052 8.832 -4.472 -2.548 -15.368 0.804 2.412 0.184 -0.38 0.016 0.288 0 0  
  -0.111597 0.453675 -0.0149563 -1.14588 -0.840621 1.51787 -0.801505 1.39477 1.70195 -0.218976 0.378893 -0.181777 1.07954 0.534209 -0.491257 0 0.00103982     0 0.872 0 -6.072 -16.92 9.62 -10.08 -13.62 -9.416 0.26 -0.152 -1.768 0.604 0.1 0.252 0 0  
  0.171806 -0.335175 -0.0322136 -0.609757 -0.700646 1.56888 -1.33725 2.2074 2.19283 -0.927291 -0.102777 1.80396 1.78709 1.07494 -0.809175 0 0.0199579     0 0.872 -0.28 0.904 -2.884 13.628 -10.552 -5.292 -1.12 0.864 -0.7 1.208 5.22 -0.008 0.128 0 0  
  -0.401519 0.519252 0.00498544 -0.813777 -1.12211 1.84231 -1.24828 1.20417 1.95276 -1.23562 0.674185 0.979447 1.38595 0.872452 -0.588282 0 0.0199579     0 0.872 -0.28 -6.7 -10.4 14.38 -8.128 -9.144 -10.788 -0.352 0.668 -1.416 1.076 0.056 0.252 0 0  
  -0.339393 0.962189 -0.0628932 -0.859029 -1.07839 0.753568 -0.933427 2.35926 2.07586 -0.643888 0.864398 0.969476 0.638136 0.618578 -0.450223 0 0.00087211     0 0.684 0.092 -6.604 -13.412 7.52 -7.592 -1.044 -9.696 0.844 0.668 1.2 -0.176 0.044 0.28 0 0  
  -0.462495 -0.0398835 -0.313699 -0.921539 -1.28241 1.56926 -1.2989 1.55622 1.10523 -0.864782 1.01665 0.363553 1.17081 0.413791 -1.53935 0 0.00087211     0 0.932 -0.184 -5.916 -13.504 13.068 -5.732 -11.956 -14.184 0.088 1.964 -1.592 -1.596 0.056 0.392 0 0  
  0.0667282 0.0249272 0.0299126 -1.2594 -1.42622 0.971777 -1.17081 1.5823 1.82812 -0.811859 1.15164 0.600553 2.05438 1.04004 -0.594801 0 0.00087211     0 0.528 -0.28 -13.648 -10.556 6.5 -3.148 -13.816 -12.22 -0.22 2.412 -0.896 1.548 0.056 0.26 0 0  
  0.0667282 -0.0663447 0.46518 -1.18385 -1.09028 0.412257 -1.31309 1.6567 1.44923 -0.817995 0.0974078 1.05308 1.28624 0.764306 -1.13783 0 0.019656     0 0 0 0 0 0 0 0 0 0 0 0 0 0 0 0 0  
  0.143811 -0.0283786 -0.0678786 -0.892393 -1.28356 1.58805 -1.57463 2.22159 1.69428 0.077466 1.06075 1.56965 0.878587 0.531524 -0.592117 0 0.000972738     0 0.716 0.124 1 -5.804 9.784 -6.268 -7.056 -15.212 1.596 1.916 1.14 -0.84 0.056 0.268 0 0  
  -0.395 -0.0299126 0.291073 -0.722888 -1.40589 0.272665 -0.478219 1.22642 1.43312 -0.730942 0.662296 1.43734 0.858646 0.951452 -1.49371 0 0.000972738     0 0 -0.028 -20.348 -21.952 4.464 -2.456 -10.908 -16.272 -0.632 1.536 0.956 -1.38 0.056 0.408 0 0  
  0.137291 0.29951 0.0149563 -0.798437 -0.730175 1.49755 -1.34722 2.33894 2.22159 -0.614359 0.18868 1.07839 1.61183 1.03735 -0.453291 0 0.00546746     0 1.276 0.092 -0.092 -2.264 10.276 -11.72 -5.584 -3.084 0.892 -4.472 0.448 3.224 0.036 0.064 0 0  
