  -3 -6.00342
  -2.94 -5.92161
  -2.88 -5.83981
  -2.82 -5.758
  -2.76 -5.67619
  -2.7 -5.59438
  -2.64 -5.51257
  -2.58 -5.43076
  -2.52 -5.34895
  -2.46 -5.26714
  -2.4 -5.18533
  -2.34 -5.10352
  -2.28 -5.02171
  -2.22 -4.93991
  -2.16 -4.8581
  -2.1 -4.77629
  -2.04 -4.69448
  -1.98 -4.61267
  -1.92 -4.53086
  -1.86 -4.44905
  -1.8 -4.36724
  -1.74 -4.28543
  -1.68 -4.20362
  -1.62 -4.12181
  -1.56 -4.04001
  -1.5 -3.9582
  -1.44 -3.87639
  -1.38 -3.79458
  -1.32 -3.71277
  -1.26 -3.63096
  -1.2 -3.54915
  -1.14 -3.46734
  -1.08 -3.38553
  -1.02 -3.30372
  -0.96 -3.22191
  -0.9 -3.14011
  -0.84 -3.0583
  -0.78 -2.97649
  -0.72 -2.89468
  -0.66 -2.81287
  -0.6 -2.73106
  -0.54 -2.64925
  -0.48 -2.56744
  -0.42 -2.48563
  -0.36 -2.40382
  -0.3 -2.32202
  -0.24 -2.24021
  -0.18 -2.1584
  -0.12 -2.07659
  -0.06 -1.99478
  0 -1.91297
  0.06 -1.83116
  0.12 -1.74935
  0.18 -1.66754
  0.24 -1.58573
  0.3 -1.50392
  0.36 -1.42212
  0.42 -1.34031
  0.48 -1.2585
  0.54 -1.17669
  0.6 -1.09488
  0.66 -1.01307
  0.72 -0.931261
  0.78 -0.849452
  0.84 -0.767643
  0.9 -0.685834
  0.96 -0.604025
  1.02 -0.522216
  1.08 -0.440406
  1.14 -0.358597
  1.2 -0.276788
  1.26 -0.194979
  1.32 -0.11317
  1.38 -0.0313611
  1.44 0.0504479
  1.5 0.132257
  1.56 0.214066
  1.62 0.295875
  1.68 0.377684
  1.74 0.459493
  1.8 0.541302
  1.86 0.623111
  1.92 0.704921
  1.98 0.78673
  2.04 0.868539
  2.1 0.950348
  2.16 1.03216
  2.22 1.11397
  2.28 1.19577
  2.34 1.27758
  2.4 1.35939
  2.46 1.4412
  2.52 1.52301
  2.58 1.60482
  2.64 1.68663
  2.7 1.76844
  2.76 1.85025
  2.82 1.93206
  2.88 2.01387
  2.94 2.09567
  3 2.17748  