
  0.207789 -1.30907 0.336514 0.276443 2.7079 0.726321
  -2.10723 3.17904 2.05933 0.156835 1.25377 0.844734
  0.351396 1.81478 0.229642 0.257538 2.51269 0.745037
  -0.716276 -0.559246 1.0242 0.257024 2.50725 0.745546
  1.99688 -1.5384 -0.994913 0.103737 0.295363 0.897301
  1.49463 2.35364 -0.621147 0.888737 8.84948 0.12015
  -0.765886 1.86083 1.06111 0.12068 0.639555 0.880527
  1.03174 -0.664511 -0.276665 0.0972526 0.150413 0.90372
  -1.01991 -0.235239 1.25016 0.229625 2.20638 0.772671
  -0.427108 1.00096 0.808998 0.092428 0.0368528 0.908496
  -3.21585 3.67211 2.88436 0.119686 0.620557 0.881511
  0.196226 1.36531 0.345119 0.143395 1.04083 0.858039
  0.0376409 1.8702 0.463136 0.210393 1.97985 0.791711
  0.532431 1.59911 0.0949177 0.234589 2.26264 0.767757
  -0.353993 2.47476 0.754587 0.301985 2.95903 0.701035
  -0.643724 -7.97484 0.970203 1 80.0136 0.01
  0.0812376 -1.12173 0.430692 0.247937 2.40998 0.754542
  -0.211759 0.0699883 0.648738 0.105572 0.334938 0.895484
  -0.803834 0.676438 1.08936 0.0981288 0.170493 0.902853
  -1.07991 0.166865 1.29481 0.158048 1.27225 0.843532
  -0.0900119 0.779478 0.558134 0.0929336 0.0489984 0.907996
  -0.242468 0.664535 0.671591 0.0909111 4.96263e-05 0.909998
  -0.455101 0.739473 0.829831 0.0912436 0.00816259 0.909669
  0.165443 -0.433341 0.368027 0.120818 0.64217 0.880391
  0.044647 1.30633 0.457922 0.12496 0.719813 0.87629
  0.0744236 0.57183 0.435763 0.0916695 0.0185175 0.909247
  0.235021 0.700707 0.316248 0.0971399 0.147818 0.903831
  0.936455 1.64751 -0.205754 0.353787 3.43465 0.64975
  0.971332 1.7011 -0.231709 0.388563 3.73582 0.615322
  1.02261 -0.412173 -0.269871 0.0917407 0.0202453 0.909177
  -0.583861 1.20578 0.925653 0.0941709 0.078477 0.906771
  2.10737 -2.53451 -1.07714 0.222481 2.12388 0.779743
  -1.20273 2.28596 1.38621 0.129899 0.809564 0.8714
  0.827286 0.064478 -0.124511 0.0923811 0.0357225 0.908543
  0.215289 -0.126565 0.330932 0.0998416 0.209292 0.901157
  0.679033 0.114184 -0.0141824 0.0915856 0.0164816 0.90933
  -0.82331 13.4596 1.10385 1 152.664 0.01
  -0.765631 -12.4366 1.06092 1 182.182 0.01
  0.65714 1.64636 0.00210971 0.276017 2.70359 0.726743
  0.234841 0.14806 0.316382 0.0920746 0.0283278 0.908846
  0.369261 0.979249 0.216347 0.117691 0.58204 0.883485
  0.637356 0.147409 0.0168334 0.0916092 0.0170536 0.909307
  -0.475086 0.960826 0.844703 0.0914623 0.0134869 0.909452
  -1.00814 1.58645 1.2414 0.0958988 0.119065 0.90506
  -0.519884 0.485811 0.878042 0.0974015 0.153837 0.903572
  -0.571164 0.0767162 0.916204 0.124145 0.704723 0.877096
  -1.37786 -0.669007 1.51654 0.515449 4.77657 0.489705
  -0.690662 0.575728 1.00513 0.0987388 0.18438 0.902249
  0.827481 0.574745 -0.124656 0.113002 0.489183 0.888128
  0.189628 -8.93871 0.350029 1 86.2804 0.01
  -1.32408 1.65715 1.47652 0.0922529 0.0326324 0.90867
  2.44589 -1.18045 -1.32906 0.0918168 0.0220901 0.909101
  0.991934 -0.209495 -0.247041 0.0909668 0.00141085 0.909943
  0.628626 -0.772425 0.0233296 0.120347 0.633203 0.880857
  -0.222871 0.599001 0.657007 0.0910468 0.00336339 0.909864
  -0.38861 -7.68182 0.780349 1 71.608 0.01
  0.750112 -1.00369 -0.0670786 0.133731 0.877212 0.867606
  -0.300295 -0.135572 0.714626 0.125123 0.722818 0.876129
  -0.449333 2.02128 0.825539 0.168706 1.42982 0.832981
  1.01816 0.502981 -0.266559 0.118216 0.592217 0.882967
  -0.290466 -0.149922 0.707311 0.125775 0.73483 0.875483
  0.147046 1.04513 0.381718 0.110591 0.440134 0.890515
  -0.136559 0.788626 0.592775 0.0924907 0.0383622 0.908434
  0.295901 -13.8856 0.270941 1 200.408 0.01
  0.880459 0.008873 -0.164082 0.0921405 0.0299186 0.908781
  -0.801202 -1.63395 1.0874 0.796281 7.40565 0.211681
  1.26672 0.829311 -0.451532 0.183848 1.6406 0.81799
  2.3821 -2.1304 -1.28159 0.124994 0.720446 0.876256
  0.656572 -1.49051 0.00253264 0.231623 2.22912 0.770693
  -2.40808 2.3808 2.28322 0.0912994 0.00952208 0.909614
  -1.15683 8.06012 1.35205 1 44.9983 0.01
  -0.377308 0.288186 0.771938 0.100946 0.234005 0.900063
  -0.549308 0.367754 0.899939 0.103179 0.28321 0.897853
  2.1421 -1.20025 -1.10298 0.0912967 0.00945697 0.909616
  0.26557 0.412393 0.293513 0.091489 0.0141355 0.909426
  -0.00577841 1.51916 0.495449 0.143833 1.04802 0.857606
  1.9983 -1.47294 -0.995968 0.100654 0.227484 0.900353
  1.48298 0.112348 -0.612475 0.114811 0.525394 0.886337
  -1.19928 1.36165 1.38364 0.0909289 0.000483322 0.90998
  0.347211 -0.519965 0.232757 0.116899 0.566571 0.88427
  -0.489067 0.121471 0.855108 0.115457 0.538207 0.885698
  -1.71427 1.09135 1.7669 0.111383 0.456358 0.88973
  -0.0115968 -0.0914914 0.499779 0.106259 0.349586 0.894804
  -0.769189 0.753303 1.06357 0.0949246 0.0962614 0.906025
  -2.17838 3.27295 2.11228 0.163045 1.34716 0.838585
  0.025932 0.121156 0.47185 0.0960669 0.122978 0.904894
  1.70344 -1.02868 -0.776536 0.0935433 0.0635682 0.907392
  -2.33897 2.42792 2.23179 0.092495 0.0384668 0.90843
  -0.119891 0.179038 0.58037 0.0977162 0.161058 0.903261
  0.402451 1.09542 0.191647 0.130306 0.816825 0.870997
  -0.191676 0.357836 0.633792 0.0940725 0.0761452 0.906868
  -1.24058 1.83364 1.41438 0.098361 0.175789 0.902623
  0.916016 0.430254 -0.190543 0.107954 0.385408 0.893125
  0.784133 -0.23508 -0.0923971 0.0917452 0.0203542 0.909172
  0.561205 2.96455 0.0735044 0.862326 8.35825 0.146297
  0.0548898 -0.392933 0.4503 0.124485 0.711021 0.87676
  -1.45452 2.16099 1.57359 0.106045 0.34504 0.895015
  -2.28501 1.16494 2.19164 0.144203 1.05409 0.857239
  0.321571 0.971144 0.251838 0.11441 0.51742 0.886734
  0.377198 -1.60637 0.210441 0.338785 3.30075 0.664603  