  0 0 0 0.0966282 0.171768 0.0604808 -0.536994 1.4643 1.09045 -0.0691577 -0.20032 -0.791373 1.16153 -0.218953 -1.39267 -2.91763 0.389422 -1.64642 -1.82925 0.185379 2.93396 0.213753 0.125277 0.0380984 0.0223476
  0 0 0 0.0966282 0.154385 0.0605846 -0.154289 0.463699 0.439771 0.1029 0.946787 -1.52054 0.148565 -0.24536 -0.334973 -3.83706 1.90814 -1.80237 -0.957869 0.243451 2.65064 0.213755 0.125277 0.0380987 0.0223476
  0 0 0 0.0966282 0.142865 0.0604808 0.101586 0.264225 0.0427152 -0.263616 0.594136 -1.22314 -0.271644 -0.32979 -1.35498 -3.8171 1.445 -0.552564 -1.33047 0.269326 2.69448 0.213761 0.125277 0.0380998 0.0223476
  0 0 0 0.0966282 0.156165 0.0604808 0.0804112 0.496115 0.450609 0.465846 0.0880638 -0.667194 1.21837 -2.03866 -0.216695 -4.07575 3.27107 -1.42379 -1.89815 0.219551 2.75112 0.213767 0.125277 0.0381008 0.0223476
  0 0 0 0.0966282 0.166741 0.0603769 -1.25919 0.490743 0.305572 0.424521 -0.0558575 -0.779635 1.50533 -1.15608 -0.230014 -1.54278 3.6229 -1.8395 -0.958038 0.260019 2.68841 0.213767 0.125277 0.0381008 0.0223476
  0 0 0 0.0966282 0.162113 0.0604808 -0.279072 0.717584 0.823726 -0.0133081 1.05972 -0.381121 0.932861 -0.257347 -1.32797 -2.77834 2.99786 -0.819491 -0.564935 0.260754 2.66086 0.213767 0.125277 0.0381008 0.0223476
  0 0 0 0.0966282 0.166008 0.0604808 -0.454245 0.682655 -0.200434 0.404684 0.00182776 0.533382 0.245259 -0.79918 -0.27359 -0.694235 2.66923 -1.83033 -1.17543 0.486348 2.7218 0.213769 0.125277 0.0381011 0.0223476
  0 0 0 0.0966282 0.145808 0.0604808 -0.0900448 0.2401 0.603919 -0.2346 0.375602 -0.0442159 -0.49093 -0.366098 -1.01526 -2.62875 0.760164 -0.367434 -1.68694 0.142932 2.31819 0.213769 0.125277 0.0381011 0.0223476
  0 0 0 0.0966282 0.157044 0.0604808 -0.688216 -0.422573 0.359503 1.01757 0.303349 -0.072695 -0.0978197 -0.695017 -1.04118 -0.15156 0.924507 -1.62119 -0.745628 0.177652 1.81727 0.213769 0.125277 0.0381011 0.0223476
  0 0 0 0.0966282 0.166532 0.0604808 -0.0840175 0.324913 -0.176662 0.487638 0.0563407 0.135702 1.51046 -0.285027 -1.70436 -0.382891 1.43339 -1.23664 -1.29536 0.251461 3.12806 0.213773 0.125277 0.0381018 0.0223476
  0 0 0 0.0966282 0.158071 0.0605846 0.164064 0.645347 0.394165 0.159426 -0.187546 -1.35593 0.615519 -1.49719 -1.27656 -4.84186 2.1533 -1.83586 -1.15796 0.232473 2.67844 0.215469 0.125285 0.0384004 0.022349
  0 0 0 0.0966282 0.152814 0.0603769 -0.331137 0.398866 0.0176976 0.0525575 -0.195693 0.144794 -0.282388 -0.838977 -0.532396 -1.61683 0.263431 -1.33552 -1.86882 0.422446 2.6532 0.215469 0.125285 0.0384004 0.022349
  0 0 0 0.0966282 0.160458 0.0604808 -0.814897 0.531964 0.869876 -0.206624 0.364875 -0.0538052 1.31755 -1.89314 -0.760063 -1.42043 0.727266 -1.59058 -1.90387 0.241985 2.91035 0.215469 0.125285 0.0384004 0.022349
  0 0 0 0.0966282 0.149044 0.0605846 -0.0538146 0.801303 -0.19614 -0.277236 0.883857 -0.707764 1.59333 -1.4207 -1.38007 -4.69898 5.13387 -1.34421 -1.80228 0.256316 2.72635 0.215469 0.125285 0.0384004 0.022349
  0 0 0 0.0966282 0.145379 0.0604808 -0.732654 0.629844 0.0256563 -0.283327 0.569874 0.082304 0.431624 -1.03957 -1.11398 -2.35478 0.517125 -1.07371 -1.87558 0.213547 2.75413 0.215469 0.125285 0.0384004 0.022349
  0 0 0 0.0966282 0.137724 0.0605846 -0.220374 0.434018 0.959442 0.344715 0.97335 -1.54241 0.664267 -1.10342 -1.19872 -3.25164 1.32047 -0.752357 -1.71889 0.244961 2.84248 0.215469 0.125285 0.0384004 0.022349
  0 0 0 0.0966282 0.170208 0.0604808 -0.325831 1.17371 0.541401 0.981503 -0.273918 0.0891191 0.391503 -0.959369 -1.87197 -0.437441 1.60578 -1.39859 -1.62148 0.238304 2.71928 0.215469 0.125283 0.0384004 0.0223487
  0 0 0 0.0966282 0.165799 0.0604808 -0.126938 0.522314 1.03285 0.158766 0.163861 -1.41493 0.393267 -0.216116 -1.13367 -3.65761 2.30399 -1.50504 -1.74916 0.277958 2.69689 0.215469 0.125283 0.0384004 0.0223487
  0 0 0 0.0966282 0.172396 0.0604808 -1.90027 0.224099 0.261276 0.839265 0.42196 -1.04036 0.710449 -2.04955 -0.326721 -0.852337 1.42685 -1.0426 -1.88578 0.180524 2.79983 0.215469 0.125283 0.0384004 0.0223487
  0 0 0 0.0966282 0.155222 0.0605846 -0.359077 1.36755 -0.155614 0.169789 0.594424 0.44663 -0.316624 -0.770443 -1.98246 -1.29618 1.81761 -1.90066 -1.37076 0.277523 2.68388 0.215469 0.125283 0.0384004 0.0223487
  0 0 0 0.0966282 0.150929 0.0604808 -1.23316 0.448311 0.4036 0.331509 -0.222374 -0.0716366 0.460456 -0.318831 -0.419229 -1.65755 2.6507 -1.90481 -0.993454 0.21815 2.68423 0.215469 0.125283 0.0384004 0.0223487
  0 0 0 0.0966282 0.161715 0.0604808 -0.0150226 0.681329 0.553863 -0.280789 0.897553 -0.811337 0.0808957 -1.85159 -1.60287 -4.35323 1.25993 -1.84836 -1.59801 0.267485 2.69593 0.215469 0.125283 0.0384004 0.0223487
  0 0 0 0.0966282 0.855064 0.0603769 0.294144 1.2305 1.21496 0.00406767 0.802358 -0.996563 0.655287 -1.53147 -2.06901 -5.02645 1.49274 -1.80976 -1.20204 0.299347 2.63567 0.215469 0.125283 0.0384004 0.0223487
  0 0 0 0.0966282 0.156898 0.0604808 -0.850299 0.258231 1.08511 -0.158465 0.496733 -0.939637 -0.471527 -1.97753 -0.226699 -2.56563 0.704225 -1.82211 -1.06615 0.277201 2.69436 0.215469 0.125283 0.0384004 0.0223487
  0 0 0 0.0966282 0.161233 0.0605846 0.41149 0.136549 1.20983 -0.211945 0.80125 -0.170415 -0.0526799 -1.40671 -1.80538 -4.16412 2.85191 -1.92035 -0.272947 0.104992 2.63689 0.215469 0.125283 0.0384004 0.0223487
  0 0 0 0.0966282 0.152185 0.0604808 -0.338334 0.661016 -0.100112 0.507382 0.365704 0.435646 2.26223 -0.276876 -1.1496 -1.42547 4.12206 -1.41505 -1.88856 0.255694 2.5949 0.215469 0.125283 0.0384004 0.0223487
  0 0 0 0.0966282 0.172983 0.0604808 -0.817128 0.552135 0.87996 -0.302293 0.0873871 0.0792092 0.205972 -0.403883 -0.541199 -1.96958 2.52566 -1.78356 -0.544486 0.284162 2.69236 0.215469 0.125283 0.0384004 0.0223487
  0 0 0 0.0966282 0.169569 0.0604808 -0.876928 0.0853958 -0.0325678 0.768104 -0.0660935 0.461062 1.5993 -1.37182 -0.372193 -0.177482 3.83869 -1.73283 -1.82094 0.19697 2.72608 0.215469 0.125283 0.0384004 0.0223487
  0 0 0 0.0966282 0.150615 0.0604808 -0.514444 0.597759 0.503388 0.0992708 -0.286573 -0.695257 0.508883 -0.896495 -0.388248 -3.05369 3.15538 -1.60296 -1.46596 0.27533 2.69145 0.215469 0.125283 0.0384004 0.0223487
  0 0 0 0.0966282 0.155149 0.0604808 -0.471664 0.588722 1.1936 0.774922 -0.279679 0.225886 0.827027 -0.648401 -0.812137 -2.04657 3.05322 -1.11211 -1.39718 0.268825 2.69203 0.215469 0.125283 0.0384004 0.0223487
  0 0 0 0.0966282 0.150929 0.0605846 -0.171542 0.573633 -0.224268 -0.212022 0.43245 -0.490323 1.0509 -0.286764 -0.651774 -2.67578 3.69637 -0.753836 -1.90812 0.244961 2.82274 0.215469 0.125283 0.0384004 0.0223487
  0 0 0 0.0966282 0.157003 0.0605846 -0.543544 0.352853 0.860168 0.436745 -0.23426 0.0202627 2.03995 -0.227118 -0.32549 -2.33026 4.06682 -1.06629 -1.47968 0.272241 2.68556 0.215469 0.125283 0.0384004 0.0223487
  0 0 0 0.0966282 0.156374 0.0604808 -0.653478 -0.323168 -0.240437 0.697636 -0.22959 0.0130307 1.23798 -1.15582 -0.616624 -1.03784 3.69908 -1.93141 -1.53221 0.284945 2.69282 0.215469 0.125283 0.0384004 0.0223487
  0 0 0 0.0966282 0.165904 0.0604808 -0.749277 -0.214063 0.746233 0.808379 0.0444636 -1.47017 1.32814 -1.84797 -0.335769 -3.37359 3.29473 -1.39142 -1.34854 0.268864 2.69372 0.215469 0.125283 0.0384004 0.0223487
  0 0 0 0.0966282 0.134069 0.0604808 -0.864061 0.228575 0.583415 0.237947 0.0865411 -1.19492 1.96041 -1.93092 -0.247068 -3.0943 4.11292 -1.72296 -1.85758 0.297428 2.68479 0.215469 0.125283 0.0384004 0.0223487
  0 0 0 0.0966282 0.1525 0.0604808 -0.921109 -0.0642507 0.279706 -0.268607 0.474595 0.235491 -0.0703189 -1.15713 -1.74837 -5.23967 2.29508 -1.8624 -0.965174 0.336808 2.72191 0.215469 0.125283 0.0384004 0.0223487
  0 0 0 0.0966282 0.150091 0.0604808 0.0470661 1.13499 1.0939 0.329157 0.392098 -0.347287 1.18799 -1.37435 -2.04388 -2.05415 2.512 -1.43231 -0.499759 0.265758 2.69202 0.215469 0.125283 0.0384004 0.0223487
  0 0 0 0.0966282 0.155327 0.0604808 -0.441295 0.893818 -0.250699 -0.0784378 -0.29922 -0.743363 0.637648 -1.02793 -0.578231 -0.478281 1.65864 -1.86379 -1.72685 0.256577 2.72601 0.215469 0.125283 0.0384004 0.0223487
  0 0 0 0.0966282 0.165286 0.0602731 -0.0120795 0.460838 1.0982 0.380422 0.0753069 -1.68854 0.898593 -0.202073 -0.554098 -4.5458 2.92036 -1.81815 -1.61225 0.244612 2.69773 0.215471 0.125283 0.0384008 0.0223487
  0 0 0 0.0966282 0.153233 0.0603769 0.343225 1.17413 1.0095 0.338378 -0.20757 -1.21304 0.387975 -0.323724 -0.403652 -3.35166 4.52773 -1.54608 -1.87691 0.2206 2.79663 0.215471 0.125283 0.0384008 0.0223487
  0 0 0 0.0966282 0.15407 0.0605846 0.113491 0.511693 -0.255097 -0.274529 0.922085 -0.694615 -0.113935 -0.208805 -1.75691 -3.24811 0.682359 -1.82085 -0.927625 0.197362 2.67244 0.215471 0.125283 0.0384008 0.0223487
  0 0 0 0.0966282 0.169223 0.0604808 -1.19353 -0.461373 1.08217 0.1236 0.409677 0.155939 -0.272895 -1.19387 -1.83027 -2.29161 0.471779 -1.61764 -1.58457 0.245113 2.63628 0.215471 0.125283 0.0384008 0.0223487
  0 0 0 0.0966282 0.167935 0.0604808 -0.212415 0.407571 0.396888 -0.2961 -0.0456046 -0.153738 -0.187378 -0.872362 -0.240437 -3.69592 1.9576 -1.56154 -0.636768 0.274551 2.6978 0.215471 0.125283 0.0384008 0.0223487
  0 0 0 0.0966282 0.164982 0.0604808 -0.665864 0.404255 1.02144 0.335917 -0.125065 -0.472524 0.875133 -0.599063 -1.0096 -1.1824 3.01736 -1.92876 -1.35275 0.281417 2.69528 0.215471 0.125283 0.0384008 0.0223487
  0 0 0 0.0966282 0.148834 0.0604808 -0.589284 0.344719 0.725603 0.16726 0.923718 0.174348 -0.288241 -1.53121 -0.265048 -0.271414 0.390636 -1.42004 -1.91744 0.271497 2.78479 0.215471 0.125283 0.0384008 0.0223487
  0 0 0 0.0966282 0.137912 0.0604808 -1.0084 0.300232 -0.259391 -0.193791 -0.130276 -0.888484 0.0130656 -1.24399 -0.323956 -0.804075 1.43281 -1.93015 -1.39435 0.0803532 2.61673 0.215471 0.125283 0.0384008 0.0223487
  0 0 0 0.0966282 0.153756 0.0605846 -1.38272 0.215393 -0.027646 0.254469 0.153963 -0.0318686 0.748934 -1.73919 -0.30182 -0.648062 1.93319 -1.52323 -1.89671 0.203527 2.76534 0.215471 0.125283 0.0384008 0.0223487
  0 0 0 0.0966282 0.163076 0.0604808 0.0410305 0.271355 0.0880693 -0.183928 -0.0833255 -0.37769 1.77221 -0.215392 -0.350622 -2.67574 4.4452 -1.29165 -1.88269 0.26554 2.7917 0.215471 0.125283 0.0384008 0.0223487
  0 0 0 0.0966282 0.160354 0.0604808 0.362791 0.308332 0.27845 0.295184 0.634462 -0.471016 -0.130452 -1.11008 -0.27718 -2.38393 1.75386 -1.12253 -1.76078 0.268455 2.68449 0.215471 0.125283 0.0384008 0.0223487
  0 0 0 0.0966282 0.147913 0.0604808 -1.45707 0.314715 0.660991 1.08068 -0.267616 -0.406297 -0.0990224 -1.57024 -0.26072 -2.39504 1.79887 -0.664486 -1.23325 0.264644 2.67635 0.215471 0.125283 0.0384008 0.0223487
  0 0 0 0.0966282 0.147955 0.0605846 -0.150807 0.195297 -0.258553 0.120521 -0.188942 0.0553644 0.42715 -0.256565 -0.294972 -1.63939 2.54577 -1.93889 -1.65195 0.272937 2.69687 0.215471 0.125283 0.0384008 0.0223487
  0 0 0 0.0966282 0.154385 0.0604808 -0.672646 0.323504 0.0833569 -0.211641 -0.219193 -1.32208 1.10717 -0.353938 -0.503819 -4.3151 2.47649 -1.41026 -1.90059 0.224303 2.87129 0.215471 0.125283 0.0384008 0.0223487
  0 0 0 0.0966282 0.156898 0.0603769 0.364142 0.82964 0.368666 -0.0825575 -0.281024 0.094491 0.201162 -1.35409 -0.619534 -2.77192 3.09685 -0.207969 -1.80237 0.272637 2.6764 0.215471 0.125283 0.0384008 0.0223487
  0 0 0 0.0966282 0.145588 0.0604808 -1.16696 0.378462 -0.16085 0.207129 0.200829 -0.345122 -0.339234 -1.54004 -0.322045 -1.76126 1.46711 -1.9177 -0.887162 0.258535 2.69036 0.215471 0.125281 0.0384008 0.0223483
  0 0 0 0.0966282 0.161139 0.0604808 -0.101237 0.611355 0.556585 -0.0686247 -0.0175191 -0.451453 -0.199356 -1.14857 -0.294292 -2.58597 1.45612 -1.85844 -1.21731 0.350078 2.72181 0.215471 0.125281 0.0384008 0.0223483
  0 0 0 0.0966282 0.171035 0.0604808 -0.785681 0.151472 0.55669 -0.223806 0.43871 -1.35111 0.727927 -1.39328 -0.30777 -0.271882 2.10233 -1.83732 -1.67335 0.0751235 2.73253 0.215471 0.125281 0.0384008 0.0223483
  0 0 0 0.0966282 0.151452 0.0604808 -1.2126 0.533589 0.8764 0.358749 -0.224777 -0.437887 0.924619 -1.74712 -0.348972 -1.84822 2.568 -1.09068 -1.92776 0.220944 2.93358 0.215471 0.125281 0.0384008 0.0223483
  0 0 0 0.0966282 0.159725 0.0604808 -0.491122 0.795988 0.631565 -0.28402 -0.0896024 0.259111 -0.17936 -0.436877 -1.18718 -1.96807 0.195113 -1.23396 -1.84188 0.211241 2.66778 0.215471 0.125281 0.0384008 0.0223483
  0 0 0 0.0966282 0.161505 0.0604808 -0.0915869 0.637139 0.261799 -0.186186 0.810166 0.0245602 -0.0826662 -1.29764 -1.2641 -1.77133 0.988139 -1.64864 -1.77357 0.262886 2.69632 0.215471 0.125281 0.0384008 0.0223483
  0 0 0 0.0966282 0.15029 0.0604808 -0.518506 0.623045 0.557633 0.77268 0.272455 -0.650838 -0.0504349 -1.53528 -1.95119 -2.70661 0.334236 -1.07972 -1.84614 0.259231 2.7803 0.215471 0.125279 0.0384008 0.0223479
  0 0 0 0.0966282 0.196796 0.0602731 -0.137799 0.551911 0.693035 -0.0828282 0.091896 -1.05665 0.0351625 -2.03661 -0.438773 -5.17593 1.27737 -1.93732 -1.48415 -0.2054 4.23689 0.215484 0.125279 0.0384031 0.0223479
  0 0 0 0.0966282 0.174595 0.0602731 -0.165722 0.312974 0.0887919 -0.297158 -0.097952 -1.13314 1.57638 -1.19892 -0.854569 -1.60651 3.45162 -1.79801 -1.13412 -0.234808 4.2237 0.215487 0.125279 0.0384035 0.0223479
  0 0 0 0.0966282 0.177946 0.0602731 -1.35114 0.237728 0.288503 1.17501 -0.279501 -1.4741 0.511448 -1.18857 -1.45304 0.0664654 4.87373 -0.934398 -1.04223 -0.164284 4.2164 0.215487 0.125279 0.0384035 0.0223479
  0 0 0 0.0966282 0.187256 0.0602731 -0.753339 1.05905 0.278136 0.265948 0.00139632 -2.10056 0.872118 -0.867584 -2.02301 -0.820764 1.16093 -1.84482 -1.52449 -0.162065 4.24519 0.215487 0.125279 0.0384035 0.0223479
  0 0 0 0.0966282 0.188733 0.0601692 -0.510962 0.490129 0.425372 -0.285941 0.210473 0.014955 0.936389 -0.698029 -0.225439 -2.09644 2.28449 -1.40337 -1.85927 -0.146241 4.2166 0.215487 0.125279 0.0384035 0.0223479
  0 0 0 0.0966282 0.193236 0.0602731 0.00952601 0.469718 -0.247872 0.52568 -0.0208521 -1.21032 1.069 -2.03432 -0.651166 -4.62123 1.73917 -1.54996 -1.73567 -0.203877 4.24111 0.215487 0.125279 0.0384035 0.0223479
  0 0 0 0.0966282 0.158343 0.0602731 -1.09678 0.244328 0.0442965 0.829731 0.10368 -0.345523 1.5127 -1.94459 -0.915793 -1.23648 2.98647 -1.57598 -1.56567 -0.152102 4.2159 0.215487 0.125279 0.0384035 0.0223479
  0 0 0 0.0966282 0.175224 0.0601692 -0.282139 0.343235 0.479721 0.171659 0.115303 -1.28007 -0.140234 -1.90284 -0.78935 -2.90861 1.14415 -1.60289 -1.34007 -0.154821 4.22841 0.215487 0.125279 0.0384035 0.0223479
  0 0 0 0.0966282 0.179203 0.0603769 -0.219702 0.609531 -0.238656 0.880869 -0.188477 -0.876618 1.46662 -2.03668 -1.35343 -1.65142 1.58049 -0.257791 -1.20883 0.0324195 4.1744 0.215487 0.125279 0.0384035 0.0223479
  0 0 0 0.0966282 0.175444 0.0602731 -1.00865 1.05789 0.792603 0.0944573 0.595997 -0.993533 2.18852 -1.93061 -1.17948 -1.06302 1.72222 -0.640622 -0.575325 -0.219023 4.31676 0.215487 0.125279 0.0384035 0.0223479
  0 0 0 0.0966282 0.177004 0.0602731 -0.759184 0.0105311 0.132366 0.845559 0.348912 -0.48277 0.189039 -2.01156 -1.60942 -1.53671 0.705787 -1.167 -1.55145 -0.156018 4.22815 0.215487 0.125279 0.0384035 0.0223479
  0 0 0 0.0966282 0.173444 0.0602731 -0.463125 0.765727 0.14399 -0.267507 -0.0425846 -1.032 1.24732 -2.04066 -1.85279 -3.33286 1.6528 -1.85996 -1.35521 -0.208446 4.22475 0.215487 0.125279 0.0384035 0.0223479
  0 0 0 0.0966282 0.188942 0.0602731 -0.508226 0.207244 0.810845 0.3661 0.963714 0.176432 0.128361 -0.622154 -1.1884 -1.07063 0.968714 -0.878998 -0.760595 -0.170493 4.20104 0.215487 0.125279 0.0384035 0.0223479
  0 0 0 0.0966282 0.184575 0.0602731 -0.6752 0.295398 0.580357 0.213186 0.0109978 -0.482466 0.901592 -1.55409 -1.84521 -2.56448 2.32296 -0.870919 -1.60818 -0.150057 4.22973 0.215487 0.125279 0.0384035 0.0223479
  0 0 0 0.0966282 0.174072 0.0602731 -0.317043 1.28688 0.162839 -0.102209 0.711791 -0.182281 -0.189463 -1.61259 -1.9412 -2.4677 1.82478 -0.344591 -0.986906 -0.154973 4.23025 0.215487 0.125279 0.0384035 0.0223479
  0 0 0 0.0966282 0.171768 0.0603769 -0.444869 0.555642 -0.215094 -0.19078 -0.253167 -2.40111 1.57925 -0.888721 -1.96104 -2.23706 1.59523 -1.84862 -1.63157 -0.19049 4.24238 0.215487 0.125279 0.0384035 0.0223479
  0 0 0 0.0966282 -0.0669302 0.0602731 -0.773278 -0.0978279 0.672824 0.856928 -0.280398 -0.0952088 0.338907 -1.09082 -1.59123 -1.06097 4.07243 -1.76732 -0.673316 -0.162696 4.22149 0.215489 0.125279 0.0384038 0.0223479
  0 0 0 0.0966282 0.18735 0.0602731 -0.160797 0.763323 -0.0511032 0.000802304 -0.266727 -1.37292 1.08792 -0.445954 -1.60829 -3.18668 1.72372 -1.14493 -1.89966 -0.135777 4.22984 0.215489 0.125279 0.0384038 0.0223479
  0 0 0 0.0966282 2.0441 0.0604808 -0.943817 1.05408 1.18229 -0.16656 -0.296166 -1.04291 0.49429 -1.81706 -1.94115 -3.06422 1.30385 -1.78852 -1.66552 -0.207228 4.17108 0.215489 0.125279 0.0384038 0.0223479
  0 0 0 0.0966282 0.16915 0.0602731 -1.82636 -0.270945 0.37919 -0.279748 0.709033 -0.723784 -0.17006 -1.32303 -1.09233 -1.04252 0.223863 -1.81419 -1.62972 -0.0994126 4.20498 0.215489 0.125279 0.0384038 0.0223479
  0 0 0 0.0966282 0.179203 0.0601692 0.0634153 0.135554 -0.168285 -0.272812 0.203282 0.132495 0.390381 -0.632042 -0.951754 -1.73518 1.95864 -0.679815 -0.77293 -0.158763 4.23234 0.215489 0.125279 0.0384038 0.0223479
  0 0 0 0.0966282 0.187057 0.0601692 -0.0293655 0.186873 -0.100322 0.193814 0.539885 -0.668958 -0.0902029 -0.8104 -0.300228 -2.16891 0.974718 -0.188481 -1.64132 -0.156714 4.22812 0.215489 0.125279 0.0384038 0.0223479
  0 0 0 0.0966282 0.188733 0.0601692 -0.213999 -0.0406803 1.03337 -0.0350829 0.422552 -0.598402 -0.417968 -0.240437 -1.03038 -2.1142 0.690111 -1.07789 -1.10542 -0.153929 4.22782 0.215489 0.125279 0.0384038 0.0223479
  0 0 0 0.0966282 0.181298 0.0603769 -0.626285 0.707444 -0.163258 0.574026 0.949494 -0.900992 1.81743 -1.14382 -1.08879 -0.440796 0.120895 -1.73788 -0.722198 -0.317444 4.24918 0.215491 0.125279 0.0384042 0.0223479
  0 0 0 0.0966282 0.18801 0.0602731 -1.24375 0.492882 0.279811 -0.226225 -0.266854 -1.46769 0.952761 -1.68521 -0.699433 -4.05861 4.26005 -1.43214 -0.666833 -0.15332 4.22553 0.215491 0.125279 0.0384042 0.0223479
  0 0 0 0.0966282 0.170616 0.0602731 -1.08941 -0.0100298 0.0325678 0.607179 -0.0124857 -2.40613 0.174222 -1.60098 -0.856914 -4.43936 0.447327 -1.52934 -1.59871 -0.188475 4.2398 0.215491 0.125279 0.0384042 0.0223479
  0 0 0 0.0966282 0.168909 0.0601692 -0.0971665 -0.444792 1.05526 -0.194477 0.485897 -0.284139 1.91173 -0.705441 -0.299069 -2.38417 3.16776 -1.39801 -1.84178 -0.129234 4.23124 0.215491 0.125277 0.0384042 0.0223476
  0 0 0 0.0966282 0.186471 0.0601692 -0.99323 0.640787 0.14022 -0.277464 0.581844 -0.328044 0.394935 -1.8429 -1.01684 -0.519641 1.1629 -1.85065 -1.07485 -0.00230065 4.21371 0.215491 0.125277 0.0384042 0.0223476
  0 0 0 0.0966282 0.195854 0.0602731 -1.68036 -0.193005 -0.251013 -0.138729 0.834952 -1.07626 0.116976 -2.04722 -0.486548 -1.60225 0.176082 -0.775847 -1.57675 -0.25095 4.22617 0.215491 0.125277 0.0384042 0.0223476
  0 0 0 0.0966282 0.192921 0.0602731 0.261927 0.148338 -0.125454 -0.248558 -0.0323148 -2.83067 1.03286 -1.52195 -0.369066 -1.30254 2.46364 -1.88846 -1.23837 -0.210143 4.18115 0.215493 0.125277 0.0384045 0.0223476
  0 0 0 0.0966282 0.187434 0.0602731 -1.76056 0.939748 0.609678 -0.279858 -0.200591 0.437811 0.301384 -0.358136 -1.44797 -1.28947 3.02561 -1.7976 -1.20112 -0.152206 4.23328 0.215493 0.125277 0.0384045 0.0223476
  0 0 0 0.0966282 0.17093 0.0602731 -1.37899 -0.417018 0.864462 1.18592 0.157034 -1.49976 0.867629 -1.25311 -1.94222 -0.693472 4.13566 -1.28069 -1.40614 -0.171376 4.23067 0.215493 0.125277 0.0384045 0.0223476
  0 0 0 0.0966282 0.181402 0.0602731 -0.526134 0.322144 0.779848 -0.0628723 0.233652 -0.355384 0.811472 -1.08235 -0.541416 -2.46394 1.83492 -1.05909 -1.7852 -0.152624 4.22805 0.215493 0.125277 0.0384045 0.0223476
  0 0 0 0.0966282 0.174595 0.0602731 -0.933537 -0.0107759 0.719111 0.551541 -0.18467 0.536108 0.980406 -1.80086 -0.332439 -0.643862 2.345 -1.15716 -1.08562 -0.15506 4.22609 0.215493 0.125277 0.0384045 0.0223476
  0 0 0 0.0966282 0.187141 0.0602731 -0.961194 -0.296721 -0.0598997 -0.0448113 0.126732 -2.70577 1.14414 -1.93337 -0.240075 -1.24548 2.53376 -1.73248 -0.953783 -0.161195 4.23176 0.215493 0.125277 0.0384045 0.0223476
  0 0 0 0.0966282 0.190618 0.0601692 -0.95879 0.345383 1.01546 0.424564 0.45546 -0.256045 -0.306089 -1.97708 -1.07723 -2.68179 -0.051298 -0.698798 -1.94149 -0.156322 4.2122 0.215493 0.125277 0.0384045 0.0223476
  0 0 0 0.0966282 0.175936 0.0601692 -0.532758 1.7267 1.17719 -0.262093 0.94721 -0.758757 1.17403 -0.291686 -2.0631 -3.11374 0.91977 -1.12009 -0.291308 -0.194741 4.19155 0.215493 0.125277 0.0384045 0.0223476
  0 0 0 0.0966282 1.68958 0.0601692 0.257417 0.832699 0.145142 -0.271314 -0.211741 -0.892012 1.53591 -1.65195 -1.68059 -4.58832 3.22995 -1.6131 -1.91976 -0.153707 4.20791 0.215493 0.125277 0.0384045 0.0223476
  0 0 0 0.0966282 0.151976 0.0602731 -1.67613 1.37542 0.82582 0.00476135 -0.218424 -0.400957 1.62641 -1.09835 -1.57239 -1.87069 4.0722 -1.89599 -1.22444 -0.155104 4.2291 0.215493 0.125277 0.0384045 0.0223476
  0 0 0 0.0966282 0.178229 0.0603769 -0.154712 1.24368 0.710838 0.424817 0.713694 -2.36702 0.617764 -0.390709 -1.47529 -4.08071 3.0564 -1.51163 -0.890556 -0.151275 4.22884 0.215493 0.125277 0.0384045 0.0223476
  0 0 0 0.0966282 0.209027 0.0601692 -0.590884 0.292331 -0.200957 0.169256 -0.233008 -0.349515 0.673327 -1.46339 -0.357745 -2.03795 2.13449 -1.30222 -0.4284 -0.151754 4.2304 0.215493 0.125277 0.0384045 0.0223476
  0 0 0 0.0966282 0.17624 0.0602731 -0.673044 0.549922 1.14249 -0.0591163 0.888501 0.0528789 -0.51386 -0.873056 -1.9703 -1.44074 0.780989 -1.80353 -0.666224 -0.156192 4.22822 0.215493 0.125277 0.0384045 0.0223476
  0 0 0 0.0966282 0.190408 0.0602731 -1.35197 1.50047 -0.127863 0.131721 -0.15513 0.314017 -0.32732 -2.00447 -0.238454 -1.1968 1.22595 -1.52613 -1.31259 -0.15305 4.22762 0.215493 0.125277 0.0384045 0.0223476
  0 0 0 0.0966282 0.183151 0.0601692 -1.23656 0.814651 1.1249 -0.201616 0.661423 -1.47811 0.591145 -1.51691 -0.797081 -1.52612 2.71273 -1.93519 -1.11073 0.0247184 4.1401 0.215493 0.125277 0.0384045 0.0223476
  0 0 0 0.0966282 0.190733 0.0601692 -0.883212 1.19469 0.725708 0.389203 0.92936 -0.158549 0.54849 -0.923466 -1.42967 -0.448142 0.50769 -1.87554 -1.43682 -0.271621 4.22399 0.215493 0.125277 0.0384045 0.0223476
  0 0 0 0.0966282 0.182764 0.0601692 -0.779165 1.14967 0.763616 -0.290517 -0.0711523 -0.914943 0.650957 -0.533004 -0.597196 -2.97999 2.08625 -1.43088 -1.70054 -0.152754 4.22808 0.215494 0.125277 0.0384049 0.0223476
  0 0 0 0.0966282 0.177423 0.0602731 -0.217555 0.558759 0.917345 0.195015 0.269097 -2.00872 1.13779 -0.228074 -0.92943 -3.63315 2.48071 -1.783 -1.48818 -0.155265 4.22706 0.215494 0.125277 0.0384049 0.0223476
  0 0 0 0.0966282 0.18957 0.0601692 -0.137011 1.13176 1.14783 -0.216074 1.04001 -1.92277 1.4391 -0.249992 -1.77095 -4.02679 1.60849 -1.64264 -0.543007 -0.18717 4.20674 0.215494 0.125277 0.0384049 0.0223476
  0 0 0 0.0966282 0.177046 0.0602731 -0.591215 1.73457 -0.0825192 -0.0489141 0.837321 -0.189129 0.996842 -0.442682 -2.0663 -1.89929 1.62023 -1.63363 -1.75723 -0.157018 4.22288 0.215494 0.125277 0.0384049 0.0223476
  0 0 0 0.0966282 0.180407 0.0601692 -0.573498 0.275501 1.08532 0.973838 -0.284949 -1.40595 0.374986 -1.90472 -0.835011 -5.69348 2.87951 -1.78737 -0.585754 -0.218871 4.22699 0.215494 0.125277 0.0384049 0.0223476
  0 0 0 0.0966282 0.181161 0.0601692 -0.0607788 0.617764 0.14755 -0.0183754 -0.191269 -2.12835 -0.306105 -0.34266 -0.238628 -3.70835 0.576036 -1.53365 -1.51755 -0.149796 4.2281 0.215494 0.125277 0.0384049 0.0223476
  0 0 0 0.0966282 0.178763 0.0601692 -0.439579 0.072794 -0.204413 0.773856 0.748073 0.103679 -0.16193 -0.424513 -1.2863 -1.42078 -0.225261 -1.08394 -1.88648 -0.160412 4.20291 0.215494 0.125277 0.0384049 0.0223476
  0 0 0 0.0966282 0.178575 0.0601692 -0.601081 -0.223763 1.10668 -0.0783109 0.31477 -1.03569 1.02635 -1.99795 -0.289326 -1.2289 2.41985 -1.79476 -0.851963 -0.129851 4.22679 0.215494 0.125277 0.0384049 0.0223476
  0 0 0 0.0966282 0.197843 0.0601692 -0.780077 0.753291 0.0142419 0.266963 -0.244233 -0.0354926 0.644062 -0.802582 -0.241552 -1.77822 2.1926 -1.42103 -0.614318 -0.158772 4.22697 0.215494 0.125277 0.0384049 0.0223476
  0 0 0 0.0966282 0.120466 0.0601692 0.0884531 0.122289 1.06961 -0.0682102 -0.271718 -2.18943 0.404941 -1.59553 -1.72723 -0.784234 2.39735 -1.8168 -0.705904 -0.218714 4.21587 0.215494 0.125277 0.0384049 0.0223476
  0 0 0 0.0966282 0.175538 0.0601692 0.0335689 0.668561 0.439781 0.405614 -0.247524 -0.995601 0.420527 -0.830378 -1.80309 -2.66305 2.3574 -1.79532 -1.5636 -0.147264 4.22844 0.215494 0.125277 0.0384049 0.0223476
  0 0 0 0.0966282 0.17093 0.0602731 -1.08139 0.857671 -0.108699 -0.234084 0.038745 0.278899 1.25918 -0.328979 -1.99103 -1.51571 4.0888 -1.0664 -1.88022 -0.16046 4.23333 0.215494 0.125277 0.0384049 0.0223476
  0 0 0 0.0966282 0.178261 0.0602731 0.436495 -0.219858 0.181689 -0.093834 0.57753 -1.47202 1.44231 -0.320582 -0.324694 -2.47759 1.68103 -0.927398 -1.47145 -0.181997 4.22618 0.215494 0.125275 0.0384049 0.0223472
  0 0 0 0.0966282 0.20355 0.0601692 -1.45688 0.4991 0.0886976 0.114853 0.27781 -0.00075978 0.604294 -0.344817 -1.54279 -1.80194 0.975297 -1.7491 -1.80686 -0.163462 4.23057 0.215494 0.125275 0.0384049 0.0223472
  0 0 0 0.0966282 0.158154 0.0602731 0.00123535 0.71789 -0.262847 -0.310583 -0.0549862 -1.36554 -0.078497 -1.47425 -1.15204 -1.42125 1.06631 -1.88063 -1.64342 -0.101109 4.21284 0.215494 0.125275 0.0384049 0.0223472
  0 0 0 0.0966282 0.178051 0.0601692 -0.145261 0.841181 0.629994 0.33041 0.746838 0.287879 0.280217 -0.251802 -1.18029 -0.867939 1.52912 -1.89859 -0.517423 -0.229117 4.21492 0.215494 0.125275 0.0384049 0.0223472
  0 0 0 0.0966282 0.151735 0.0602731 -0.369656 0.97888 0.676594 -0.0822192 -0.105447 0.477258 0.160111 -1.19213 -0.581343 0.140452 1.71782 -1.90121 -1.51986 -0.149535 4.23188 0.215496 0.125275 0.0384052 0.0223472
  0 0 0 0.0966282 0.171024 0.0601692 -0.250967 0.674107 1.125 -0.300584 -0.194822 -0.0931242 1.20065 -1.62806 -0.446099 -2.01019 3.70805 -1.4173 -1.17602 -0.147359 4.23088 0.215496 0.125275 0.0384052 0.0223472
  0 0 0 0.0966282 0.177046 0.0601692 -1.118 -0.0256991 0.653242 -0.133424 0.268564 -0.713521 0.618405 -0.923755 -1.24765 -1.6885 0.446632 -1.76481 -1.76066 -0.199788 4.24713 0.215496 0.125275 0.0384052 0.0223472
  0 0 0 0.0966282 0.165307 0.0601692 -0.34883 0.0934377 1.20061 -0.111227 0.7968 -0.60735 -0.096136 -0.22832 -1.53237 -2.37123 0.598481 -1.59059 -1.20254 -0.153185 4.22699 0.215496 0.125275 0.0384052 0.0223472
  0 0 0 0.0966282 0.177276 0.0602731 -0.306265 0.96462 0.254155 0.904479 0.240588 -0.557656 0.624867 -1.31029 -1.69742 -1.42454 2.31718 -1.71335 -1.51386 -0.155095 4.2284 0.215496 0.125275 0.0384052 0.0223472
  0 0 0 0.0966282 0.17847 0.0601692 -1.34766 0.517588 0.910329 0.548944 0.282125 -0.870236 -0.429033 -1.78672 -0.749306 -1.73406 0.980127 -1.85533 -0.966375 -0.159546 4.22751 0.215496 0.125275 0.0384052 0.0223472
  0 0 0 0.0966282 0.180669 0.0601692 -0.405256 -0.171449 -0.146503 -0.272566 0.521317 0.158056 -0.107184 -0.237831 -1.52238 -1.46405 1.01423 -1.88859 -1.00528 -0.156844 4.22826 0.215496 0.125275 0.0384052 0.0223472
  0 0 0 0.0966282 0.185968 0.0602731 -0.922842 0.622714 -0.293844 1.03373 0.370569 -0.341514 0.223467 -1.26475 -2.00208 -0.343266 3.14877 -1.62512 -0.759973 -0.179325 4.21869 0.215496 0.125275 0.0384052 0.0223472
  0 0 0 0.0966282 0.179046 0.0600653 -0.308446 0.842018 1.19171 -0.244836 -0.251923 -0.557512 0.358582 -0.832115 -0.203521 -2.32221 1.72285 -1.66983 -0.885639 -0.151971 4.22897 0.215496 0.125275 0.0384052 0.0223472
  0 0 0 0.0966282 0.161505 0.0600653 -0.47954 0.729663 0.921743 -0.0137565 -0.0518308 -0.471529 1.25389 -0.664977 -1.1716 -0.281311 1.65691 -1.92759 -1.64379 -0.222795 4.23979 0.215496 0.125275 0.0384052 0.0223472
  0 0 0 0.0966282 0.166846 0.0601692 -0.134068 0.536988 0.65408 0.380405 0.158718 0.496661 1.3121 -0.432432 -0.646085 -0.949734 2.73407 -1.62806 -1.38158 -0.150318 4.22747 0.215496 0.125275 0.0384052 0.0223472
  0 0 0 0.0966282 0.173129 0.0602731 -0.731701 0.384108 -0.254783 0.14348 -0.309109 -0.507962 0.863427 -1.60403 -1.29534 -0.716038 4.01308 -1.83343 -1.4141 0.0469602 4.17441 0.215496 0.125275 0.0384052 0.0223472
  0 0 0 0.0966282 0.177842 0.0602731 -0.86722 0.795491 -0.258763 -0.000415863 0.367904 -1.25698 1.2316 -0.914779 -1.65363 -0.489387 4.42789 -1.91128 -1.33138 -0.293697 4.24406 0.215496 0.125275 0.0384052 0.0223472
  0 0 0 0.0966282 0.181109 0.0600653 -0.837572 0.230167 1.19394 0.346787 -0.0571857 -0.519508 0.803294 -1.40697 -1.07979 -2.42316 2.18214 -1.11091 -1.47697 -0.15258 4.22797 0.215496 0.125275 0.0384052 0.0223472
  0 0 0 0.0966282 0.199477 0.0600653 -0.454254 0.656208 0.618265 0.3566 0.256154 -0.0493473 0.387975 -0.242609 -0.630985 -0.885813 0.619711 -1.92238 -1.64732 -0.277864 4.26309 0.215496 0.125275 0.0384052 0.0223472
  0 0 0 0.0966282 0.177842 0.0601692 -0.420038 0.13572 -0.280754 -0.0523487 0.528973 0.264563 0.798002 -0.853918 -0.847157 -0.880434 1.05333 -1.42905 -1.92023 -0.165111 4.20324 0.215496 0.125275 0.0384052 0.0223472
  0 0 0 0.0966282 0.172857 0.0601692 -0.745753 1.56024 1.01327 0.301986 0.197115 -1.55636 0.752863 -1.67787 -1.93701 -3.64587 1.10505 -1.41398 -1.76778 -0.158776 4.2117 0.215496 0.125275 0.0384052 0.0223472
  0 0 0 0.0966282 0.169988 0.0601692 -0.433278 0.845815 0.181689 0.00175823 0.48105 -1.04242 2.45043 -1.02032 -1.15902 -3.30787 3.21102 -0.700446 -1.5705 -0.153359 4.23111 0.215496 0.125275 0.0384052 0.0223472
  0 0 0 0.0966282 0.171663 0.0601692 -0.111103 0.676105 0.128072 -0.185281 -0.0148036 0.509874 1.15832 -1.43742 -1.88442 -0.452597 1.91971 -1.51663 -1.84146 -0.156279 4.22818 0.215496 0.125275 0.0384052 0.0223472
  0 0 0 0.0966282 0.169621 0.0602731 -0.238282 0.72444 0.153729 0.337093 0.347263 -2.44874 1.27041 -1.08266 -1.09024 -0.590099 2.82149 -1.82716 -1.14647 -0.330619 4.21473 0.215496 0.125275 0.0384052 0.0223472
  0 0 0 0.0966282 0.186617 0.0601692 0.15991 -0.00978932 1.21282 -0.229177 0.609169 -0.808307 -0.383011 -0.27553 -1.411 -2.53827 -0.236426 -1.35965 -1.42343 -0.15506 4.23047 0.215496 0.125273 0.0384052 0.0223469
  0 0 0 0.0966282 0.176166 0.0602731 -0.209928 0.0553007 -0.307352 0.203263 0.629387 0.340956 0.984495 -0.294437 -1.00352 -1.24475 1.92333 -1.42018 -1.71131 -0.155278 4.22779 0.215496 0.125273 0.0384052 0.0223469
  0 0 0 0.0966282 0.1858 0.0601692 -0.111526 0.0116089 0.817547 -0.24267 0.832634 -0.607222 0.0576443 -1.13309 -1.62879 -5.55627 2.02464 -1.92153 -1.11854 -0.0575135 4.25712 0.215496 0.125273 0.0384052 0.0223469
  0 0 0 0.0966282 0.177109 0.0601692 -0.538686 -0.234657 0.0775973 -0.299315 0.0379075 0.00276803 1.5289 -1.66297 -0.66311 -2.34732 2.94244 -1.38467 -1.25732 -0.154495 4.22804 0.215496 0.125273 0.0384052 0.0223469
  0 0 0 0.0966282 0.160919 0.0601692 -0.729255 0.305596 0.54559 0.0215534 0.605954 -0.858017 1.74009 -1.10472 -1.97909 -1.65934 3.77238 -1.63293 -1.85045 -0.175553 4.20403 0.215496 0.125273 0.0384052 0.0223469
  0 0 0 0.0966282 0.1858 0.0601692 -0.892995 0.508551 0.664656 0.115851 -0.245172 0.504679 1.33599 -0.81024 -1.59694 -1.05444 1.5819 -0.748267 -1.81973 -0.164632 4.2452 0.215498 0.125273 0.0384055 0.0223469
  0 0 0 0.0966282 0.188523 0.0601692 -0.31953 0.330716 1.14312 0.191513 0.0302263 -1.44363 0.109279 -1.81482 -1.00116 -3.62886 1.9834 -1.2102 -0.579624 -0.154408 4.22732 0.215498 0.125273 0.0384055 0.0223469
  0 0 0 0.0966283 0.164427 0.0601692 -1.96673 -0.271932 1.17831 0.335578 0.47396 -1.55065 -0.149695 -1.18188 -1.42683 -0.475909 0.0167244 -1.91538 -1.30746 -0.208024 4.22109 0.215498 0.125273 0.0384055 0.0223469
  0 0 0 0.0966284 0.177946 0.0601692 -0.610615 0.47577 1.12532 0.340053 -0.104593 -0.00869734 0.893526 -0.760859 -0.721655 -1.51646 2.15347 -1.77195 -1.53296 -0.155409 4.22775 0.215498 0.125273 0.0384055 0.0223469
  0 0 0 0.0966284 0.186586 0.0601692 -1.26152 0.844265 0.443907 1.00143 0.751203 -0.145945 -0.0007249 -1.66585 -1.69799 -1.39834 1.87555 -1.50189 -0.666006 -0.152058 4.23001 0.215498 0.125273 0.0384055 0.0223469
  0 0 0 0.0966284 0.193654 0.0600653 -0.628938 -0.258343 0.628423 0.637912 -0.11515 -0.357389 1.03148 -1.16306 -0.326214 -0.571762 2.51524 -1.90991 -0.323722 -0.170332 4.22353 0.215498 0.125273 0.0384055 0.0223469
  0 0 0 0.0966284 0.179947 0.0600653 -0.194714 0.377957 1.05139 -0.284511 0.0177654 -0.623899 0.714137 -0.582965 -1.71087 -2.15113 1.39862 -1.61235 -1.80529 -0.147838 4.22571 0.215498 0.125273 0.0384055 0.0223469
  0 0 0 0.0966284 0.183182 0.0602731 -0.726469 0.71532 0.215409 0.261067 0.101244 -0.949579 0.657965 -1.53102 -2.04712 -2.86632 1.72366 -1.25623 -1.61298 -0.151101 4.22797 0.215498 0.125273 0.0384055 0.0223469
  0 0 0 0.0966284 0.184125 0.0602731 -0.591132 0.0800151 -0.0700575 0.637591 -0.299719 0.119827 0.588916 -0.306134 -0.36161 -1.51594 3.62776 -1.49423 -1.78858 -0.155017 4.22762 0.2155 0.125273 0.0384059 0.0223469
  0 0 0 0.0966284 0.174742 0.0601692 0.0324082 0.0671563 1.25381 0.39581 0.601724 -1.77637 -0.26948 -0.571108 -1.50151 -3.28502 -0.400365 -1.84295 -1.4474 -0.0688258 4.22969 0.2155 0.125271 0.0384059 0.0223465
  0 0 0 0.0966284 0.185141 0.0602731 0.348863 0.850043 -0.0527788 -0.202572 -0.05524 -1.52285 0.925645 -0.249138 -1.05448 -3.25778 2.61428 -1.69802 -1.54676 -0.157715 4.22492 0.2155 0.125271 0.0384059 0.0223465
  0 0 0 0.0966284 0.17647 0.0602731 -0.624295 1.51197 0.40558 0.876833 0.87615 -0.156785 0.541755 -0.488719 -1.88373 -0.399204 1.35215 -1.91895 -1.47031 -0.180635 4.22705 0.2155 0.125271 0.0384059 0.0223465
  0 0 0 0.0966284 0.965146 0.0601692 -0.318701 2.00938 0.84446 -0.205161 -0.286607 0.115674 -0.227226 -0.954012 -1.94222 -1.16616 2.56039 -1.12488 -1.20186 -0.165851 4.21444 0.2155 0.125271 0.0384059 0.0223465
  0 0 0 0.0966284 0.165066 0.0601692 -0.953517 -0.161591 0.272795 -0.273683 -0.151983 -1.23164 0.482103 -0.496826 -0.23233 -4.20716 1.23839 -1.8778 -1.745 -0.213319 4.24483 0.2155 0.125271 0.0384059 0.0223465
  0 0 0 0.0966284 0.185277 0.0601692 -0.832888 0.0729598 0.3306 0.76988 0.376634 -0.690606 0.340334 -1.68771 -0.953433 -0.320589 1.61815 -1.91473 -1.02525 -0.155422 4.2229 0.2155 0.125271 0.0384059 0.0223465
  0 0 0 0.0966284 0.170155 0.0601692 0.212564 0.707411 0.294263 -0.127545 -0.294728 0.341502 0.881227 -0.307611 -0.454553 -0.885333 2.93197 -1.50709 -0.458556 -0.154047 4.22958 0.2155 0.125271 0.0384059 0.0223465
  0 0 0 0.0966284 0.188104 0.0601692 -0.697502 0.212409 0.524122 0.196673 -0.102952 0.339032 2.11468 -1.56712 -1.6466 0.174466 2.2779 -1.42944 -1.8616 -0.125387 4.2225 0.2155 0.125271 0.0384059 0.0223465
  0 0 0 0.0966284 0.193654 0.0601692 -0.812659 0.599458 0.604652 0.375752 0.29143 0.00998399 2.28866 -1.29813 -0.508263 -0.757971 3.70851 -1.94933 -0.794967 -0.133698 4.22305 0.2155 0.125271 0.0384059 0.0223465
  0 0 0 0.0966283 0.186083 0.0602731 -0.496544 1.15489 -0.167552 0.0762864 -0.158251 -0.821937 0.856211 -0.874403 -1.2602 -2.80865 0.272223 -0.330669 -1.89043 -0.190303 4.13951 0.215502 0.125271 0.0384062 0.0223465
  0 0 0 0.0966283 0.167045 0.0601692 0.452828 0.519661 0.391233 0.267166 0.829082 -0.73472 -0.0720828 -1.37848 -0.611123 -1.79685 1.39509 -1.61705 -1.04284 -0.151928 4.23554 0.215502 0.125271 0.0384062 0.0223465
  0 0 0 0.0966283 0.181538 0.0601692 -0.193346 0.624562 1.18229 0.396394 -0.170467 -0.32163 0.519627 -1.01641 -1.25948 -5.92643 0.727613 -1.93341 -1.47945 -0.200527 4.27378 0.215502 0.125271 0.0384062 0.0223465
  0 0 0 0.0966283 0.182973 0.0601692 -0.821447 1.52996 -0.0639838 0.934417 0.956769 -1.62195 0.569208 -1.59578 -1.67053 -5.48888 0.484117 -1.78274 -1.70749 -0.22122 4.24423 0.215502 0.125271 0.0384062 0.0223465
  0 0 0 0.0966283 0.180847 0.0601692 -0.757029 0.295183 0.853152 0.744671 -0.24475 -0.812861 2.19421 -1.53831 -0.976857 -0.0457579 1.71794 -1.70113 -1.83046 -0.214211 4.1535 0.215502 0.125271 0.0384062 0.0223465
  0 0 0 0.0966283 0.189309 0.0601692 0.0128423 0.56259 0.00774926 -0.0372485 -0.307434 -0.258113 0.2908 -1.90824 -0.828974 -1.48013 3.0882 -1.77177 -0.251958 -0.204487 4.25903 0.215502 0.125271 0.0384062 0.0223465
  0 0 0 0.0966283 0.172292 0.0602731 -0.384537 0.510682 -0.242217 -0.0936818 -0.296048 -0.464891 0.529087 -1.09288 -1.01804 -2.2458 3.74673 -1.71199 -1.86953 -0.14662 4.20271 0.215502 0.125271 0.0384062 0.0223465
  0 0 0 0.0966283 0.191246 0.0602731 -0.858258 0.355008 0.00764454 1.07151 -0.267404 -0.97684 1.17795 -0.782459 -0.39042 -0.424714 2.17319 -1.57793 -1.41652 -0.201672 4.22324 0.215502 0.125271 0.0384062 0.0223465
  0 0 0 0.0966283 0.180879 0.0601692 -0.573971 0.228078 -0.251118 0.19746 -0.274561 -0.991111 1.48496 -1.34187 -0.343369 -1.8306 3.60057 -1.69743 -1.7857 -0.150496 4.18842 0.215502 0.125271 0.0384062 0.0223465
  0 0 0 0.0966283 0.194806 0.0601692 -1.32195 -0.237608 -0.156451 0.2091 0.553336 0.052013 1.78034 -0.986441 -1.39484 -1.54111 2.22167 -1.24183 -1.49219 -0.162631 4.30107 0.215502 0.125271 0.0384062 0.0223465
  0 0 0 0.0966283 0.457653 0.0601692 -0.135726 0.383445 0.0662876 0.94643 -0.293011 -0.597119 0.164441 -1.86655 -1.69189 -0.499453 1.41288 -0.427606 -1.14956 -0.190825 4.25742 0.215502 0.125271 0.0384062 0.0223465
  0 0 0 0.0966283 0.183182 0.0601692 -0.334039 1.19033 -0.223053 0.182115 -0.179984 -1.3928 1.34029 -2.05572 -1.41307 -4.50305 4.00567 -1.628 -1.52054 -0.156087 4.22955 0.215502 0.125271 0.0384062 0.0223465
  0 0 0 0.0966283 0.171925 0.0601692 -0.897472 0.311482 0.940488 -0.21582 -0.279417 -0.781511 -0.310867 -1.65802 -1.14346 -1.96888 0.101575 -1.82859 -1.36351 -0.160891 4.22876 0.215502 0.125271 0.0384062 0.0223465
  0 0 0 0.0966283 0.17092 0.0603769 -1.13218 0.843162 -0.231326 0.926237 0.938074 0.425944 1.42291 -0.201928 -1.76849 -0.825247 2.81767 -1.62697 -1.20232 -0.156453 4.22797 0.215502 0.125271 0.0384062 0.0223465
  0 0 0 0.0966283 0.178051 0.0601692 0.0703878 0.100476 0.638372 0.0376096 0.123221 -1.49094 -0.496366 -1.05506 -0.538231 -3.11061 0.401396 -1.47626 -1.45504 -0.157845 4.22771 0.215502 0.125271 0.0384062 0.0223465
  0 0 0 0.0966283 0.155379 0.0601692 -0.592873 0.126269 1.11684 -0.285949 0.895607 -0.908769 0.45805 -1.79846 -1.99955 -1.96443 2.69908 -1.82749 -0.198094 -0.170519 4.21958 0.215502 0.125271 0.0384062 0.0223465
  0 0 0 0.0966283 0.192398 0.0601692 -0.760345 0.238218 1.23863 -0.156561 -0.0915566 -0.308481 1.07638 -1.58488 -0.948352 -1.3439 2.38261 -1.83884 -1.61655 -0.157436 4.22866 0.215502 0.125271 0.0384062 0.0223465
  0 0 0 0.0966283 0.185172 0.0601692 -0.126714 0.930795 0.649996 0.0890602 0.639081 -1.82768 1.6143 -0.705296 -1.29761 -3.81909 2.1644 -0.840023 -1.9143 -0.157449 4.21991 0.215504 0.125271 0.0384066 0.0223465
  0 0 0 0.0966283 0.162846 0.0601692 -0.439994 -0.000910026 0.80697 0.189745 0.408061 0.40606 0.507921 -0.228204 -1.21912 -0.321052 2.1736 -1.79428 -0.578149 -0.154651 4.2332 0.215504 0.125271 0.0384066 0.0223465  