  -0.00173282 0 0 0.00077134 0.300363 0 0.284349 0.0840999 -2.33526 -0.242997 1.29452 -0.95547 0.706864 -0.135981 0.546278 -1.55714 -0.503745 -0.0949198 0.473666 0.0601376 -0.392639 0 0 -0.436221 -0.447301
  -0.00224185 0 0 0.00254017 0.104247 0 0.953955 0.459772 -0.828492 1.65097 1.44551 -1.44803 -1.05486 -0.0951697 -0.353685 -1.89949 -0.519612 0.295228 -0.810728 -0.0519029 0.0876226 0 0 -1.77956 -0.810406
  -0.00224716 0 0 0.00551153 -0.0875391 0 2.0966 1.31566 1.15955 -3.65046 0.646878 -0.402712 -2.00414 -0.544425 0.699632 -0.268659 -0.297725 -0.777062 0.325321 0.115404 -0.0668045 0 0 0.611558 -0.707025
  -0.0022472 0 0 0.00772348 -0.0774134 0 0.549429 1.76436 0.267003 -0.744387 2.89861 -0.753829 1.88444 -0.785918 0.61526 -0.102482 1.51944 1.59474 0.173426 0.0782473 -0.0683987 0 0 -0.0465841 -0.761051
  -0.00224721 0 0 0.00782239 0.0173979 0 -0.45905 1.20357 0.104568 2.72973 0.690338 0.722881 1.69325 -0.384068 0.103443 1.6147 1.24238 0.869063 -0.789586 -0.00420277 0.0878761 0 0 -0.64345 -0.675485
  -0.00224721 0 0 0.00665104 0.163315 0 1.55643 0.3333 -1.26705 -1.86437 -0.0310659 -0.973066 -0.127444 -2.19217 0.315707 0.222583 0.465841 2.11554 1.76579 0.178938 0.0872562 0 0 -0.60935 -0.643076
  -0.00224721 0 0 0.00549705 -0.0653654 0 0.205168 1.57532 2.23597 2.89281 1.47182 0.117591 -0.299 1.10147 -1.06227 -0.0521203 -0.490188 1.64346 1.49662 -0.0530869 0.0360191 0 0 -0.552952 -0.712276
  -0.00224721 0 0 0.00445121 0.135333 0 0.773299 1.36336 -0.387042 -2.50833 3.00813 -0.0296515 -1.10575 -2.57472 1.77961 0.487697 0.00248414 1.84763 1.35073 0.0926144 0.230544 0 0 -0.805877 0.843576
  -0.00224721 0 0 0.00308942 -0.0410046 0 0.898635 0.824987 -0.22217 1.9379 0.629 0.0138962 -1.72388 -0.0500516 -1.22754 0.0386553 -0.32105 -0.186987 -0.22933 -0.0867476 -0.0133692 0 0 1.04183 -0.999925
  -0.00224721 0 0 -3.65044e-05 -0.0595057 0 0.640061 1.1708 2.17108 1.65679 0.0531504 -0.163099 0.248502 0.106746 0.439153 0.072195 0.069092 -1.69969 0.253945 -0.116966 -0.313689 0 0 -1.00213 -0.780725
  -0.00224721 0 0 -0.00156401 -0.0245649 0 0.685877 0.555521 -0.367857 -0.718704 -1.44148 -0.678735 -0.742431 0.369768 -0.441663 0.202671 0.768202 0.636351 2.16732 -0.349653 0.140638 0 0 -1.25508 -1.17806
  -0.00224721 0 0 -0.00329615 0.0793495 0 0.391626 1.41328 4.03813 -0.278415 2.26008 1.1337 -0.689664 -1.3209 0.274628 1.81393 0.327363 1.70141 1.44495 -0.41489 0.312337 0 0 -1.07809 0.832835
  -0.00224721 0 0 -0.00415111 0.195516 0 0.636161 0.693899 -1.42709 -0.590263 1.99001 1.95297 0.300297 -0.212266 0.936734 -1.5278 -1.49802 1.50169 -0.580677 0.484164 -0.17092 0 0 -0.882772 -0.818641
  -0.00224721 0 0 -0.00500741 -0.0202963 0 1.21356 0.439461 2.13842 -0.0307794 -0.191985 -1.00749 0.543646 -0.643437 1.95441 0.474512 0.14323 1.87282 0.324187 -0.0361672 0.0882694 0 0 -1.02741 -0.675672
  -0.00224721 0 0 -0.00665809 -0.0799702 0 0.951436 0.792718 1.25755 -3.70304 1.94615 -0.0477436 -0.969162 -3.21181 2.30191 0.238512 -0.382602 2.60906 1.38886 0.0799342 -0.163193 0 0 2.52118 1.51388
  -0.00224721 0 0 -0.00918586 0.133909 0 0.731061 1.09434 -1.78443 -2.15432 1.8179 0.830997 -0.280093 -0.0655464 1.35171 -1.60053 -1.68979 -0.0798435 0.420705 -0.147779 0.00730019 0 0 -1.64105 -0.882041
  -0.00224721 0 0 -0.0137266 -0.00677706 0 0.545242 0.623435 -0.155312 -0.0726394 -2.21461 0.136273 -1.98055 -0.991361 -0.335358 0.307241 1.16989 -1.00413 1.60047 0.0245558 0.104354 0 0 -0.997694 0.610149
  -0.00224721 0 0 -0.00973899 0.149743 0 0.608292 0.677077 -1.99179 0.761444 0.841765 -2.81709 -1.29655 -0.109659 0.191748 -1.49931 0.0930514 -0.422837 1.50913 -0.170154 0.118908 0 0 -1.00231 0.639689
  -0.00224721 0 0 -0.0301902 0.0231447 0 -1.03071 0.641771 0.191577 1.45768 4.66877 0.235702 -0.356595 0.152543 1.5732 0.730454 -1.42997 1.69667 -0.967812 0.225414 -0.105352 0 0 -1.03259 -0.170097
  -0.00224721 0 0 -0.0372665 0.0634484 0 1.2188 0.627011 2.0163 2.5085 -0.54615 0.558907 -1.17306 0.0315592 0.475997 0.800636 -0.370118 1.7606 1.8542 -0.199192 0.352937 0 0 -1.00003 0.217998
  -0.00224721 0 0 -0.0457169 0.13531 0 -0.559738 0.794804 0.644145 2.89504 -0.00743406 1.41265 -0.420948 0.443762 -1.96335 1.596 -0.202135 -0.610003 1.9109 -0.00712684 0.00838882 0 0 -0.797176 -1.03197
  -0.00224721 0 0 -0.0530971 0.0774705 0 1.26478 0.416362 -0.162701 -0.963571 1.01066 -0.878299 -0.82668 -0.790904 1.87481 0.230638 -0.659366 1.59584 1.55983 -0.940901 0.00733499 0 0 -1.01672 -0.462494
  -0.00224721 0 0 -0.0598498 0.167314 0 0.587046 0.33753 -5.05559 -0.618926 1.21632 -1.10224 -1.005 -0.443575 0.533396 0.830157 -0.318708 1.54085 1.9565 -0.718496 -0.131798 0 0 -0.915744 -0.866806
  -0.00224721 0 0 -0.0733863 0.222147 0 0.844569 0.675028 -2.41927 -3.17902 0.571237 1.29489 -0.840872 -0.777389 -1.41161 -2.33434 -0.0162547 0.34461 -1.8002 -0.0479006 0.217891 0 0 -1.03304 0.708982
  -0.00224721 0 0 -0.0815487 0.235739 0 0.731455 1.39258 -2.74553 -0.398513 0.841737 -3.36921 -0.430653 -1.46078 -0.638248 0.208194 -0.288151 1.88086 1.48962 0.0999923 0.128398 0 0 -1.27303 -0.933678
  -0.00224721 0 0 -0.0887842 -0.122885 0 1.48397 0.759082 1.79504 -0.038577 0.447659 0.702168 2.40573 -0.0439267 1.97221 1.85672 0.146298 -1.34377 -0.368312 -0.0304926 0.1147 0 0 -0.847036 -0.692906
  -0.00224721 0 0 -0.096651 0.04697 0 -0.0221842 0.749094 -3.46451 -0.599133 1.11265 1.27098 -1.01523 -1.05656 -2.30664 1.85506 -0.507016 0.714289 1.71314 -0.365127 -0.217922 0 0 -0.999452 -0.706538
  -0.00224721 0 0 -0.100067 -0.102442 0 0.30755 1.39966 1.55399 1.73503 2.28177 -0.251663 2.14933 1.59612 0.120169 -0.691109 0.240459 1.01857 0.723301 0.206017 -0.022992 0 0 -1.00337 -0.615748
  -0.00224721 0 0 -0.103079 0.0930049 0 0.364743 0.584472 0.120607 -0.477232 0.0658589 -0.762126 0.99841 -2.0967 -1.62748 -1.48628 0.758107 1.50001 1.43493 0.00749729 0.0311121 0 0 -0.997429 -0.737648
  -0.00224721 0 0 -0.111034 0.229398 0 0.354953 0.350622 -2.58183 2.0623 -0.694854 0.338403 0.39985 -0.0950062 -0.938153 2.14756 1.10783 -0.343199 0.477129 0.0355025 0.100039 0 0 -0.90414 -0.76481
  -0.00224721 0 0 -0.114219 -0.132089 0 0.567735 1.09331 2.10682 -2.03616 0.819587 -0.050022 1.27624 -2.42266 0.584889 -0.236687 1.75463 2.63712 0.158835 -0.248673 -0.0119 0 0 -1.17737 -0.719596
  -0.00224721 0 0 -0.116642 0.216033 0 1.00466 1.57623 -1.54347 -0.298163 2.06224 0.300949 0.700879 -0.0831414 -0.845486 1.7857 -0.137184 0.537422 -0.429011 -0.052033 -0.00792121 0 0 -0.990561 -0.501538
  -0.00224721 0 0 -0.119176 -0.103061 0 1.01095 0.428187 2.34226 3.29236 -0.890886 0.290812 2.5869 1.2459 -0.225579 1.89167 0.651236 1.79993 0.686437 -0.00247536 0.15911 0 0 -1.00426 -0.316283
  -0.00224721 0 0 -0.12122 0.185195 0 0.870204 0.435198 -0.916627 -1.77174 0.0410345 0.954902 2.89528 -0.464591 0.0548929 -2.00313 1.67917 0.175282 -0.288472 -0.0120526 0.00769363 0 0 -1.00269 -0.362946
  -0.00224721 0 0 -0.123779 -0.106405 0 0.706458 0.700499 -1.92016 -1.08836 3.14574 -0.187354 0.88617 -1.77606 -0.182671 -1.48813 0.00669438 1.34555 0.456124 0.0959281 -0.0721192 0 0 -0.984069 0.161714
  -0.00224721 0 0 -0.127035 0.0138193 0 0.248387 1.19751 0.19537 0.340963 -0.689027 -3.0849 -0.980989 -0.0921224 -0.344938 -0.106665 0.0343638 1.05953 1.58575 0.130355 -0.186665 0 0 -1.00345 0.657501
  -0.00224721 0 0 -0.129376 0.144854 0 1.53292 0.324659 -2.25943 -1.57573 0.210138 1.39123 -1.16917 -0.767254 -0.0398015 0.125486 0.2235 2.59774 1.69058 -0.212017 -0.0281337 0 0 -1.00192 0.611492
  -0.00224721 0 0 -0.135452 -0.0775989 0 0.314625 1.44276 2.34001 2.13424 1.16947 0.653457 -0.240392 1.19701 -0.272256 1.85245 -0.125663 1.48633 1.32959 -0.0498451 0.0514806 0 0 -0.30669 -0.0690831
  -0.00224721 0 0 -0.1388 0.0373091 0 1.55336 1.59028 -2.38903 -0.481178 0.107206 -0.287411 0.661974 -0.115043 -0.0837776 0.0767645 0.326971 -0.194662 -0.0488527 0.194757 0.0581202 0 0 -0.960244 -0.754758
  -0.00224721 0 0 -0.144102 0.00912134 0 0.770018 1.02433 -5.32083 -0.232009 1.9769 -3.06205 1.19455 0.137905 0.0213096 -1.52581 0.376046 -0.907543 1.35164 0.143824 -0.129521 0 0 -1.18409 -0.702357
  -0.00224721 0 0 -0.158208 -0.0910584 0 1.82852 0.470298 2.31781 0.00879079 0.380536 -1.42551 -0.643123 -0.751595 1.25994 -1.80805 -0.0222478 0.304374 -0.0265594 0.197077 -0.0410469 0 0 -1.23055 -0.733491
  -0.00224721 0 0 -0.165333 0.036231 0 -0.523869 0.984608 -2.28175 -2.13936 2.6775 0.284715 -1.04972 -1.12815 0.781752 1.01592 0.539445 2.41137 1.68127 -0.322882 0.270672 0 0 -2.4851 -2.71479
  -0.00224721 0 0 -0.169979 -0.0527142 0 1.16723 1.52703 -0.461364 -3.54987 0.284703 -1.08695 -1.50313 -3.01447 -1.87866 -0.177911 -0.993037 2.63904 0.0282813 -0.465895 -0.0410576 0 0 -0.905286 0.241607
  -0.00224721 0 0 -0.175605 0.218582 0 1.06519 0.625946 -2.01825 1.23543 -0.469213 1.14953 0.257849 0.056704 -0.377382 2.37423 1.25807 0.655315 1.44968 0.0526822 0.214504 0 0 -1.00944 0.617732
  -0.00224721 0 0 -0.180612 -0.0187314 0 0.13493 1.05185 -3.11737 2.55204 1.93486 -0.740748 -0.510751 1.41207 -0.104943 -0.578467 0.0832311 2.69408 -0.208636 -0.30675 0.157442 0 0 -0.989501 0.773889
  -0.00224721 0 0 -0.191617 -0.0178317 0 0.450638 0.888688 2.3063 0.551331 1.53073 -0.136972 -1.8427 0.645442 -0.626891 0.415688 -1.66895 1.3357 0.18468 -0.0477372 0.039288 0 0 -1.01605 -0.7902
  -0.00224721 0 0 -0.196087 0.0953988 0 -0.041709 1.42124 4.11376 1.01226 3.2791 0.230569 -0.0491926 1.10385 1.58692 -0.130083 -0.611892 2.81261 -0.0638674 -0.385802 -0.192781 0 0 -1.45921 -1.00977
  -0.00224721 0 0 -0.199699 0.124326 0 1.75367 0.751745 3.36117 -2.66664 2.37417 -0.201981 0.684779 -1.56684 0.0945712 0.402171 -0.184932 1.7557 0.474573 -0.203459 0.310422 0 0 0.885753 -1.4717
  -0.00224721 0 0 -0.203254 -0.0764365 0 0.965845 0.60908 1.73114 -2.10865 2.9437 0.970469 -1.08879 -1.35045 0.38708 -0.128937 -1.42148 2.76983 -0.577176 0.259683 0.239064 0 0 -1.03868 -0.115267
  -0.00224721 0 0 -0.206692 0.157659 0 -0.651087 1.2508 -0.587383 -1.49581 0.790836 0.783693 -1.51997 -1.70622 -0.647624 0.629951 -0.670083 2.39109 0.266481 -0.295128 -0.0215051 0 0 -1.00489 0.250139
  -0.00224721 0 0 -0.210159 -0.140318 0 1.76077 1.27159 2.39249 0.965649 0.0527747 0.82283 0.064237 0.472991 -0.359775 2.27749 -0.374023 0.579571 0.945233 -0.0475545 -0.00238094 0 0 -1.09986 -0.814914
  -0.00224721 0 0 -0.213007 0.121214 0 0.236869 0.658963 3.24972 -1.14468 1.04131 -1.07624 1.15611 -0.235958 -0.127361 -0.409885 0.546625 -0.169774 0.238454 0.0345192 -0.375456 0 0 -1.16066 -0.738501
  -0.00224721 0 0 -0.214956 0.154356 0 0.659475 0.628781 0.9523 -0.965491 -1.31044 -1.89538 -0.130703 -0.360114 -1.29813 -0.237217 -0.0941443 0.0642498 0.625129 -0.0287713 -0.0290761 0 0 -1.01049 -0.974426
  -0.00224721 0 0 -0.215856 0.00938479 0 -0.400882 1.4889 5.00845 -0.450266 0.0525059 0.328168 -1.21394 -0.364388 -1.14673 -0.0910097 -0.360892 1.75058 -0.635503 0.0946614 -0.00705402 0 0 -1.00231 -0.381385
  -0.00224721 0 0 -0.216138 -0.0421503 0 1.2966 0.764868 -0.189651 -3.17696 1.53004 0.233615 -2.41069 -2.57767 -0.290009 0.0729792 -1.65545 1.26037 0.681584 0.119786 -0.0209073 0 0 -1.00163 -0.428081
  -0.00224721 0 0 -0.215724 0.0670413 0 1.0558 1.28964 -0.261835 1.27826 3.50748 -0.078298 0.0963067 -0.00041659 1.11739 2.09576 -0.524782 0.0954901 -0.0669032 0.220272 0.020303 0 0 -1.36336 -0.596002
  -0.00224721 0 0 -0.214412 0.0749767 0 0.181919 0.751452 -1.45706 -1.19659 1.42196 0.831782 0.681345 -0.867971 -0.257118 0.453954 0.290637 2.73319 0.456293 -0.240124 -0.0230485 0 0 0.360248 0.776765
  -0.00224721 0 0 -0.211908 0.0451247 0 0.952476 0.750657 -2.33279 -1.89791 1.14825 0.574325 -0.849214 -2.24963 1.86131 1.43151 0.418842 1.24899 1.42515 -0.253233 0.320431 0 0 -1.07169 0.733393
  -0.00224721 0 0 -0.202013 0.11051 0 0.529839 0.584832 0.17446 -1.87127 2.13063 1.2441 -1.04628 -1.61729 1.88307 0.462038 -1.10222 1.36116 1.20177 0.0634025 0.127938 0 0 -1.0014 0.162801
  -0.00224721 0 0 -0.198161 0.120638 0 0.936257 0.480065 -1.46463 -1.18737 0.33345 0.627384 -1.06647 -1.43658 1.54233 -0.266685 0.342366 2.01633 1.53669 0.371042 -0.2408 0 0 2.395 1.30866
  -0.00315161 0 0 0.00513828 0.182307 0 0.39232 0.819894 -2.77251 -0.834409 0.603118 -0.95025 -1.47707 0.0565612 -1.02499 1.80752 -1.65487 1.55775 0.872023 0.239144 0.0541511 0 0 3.26386 4.61088
  -0.00317177 0 0 0.00848018 -0.104114 0 1.28938 1.32202 0.785264 -1.03253 -0.0346018 0.585264 0.982254 -1.27645 0.242968 -0.65585 0.44747 0.289693 -0.631858 0.0102495 0.0343167 0 0 -1.14185 -1.101
  -0.00317544 0 0 0.0123244 0.0933852 0 0.375677 0.98593 1.46939 0.0602565 0.0263486 0.749544 0.594988 -2.07744 -0.00970205 0.0222622 -0.366743 -1.98445 0.724233 0.0925739 0.132073 0 0 -0.536551 -0.320172
  -0.00317661 0 0 0.0207615 -0.0324549 0 0.116588 0.416493 0.186319 1.09601 -0.131439 -0.179531 -0.915776 -1.22351 0.102405 0.347036 0.176114 -1.57723 1.41305 0.108909 0.0989713 0 0 -0.906367 0.0890825
  -0.00317665 0 0 0.0247102 0.210173 0 0.228224 1.65408 0.412131 -1.46984 2.88439 0.292512 1.54485 -2.26759 0.7159 1.59173 -0.143015 2.43877 -0.907064 -0.415834 0.261214 0 0 -0.747902 0.707139
  -0.00317666 0 0 0.0338833 0.152457 0 0.457461 0.809407 5.89293 -1.77834 1.66649 -0.125942 0.298239 0.0239813 -0.0754743 -0.312365 -0.2333 0.484748 0.0536389 0.0382996 0.0314749 0 0 -1.31325 1.60305
  -0.00317666 0 0 0.0491023 0.00445961 0 0.334446 1.32465 1.15436 2.55106 0.764135 0.395977 2.59266 0.467742 -0.101662 1.55815 1.47045 1.44033 -0.176161 -0.181753 0.317528 0 0 -0.682847 -0.497474
  -0.00317666 0 0 0.0563763 0.0656344 0 0.44098 0.718001 0.196526 -1.36676 1.95095 0.928179 -1.37407 -0.433591 0.205557 -2.31606 -0.421588 0.159295 0.188092 -0.0494651 0.00265494 0 0 -0.635515 -0.222777
  -0.00317666 0 0 0.0639561 -0.0826733 0 0.469327 0.485952 2.37056 -0.575971 -0.668908 0.482261 0.169678 -0.972581 0.139418 -0.171335 0.388953 1.68608 0.104432 -0.410439 0.015259 0 0 -1.21004 -0.811084
  -0.00317666 0 0 0.0721693 0.181224 0 0.500705 0.386526 -1.13816 1.45068 -0.279792 1.87635 0.371748 -0.102817 0.202148 -0.0394305 -0.261472 1.57246 -0.0452023 0.484684 0.0362682 0 0 -0.472517 -0.501392
  -0.00317666 0 0 0.0999284 -0.0281262 0 0.609703 1.01076 2.87001 1.60438 1.6151 0.922163 -0.868794 -0.397166 1.59096 0.533589 -0.123561 1.62232 1.979 0.110356 0.22583 0 0 -0.652395 -0.34581
  -0.00317666 0 0 0.109814 0.0363741 0 0.316465 0.489782 2.87419 -2.64538 -0.340003 0.387883 -0.213055 -1.74271 -0.158828 -1.72099 -0.113885 1.51647 0.175327 0.0430525 -0.0306636 0 0 1.57591 2.89209
  -0.00317666 0 0 0.126141 0.199751 0 1.05577 1.28288 -1.19978 -1.62669 0.237548 0.0234956 -0.649044 -2.3445 -0.610875 1.48098 -0.201572 -1.0137 -0.845861 -0.078956 0.010973 0 0 -0.0119056 -0.862442
  -0.00317666 0 0 0.156249 -0.0596529 0 0.912609 0.572091 -1.95095 -1.10803 -0.581175 1.20324 -0.730319 -1.16184 -0.458184 -0.00366342 1.42782 1.88167 1.33642 0.327223 0.0468341 0 0 -0.673827 -0.536621
  -0.00317666 0 0 0.188643 0.0025291 0 0.337218 0.553218 0.586987 -0.305067 -0.842183 -0.572668 -0.960454 -0.534181 -0.13884 0.259313 -0.497062 0.158417 1.4685 -0.0324316 -0.378242 0 0 -0.66828 -0.270703
  -0.00317666 0 0 0.3124 0.00417908 0 0.37219 0.393815 2.30497 -1.95971 -1.26741 -1.46682 0.512819 -0.505956 0.0930815 -2.16129 -0.0247548 -1.70553 -0.782252 -0.0306219 0.105887 0 0 0.039236 0.715608
  -0.00317666 0 0 0.414211 -0.43313 0 0.049472 0.94288 -0.531887 1.63124 -0.483023 0.24997 -0.00926125 0.0616774 -1.64787 2.54305 -0.286579 1.01755 -0.145263 -0.186774 0.00564731 0 0 -0.756238 0.617649
  -0.00317666 0 0 0.435136 -0.0342169 0 1.46244 0.464401 1.66639 -0.763592 -0.753847 -1.32713 0.226896 -0.90692 -0.555899 -1.99047 0.858089 -0.120184 0.513995 0.028862 -0.0180939 0 0 -0.689636 0.60001
  -0.00317666 0 0 0.473204 0.808518 0 -0.0906617 0.401143 -2.24207 -4.30183 -0.538402 -0.439381 -0.583849 -1.96378 -0.576325 -2.16116 1.0095 1.45409 1.23213 0.307886 0.153272 0 0 0.99645 -1.03121
  -0.00317666 0 0 0.490874 0.123216 0 -0.272552 1.23544 -0.252907 0.0467587 2.58262 0.2691 -0.531508 -0.228684 0.537322 0.0829722 0.114485 1.47331 0.591205 0.480501 -0.454961 0 0 0.414811 -0.451482
  -0.00317666 0 0 0.50858 -0.108429 0 1.2197 0.222161 1.99011 -2.12573 1.19636 -0.509033 -1.56485 -1.9938 -0.893787 1.22654 -0.668077 0.45454 1.59955 0.133952 -0.639461 0 0 0.164531 -0.246705
  -0.00317666 0 0 0.526654 0.0530755 0 1.76144 0.629328 4.64928 -2.56175 3.13383 0.812254 -1.23535 -2.88701 -0.129928 0.248442 -1.07462 2.63831 0.055142 0.289606 -0.0612894 0 0 0.782772 -0.093997
  -0.00317666 0 0 0.572228 0.213589 0 0.680437 0.973241 -1.97734 -1.33599 1.55352 -0.231513 -0.845282 -1.12667 -0.168861 0.164443 0.0404544 0.714101 -0.258102 -0.102783 0.0453799 0 0 0.0753521 0.24102
  -0.00317666 0 0 0.700869 -0.117813 0 1.11882 0.280308 5.19049 1.54656 0.941135 0.852846 -0.0644165 0.557704 0.441561 2.33968 -0.171194 0.105204 -1.82575 -0.039815 -0.0851632 0 0 -0.789437 0.736695
  -0.00317666 0 0 0.700922 -0.0920819 0 0.392685 0.81562 0.205931 -1.19489 -0.19481 0.55962 0.251377 -0.985953 -0.291545 -0.675586 -0.0327186 -0.622591 -0.689232 0.0863059 -0.0250923 0 0 0.453195 0.693039
  -0.00317666 0 0 0.701709 -0.154287 0 0.498488 1.24848 1.10978 -1.28429 0.833591 1.52349 -0.816987 0.0201931 0.257474 -1.84878 -0.122644 -2.03272 1.5429 -0.174178 0.125436 0 0 -0.672943 0.483747
  -0.00317666 0 0 0.701626 0.174546 0 1.50511 0.761496 -2.1628 -1.05212 1.13353 -0.457091 1.26681 -2.30888 0.441828 0.0690098 0.835027 2.53822 -0.648999 -0.224718 0.255128 0 0 -0.0963747 0.0621655
  -0.00317666 0 0 0.701598 -0.0495693 0 0.488638 1.50213 0.745136 0.228242 0.877621 -0.612773 -1.65691 0.407488 0.604041 -0.20722 -0.910685 1.57459 0.0445062 -0.108177 -0.0442992 0 0 0.773785 -0.894315
  -0.00317666 0 0 0.701555 -0.037986 0 -0.0966518 1.10584 2.21231 -1.06356 3.44273 2.63302 -0.432926 -0.0340665 -0.185345 -0.0905612 -0.0316172 2.15956 -0.0942865 0.547193 0.012489 0 0 1.65656 -0.783965
  -0.00317666 0 0 0.701602 -0.0556256 0 0.704703 0.130058 2.05168 0.571344 -0.398091 -2.12309 0.671612 -0.0427731 -0.268619 -0.724633 0.897489 -2.16417 0.372049 -0.872244 -0.146025 0 0 0.486347 -0.384162
  -0.00317666 0 0 0.701664 0.166204 0 -1.35721 0.747404 -0.447105 0.0858188 -0.935634 0.418783 -0.336984 0.180154 -0.812115 1.5215 -0.0468223 1.82318 1.0774 -0.3964 0.552017 0 0 0.534137 0.988547
  -0.00317666 0 0 0.73264 0.0699297 0 -0.44104 0.335646 -1.4754 2.98018 -1.85644 0.288978 0.152412 -0.135256 -0.492019 2.26693 0.123069 -1.51151 0.793909 0.0234213 0.0489164 0 0 0.140259 -0.256561
  -0.00317666 0 0 0.733162 0.0414927 0 0.62546 1.59881 -3.41948 -2.20294 2.845 -0.128051 0.0860025 -2.56119 0.022352 0.190022 -0.148418 2.94007 0.146103 -0.268296 0.103834 0 0 -0.0471065 -0.628794
  -0.00317666 0 0 0.73316 -0.0948106 0 0.289553 1.34113 -3.17763 0.731468 0.385283 -0.316407 0.330401 0.600984 -0.35461 -0.551088 0.256021 1.22216 1.47274 -0.0360906 0.296807 0 0 -0.790254 0.12752
  -0.00317666 0 0 0.733163 -0.0372038 0 -0.169692 1.27329 1.59802 0.339241 0.0325354 -2.44413 0.868226 0.091297 0.432008 1.16116 0.82388 -2.35668 0.408979 0.640707 0.25414 0 0 -0.631194 -0.998696
  -0.00317666 0 0 0.733151 0.292887 0 -0.290929 1.34712 -1.83246 -1.77219 3.56802 0.456864 -0.582586 -1.48546 2.58492 0.0769179 0.665222 1.84899 1.83424 -0.330659 0.076167 0 0 -0.598148 -0.457809
  -0.00317666 0 0 0.733167 0.195123 0 0.274662 0.462394 -2.71422 -3.05346 -0.207566 -1.16179 -0.852442 -1.83414 0.378598 -1.52541 -0.469602 1.59216 -0.0502086 0.266764 -0.00551153 0 0 -0.714824 -0.779679
  -0.00317666 0 0 0.733156 0.73653 0 0.527768 1.50764 0.850026 -0.550117 -1.32418 -2.06993 1.01959 -0.141458 -1.14451 0.659487 1.44671 1.61849 0.382744 -0.304437 0.00462029 0 0 -0.451076 -0.713664
  -0.00317666 0 0 0.73315 0.151124 0 -0.721185 0.440235 -1.35721 -1.23119 -0.443919 0.306919 0.612526 -1.14142 -0.0893596 0.168131 0.239294 1.53046 -1.19818 -0.0770345 -0.00416922 0 0 -0.351766 -0.688786
  -0.00317666 0 0 0.733089 0.129201 0 1.43668 0.464314 -0.867698 -1.53965 -0.366013 0.55068 -0.406324 0.212772 -1.06371 0.253323 0.0290496 -1.74925 2.02314 -0.268559 -0.00173266 0 0 -0.703421 -0.648511
  -0.00317666 0 0 0.733057 0.0308844 0 0.994259 0.738582 2.12563 -1.84668 -0.101719 0.518422 0.290296 -2.404 -0.936971 0.423738 0.163766 1.95707 1.98014 0.755529 -0.26715 0 0 -0.608805 -0.668538
  -0.00317666 0 0 0.733048 0.200918 0 0.562294 0.324049 -2.58565 0.814426 -0.126762 1.03215 -0.469534 -0.350613 0.834679 1.59884 0.176175 1.70213 0.537289 0.0468927 -0.0391205 0 0 -0.550629 -0.624565
  -0.00317666 0 0 0.733041 -0.0436636 0 -0.0914809 0.973287 1.92527 -0.0546102 1.33182 0.96517 -2.66122 0.266456 -0.612231 -1.05335 -1.37296 2.56951 0.818067 -0.42032 0.0404767 0 0 -0.7152 -0.650709
  -0.00317666 0 0 0.733033 0.239771 0 -0.255147 0.702284 -2.54749 -0.775929 0.361498 -0.23874 -0.0151006 -1.32745 0.174519 -0.563923 -0.179189 -0.947913 0.473645 0.0260874 0.211125 0 0 -0.702545 -0.671163
  -0.00317666 0 0 0.733026 -0.010046 0 -0.0209033 0.453901 -3.22557 1.02625 3.10281 -0.0912596 -0.394688 0.363632 2.01815 1.02893 -0.351676 1.41686 0.920768 -0.420476 0.000235097 0 0 -0.703419 -0.653465
  -0.00317666 0 0 0.73301 0.168312 0 0.132742 1.37493 -1.03472 -3.22291 0.499985 -2.06212 -0.261988 -2.15695 -0.281744 -1.69287 -0.6048 0.548474 0.953525 -0.0579259 -0.110577 0 0 -0.702913 -0.592002
  -0.00317666 0 0 0.733386 -0.0115082 0 1.02391 1.66903 -1.69917 -0.564652 -0.0354773 -0.938657 0.648714 0.0306138 0.443579 -1.65204 0.450043 0.0121842 -0.0652971 0.0045048 -0.0374843 0 0 0.839027 -0.783796
  -0.00317666 0 0 0.733387 0.145518 0 0.664662 0.0822681 -2.34357 0.609231 0.302247 -0.952661 -0.549949 -0.703584 0.391363 -0.156457 -0.069411 0.207166 0.270541 0.159064 -0.00431388 0 0 -1.07077 0.606332
  -0.00317666 0 0 0.733369 0.0504418 0 0.99863 0.0645293 4.46396 -1.05239 0.314761 0.659919 -0.528035 -1.16293 1.22184 2.14499 -0.979482 0.934898 1.25058 -0.0692105 -0.0105846 0 0 -0.257457 0.612838
  -0.00317666 0 0 0.733346 0.236644 0 0.136718 0.822945 -2.44658 -0.164739 -0.420215 -0.206753 -0.284372 1.17586 -1.33888 0.346788 -0.117052 1.54414 1.55148 0.21227 0.493313 0 0 -1.68441 -2.88609
  -0.00317666 0 0 0.733348 -0.063694 0 0.71838 0.555591 0.781903 -0.589221 0.390553 -0.396513 -0.801089 -0.436694 -0.0354918 -1.37403 -0.000262856 -0.121451 1.06399 -0.119235 0.0197941 0 0 -0.0504892 0.806677
  -0.00317666 0 0 0.733331 -0.125973 0 0.688362 1.15391 2.21239 -0.370998 2.42408 0.289146 -1.04486 -0.6459 2.83875 1.91618 0.619211 -1.54548 1.55188 -0.217132 0.158525 0 0 0.455396 0.588015
  -0.00317666 0 0 0.73333 0.250504 0 1.02835 0.719805 -2.33221 -0.560721 2.95504 0.803216 0.713824 -0.0397118 0.0536606 -0.117597 0.139441 0.00655835 0.858478 -0.0664308 0.35534 0 0 -1.53135 -0.86883
  -0.00317666 0 0 0.73335 0.0867173 0 0.0850797 1.44904 3.9861 -0.425731 0.151947 0.54723 0.400457 -0.424404 -0.637483 2.12579 0.174872 1.68552 1.88038 -0.114878 0.368675 0 0 -0.154601 -0.232326
  -0.00317666 0 0 0.733364 0.140297 0 0.669035 1.05031 -2.2969 0.791826 -1.33579 -0.599931 -0.711492 -0.251057 -0.389605 1.23053 0.451926 -2.10872 0.342176 0.00101391 0.136252 0 0 -0.625777 -0.561442
  -0.00317666 0 0 0.733359 -0.0320527 0 1.50831 0.363068 -0.803135 -0.601057 -1.7594 -1.33714 -0.77185 -0.711636 -2.89504 -0.28138 1.10083 -0.0503508 1.73813 -0.175208 0.0429238 0 0 -0.703711 -0.520321
  -0.00317666 0 0 0.733343 -0.104674 0 -0.491624 0.589166 1.81994 -0.823459 -2.19992 0.34755 0.639719 -1.07281 -0.293986 1.79308 0.142323 0.106836 1.31585 -0.000540292 0.0813039 0 0 -1.14005 -0.892296
  -0.00317666 0 0 0.733322 -0.110967 0 0.956284 0.987669 0.465779 -3.07843 3.93646 -0.726836 0.732781 -0.299229 0.359198 -1.53634 -0.372392 1.54929 -0.15211 0.286405 -0.0251074 0 0 -0.803334 0.85309
  -0.00317666 0 0 0.733285 0.0630863 0 -0.266662 0.553555 0.793445 -0.0973814 2.8412 0.719435 -0.385212 0.128669 1.22038 2.38933 -0.307222 0.682342 1.52552 -0.183752 0.0169057 0 0 0.42714 -0.383558
  -0.00317666 0 0 0.733289 0.0115976 0 0.529831 0.512514 2.20205 -0.629773 1.57273 -0.0714996 -2.12324 -1.36631 0.0552738 -0.549874 -0.666745 0.180385 1.66675 -0.00854038 0.685914 0 0 -0.563687 -0.610454
  -0.00317666 0 0 0.733275 0.0525688 0 1.39065 0.557334 -0.45522 0.980734 0.134364 0.309393 -1.27608 0.496439 -1.23299 1.48074 -0.612069 0.333291 0.0458978 0.434459 -0.0141828 0 0 -0.509211 -0.710141
  -0.00317666 0 0 0.733308 0.132909 0 0.306435 0.939118 -0.714966 0.314452 1.57411 -1.32303 -1.42626 0.585636 -0.295007 -1.41303 -1.49696 1.83814 1.51945 0.428431 -0.0246942 0 0 -0.575979 -0.654198
  -0.00317666 0 0 0.733362 0.050554 0 0.370964 1.5097 -2.42787 -3.06318 0.543434 1.57641 1.29449 -0.859014 -0.522554 -0.227389 0.909125 2.61529 -0.145523 -0.141377 0.00513809 0 0 -0.129972 -0.46018
  -0.00317666 0 0 0.733446 0.146808 0 -0.0669673 0.669106 -0.631527 -0.858124 3.09356 1.36012 -0.153244 -0.173622 1.58038 0.134971 -1.44084 1.66405 1.51579 -0.0728061 -0.0958445 0 0 0.631122 0.659571
  -0.00317666 0 0 0.733502 0.202724 0 1.35702 0.391753 -2.34982 -0.755093 1.07874 -0.844769 -0.808899 -0.47663 1.20917 0.583554 -0.344869 0.0755872 0.143805 -0.0279048 -0.01213 0 0 -0.252458 -0.833185
  -0.00317666 0 0 0.733507 -0.0332055 0 0.502184 0.474954 0.198163 0.954597 0.29049 0.168804 -1.18971 0.608831 -0.817783 2.40845 -0.0577209 0.912089 1.53753 -0.0808404 -0.035415 0 0 -0.700677 -0.591599
  -0.00317666 0 0 0.733504 0.130868 0 0.187231 1.68857 -1.65395 2.12091 0.106961 0.939035 -1.0667 -0.0891215 -1.01573 0.0052785 -0.0844445 1.2403 -0.680689 0.0553536 -0.00520204 0 0 -0.704006 -0.493115
  -0.00317666 0 0 0.733444 -0.103674 0 1.2635 1.07699 2.19259 0.699961 1.01256 0.515127 -1.78254 0.555277 0.922502 2.17188 -0.208391 0.770437 1.04487 0.166904 -0.0813015 0 0 -0.252038 -0.716799
  -0.00317666 0 0 0.733437 0.0944119 0 0.568651 0.429319 2.47735 1.24357 0.00143512 0.228108 -1.3364 0.92625 -0.482224 1.00939 -0.147598 0.018041 1.37284 -0.0379939 -0.137124 0 0 -0.100885 -0.678425
  -0.00317666 0 0 0.733443 0.241504 0 0.386439 0.713297 -2.83302 -2.961 0.299213 -0.139231 -1.15687 -2.0446 -0.580263 0.183937 -0.241754 1.13934 0.398471 -0.224572 -0.0425155 0 0 -0.207847 -0.717039
  -0.00317666 0 0 0.733453 -0.0603548 0 1.10736 1.39166 -4.66822 0.729987 -0.544242 -0.33433 0.291364 0.437061 0.308964 1.48774 0.341661 1.591 0.683761 -0.174241 0.008159 0 0 -0.205017 0.7563
  -0.00317666 0 0 0.733437 0.193783 0 0.489143 1.51964 -2.59103 0.145288 -0.0364529 0.320316 2.3546 -0.0248558 -0.018792 1.55687 0.636287 -0.299864 -0.197396 0.00407878 0.00226479 0 0 -0.267135 0.627924
  -0.00317666 0 0 0.733463 -0.139445 0 1.06486 1.15686 2.3376 1.81048 -0.486448 0.778111 1.08894 0.955748 -0.453226 0.479005 0.032966 1.69674 0.971656 0.807996 -0.274915 0 0 0.785759 0.763119
  -0.00317666 0 0 0.733461 0.00603272 0 0.771704 0.544907 5.44791 2.10893 -0.818106 0.56644 0.407008 -0.431874 0.34207 2.56846 0.215963 0.230502 -0.0540623 0.345452 0.0419664 0 0 -0.875495 -1.15146
  -0.00317666 0 0 0.733331 0.267252 0 0.0319164 0.549798 -2.58843 -1.73444 0.316023 0.426845 0.0586173 -1.12622 -1.19534 -0.393991 0.65425 2.59478 1.64522 -0.191806 -0.0552681 0 0 -0.706258 -0.197744
  -0.00317666 0 0 0.733306 0.0170394 0 0.369613 0.720193 -2.24884 1.5315 2.83357 0.415534 -0.775899 0.450908 0.223333 2.04905 -1.09661 0.428358 0.670846 -0.0502996 -0.0857781 0 0 -0.678988 -0.172935
  -0.00317666 0 0 0.733466 -0.144642 0 0.459189 1.4587 2.25409 -0.689155 3.8228 -0.0971166 -0.498638 -0.31701 0.507816 0.206911 -1.74939 1.4292 0.376443 -0.612184 -0.0103826 0 0 -0.407102 -0.311743
  -0.00317666 0 0 0.733451 0.139349 0 1.0492 0.775845 -2.19419 -2.63835 1.46647 0.896369 0.012072 0.00977178 0.63 -2.44951 0.0493303 -0.322058 1.00356 0.123294 -0.0221275 0 0 -0.181757 -0.518558
  -0.00317666 0 0 0.733444 -0.181128 0 0.533209 1.08897 0.578098 -3.17834 -2.13616 -0.0624367 0.995673 -1.91508 1.08046 -1.14582 0.284725 0.229779 -1.60974 -0.00180493 -0.241672 0 0 -0.298456 -0.491919
  -0.00317666 0 0 0.733439 0.056883 0 0.460524 1.11784 0.798757 1.10779 -0.572449 -0.944781 0.922816 1.43751 -0.148827 -1.40577 0.99113 1.79691 0.477432 0.126234 0.0265485 0 0 -0.398476 -0.474935
  -0.00317666 0 0 0.733441 -0.16425 0 0.458141 1.16936 2.13423 2.13779 -0.430253 -0.481022 0.913432 -1.81913 -0.183184 1.24796 0.275403 -2.43015 0.0675879 -0.156627 0.00868182 0 0 -1.10234 -0.786018
  -0.00317666 0 0 0.733418 -0.0136729 0 1.90572 1.18079 -2.79377 -0.73356 1.85441 -0.332175 -0.530955 -0.567978 0.316299 -0.693291 0.654437 1.69368 0.507074 0.226456 0.250281 0 0 -0.711678 -0.314865
  -0.00317666 0 0 0.733413 0.027679 0 0.622763 1.10231 2.65425 -0.366516 3.08381 0.471568 0.481319 0.0431789 0.35781 1.91738 -1.02169 -0.509581 -0.485241 -0.0313334 0.0486576 0 0 -0.432736 -0.610368
  -0.00317666 0 0 0.733409 0.254431 0 1.40428 0.775946 -1.23674 1.765 0.502743 -1.07191 -0.943181 1.02188 0.15317 0.915321 -0.549633 1.65439 1.57961 -0.362234 -0.11291 0 0 -0.0435573 -0.420642
  -0.00317666 0 0 0.733513 -0.0751398 0 0.0687898 0.916331 1.00614 -3.24175 0.570594 0.0562942 1.7087 -1.67178 -0.0879154 -0.671388 1.59183 1.49643 -0.283665 -0.0566055 0.020315 0 0 -0.281018 -0.364753
  -0.00317666 0 0 0.733509 0.0859805 0 1.05943 0.325492 -0.155087 -1.68775 -1.96473 1.52667 0.437928 -1.35557 1.56454 0.573545 1.55455 0.49967 0.492863 -0.0876208 0.0694634 0 0 -0.409815 -0.385839
  -0.00317666 0 0 0.733509 0.111341 0 0.0946195 0.598041 -0.626965 -1.69914 -0.162439 -0.650186 1.80057 -1.78092 -1.50323 0.146653 0.643743 -0.919903 -0.0769737 -0.0495109 0.166826 0 0 -0.581925 -0.454933
  -0.00317666 0 0 0.733503 0.28861 0 0.537661 1.235 -2.57592 -2.20418 -1.02464 1.55325 -0.890743 -0.166176 -1.6134 -2.25417 -0.57727 0.201868 0.417053 0.0726939 -0.0179415 0 0 -0.687043 -0.429661
  -0.00317666 0 0 0.722507 0.277927 0 -1.25086 1.06351 -2.59871 1.4329 1.70373 -0.0209773 -0.63419 -0.0937343 1.88842 2.51489 0.434747 -0.757564 1.39949 0.0401509 0.306228 0 0 -0.83253 0.262889
  -0.00317666 0 0 0.711552 0.269588 0 0.920798 1.65447 -2.15173 0.330013 0.367901 1.8543 0.57412 -0.0355007 -0.165562 2.46982 0.489139 1.3068 0.497771 -0.118224 0.276308 0 0 0.559843 0.234469
  -0.00317666 0 0 0.711545 0.00263111 0 0.220186 0.447693 -0.792398 0.384306 -0.724309 0.955264 -0.799255 0.0263872 0.118119 2.4216 -0.0200784 1.7265 0.538585 0.0212605 0.133473 0 0 0.398645 0.272259
  -0.00317666 0 0 0.711547 0.275138 0 0.224369 0.219184 -0.501296 3.67975 0.460867 0.225465 0.196323 0.382807 -0.640346 1.42773 -0.176595 1.58624 1.53433 0.00877478 -0.160386 0 0 -0.609918 -0.337571
  -0.00317666 0 0 0.711518 0.197449 0 0.538946 1.24989 -2.19188 -3.18094 0.654375 0.772382 -0.833233 -1.95801 -0.231428 -0.128376 -0.269966 2.10358 0.522137 0.0340898 0.278527 0 0 -0.720255 0.288233
  -0.00317666 0 0 0.711514 0.0234348 0 1.13444 0.409381 0.381368 -2.76332 -0.718147 0.722079 -0.713707 -0.943523 -0.383072 -1.76232 0.64107 1.80277 1.54333 -0.136965 0.0370931 0 0 -0.606845 0.306552
  -0.00317666 0 0 0.711561 0.089663 0 0.26395 1.40097 1.72485 0.646696 0.486092 0.770767 2.02799 -0.0344127 -0.945515 2.56234 0.492407 -1.26577 0.695035 -0.0643839 0.0249341 0 0 0.943651 0.789635
  -0.00317666 0 0 0.71155 0.237567 0 0.791313 0.882345 -2.58972 0.101872 1.40866 -1.58526 -0.346838 1.09827 2.07762 -2.14559 0.596762 -1.2112 1.59637 0.242866 0.183361 0 0 0.449205 0.644926
  -0.00317666 0 0 0.711545 -0.0652461 0 0.874761 1.24512 1.71667 0.390572 0.283658 -3.01096 0.227563 -0.927044 -0.999801 -1.50978 0.490507 0.716235 0.397699 0.187016 0.028676 0 0 0.151429 0.63021
  -0.00317666 0 0 0.711487 0.112434 0 0.625099 0.203728 0.624253 0.870297 0.639905 0.103117 -0.538198 0.134356 1.24698 0.533551 -0.253572 0.0873092 1.89571 0.0107959 -0.0106899 0 0 0.0973387 0.749664
  -0.00317666 0 0 0.711491 0.023456 0 1.17467 0.767012 -1.42628 -0.041694 -0.758511 0.00944566 -0.549676 -0.950988 -0.613342 0.124259 -0.133771 2.00814 0.126461 -0.128789 0.0348381 0 0 0.699746 0.0312404
  -0.00317666 0 0 0.711493 0.100921 0 0.0215307 1.11927 0.207837 0.35426 0.103108 -1.42545 -1.47805 -1.06668 0.212506 -1.16987 -1.70715 1.75446 0.887696 0.00277461 0.0245662 0 0 0.375597 -0.277145
  -0.00317666 0 0 0.711482 0.0644938 0 0.219245 0.577615 1.16315 2.79313 0.455791 -0.563149 -0.991745 1.86615 0.000306263 0.926803 -1.01556 1.60186 0.379822 -0.453769 -0.0712411 0 0 0.0789013 -0.358
  -0.00317666 0 0 0.711488 0.0354054 0 1.71635 1.37093 0.178237 0.978275 -0.0605524 0.20063 0.185094 0.224163 -1.27627 1.27052 -0.0225313 0.205081 1.44585 -0.0752071 -0.0756549 0 0 -0.0434305 -0.386926
  -0.00317666 0 0 0.711479 -0.0762032 0 -0.0487303 1.21113 -1.45531 2.82164 -1.35173 -1.38029 1.78729 1.0486 1.06765 -1.00876 0.344896 2.40636 -1.71609 0.0726957 0.458824 0 0 0.538707 -0.602605
  -0.00317666 0 0 0.711468 0.257199 0 0.680583 0.468509 -0.410535 2.96866 -0.720117 0.583822 0.722411 0.333615 0.159313 1.20397 -0.0336601 1.58356 -1.85954 -0.673541 0.0977828 0 0 0.262994 -0.411969
  -0.00317666 0 0 0.722474 -0.0802234 0 1.20183 0.427642 1.99924 -2.90767 1.83134 0.168534 0.584456 -2.70136 1.19634 0.0322764 -0.422323 2.0214 1.30546 0.00154854 0.0500808 0 0 -0.0665307 -0.25744
  -0.00317666 0 0 0.722467 0.00329224 0 0.801659 1.21846 0.710941 -0.295583 0.326636 0.723849 -0.901222 -0.117176 -0.966256 0.0641542 -1.51427 1.93469 -1.01156 -0.0996695 0.114047 0 0 -0.688323 -0.609656
  -0.00317666 0 0 0.722457 -0.00163728 0 1.4735 0.488246 -2.51117 3.30196 1.45154 -1.56891 -1.3853 0.65907 0.959176 0.172096 -0.134572 1.54843 1.60313 0.338357 -0.0886023 0 0 -0.759569 -1.38927
  -0.00317666 0 0 0.711926 -0.0890384 0 0.802935 0.134026 1.75947 -0.312632 1.42973 -0.0366413 -0.601293 0.758355 2.21792 -0.636349 -0.921294 -0.0623146 1.18951 0.00565655 0.0460178 0 0 -0.70112 -0.150307
  -0.00317666 0 0 0.71192 0.18319 0 0.188435 0.633998 -1.35086 3.10521 1.13514 -0.398301 2.37796 1.3093 -1.30017 0.591309 0.781511 1.76999 -1.40462 -0.290425 0.23031 0 0 -0.704895 0.370737
  -0.00317666 0 0 0.711979 0.0717621 0 0.451068 1.61077 3.89952 -0.974625 0.0524785 0.402732 -0.372476 -0.916398 -0.417866 -0.739683 -0.229149 1.51892 0.313436 0.175395 -0.057769 0 0 -0.854909 1.60269
  -0.00317666 0 0 0.712131 -0.0528559 0 0.671531 0.777412 2.16186 -1.28946 -0.247051 -0.0647641 0.394451 -1.15767 -0.414773 -0.177135 0.223183 1.79799 1.87906 -0.134103 0.565518 0 0 0.779392 -0.840683
  -0.00317666 0 0 0.705153 0.100821 0 0.75272 1.26914 3.93382 0.754805 0.4654 0.699329 0.658896 -1.1902 -0.407827 1.78735 0.584318 -1.52651 0.213635 0.181022 -0.0107384 0 0 0.575781 -0.571714
  -0.00317666 0 0 0.705209 -0.155298 0 0.183514 1.32323 2.32288 1.00007 1.98288 -0.0738156 3.25906 -0.119754 0.376496 0.464232 1.45474 1.21568 0.966556 -0.0345058 -0.00545423 0 0 1.61084 -1.52829
  -0.00317666 0 0 0.704505 -0.0237507 0 -0.643857 0.360014 5.28919 0.256378 0.289441 0.708074 1.13063 -1.56744 1.2822 1.99898 0.381318 1.45307 -0.734654 0.125373 -0.0216289 0 0 -0.0703982 -0.0371848
  -0.00317666 0 0 0.736545 0.279595 0 0.453733 0.356458 3.5941 -0.83874 -0.310992 0.67338 -1.09688 -0.561062 -0.110713 0.0216628 0.866502 -0.667327 1.81468 0.0551428 0.147897 0 0 -0.700136 0.667227
  -0.00317666 0 0 0.736546 0.0147998 0 1.12603 0.504305 2.30242 -0.168958 -1.36016 -0.0318104 0.750904 -0.0316062 -0.630589 -0.191571 0.277493 1.03689 0.612245 0.0948733 0.0139229 0 0 -0.702075 0.606706
  -0.00317666 0 0 0.736598 0.16547 0 0.810956 1.24735 -1.76506 -2.82372 1.46357 0.110753 -0.468651 -1.92772 0.304841 -1.46626 0.632453 1.55197 1.94815 -0.0239272 -0.257862 0 0 -0.715045 0.0900931
  -0.00317666 0 0 0.736572 -0.18648 0 0.112809 0.3343 2.40441 1.87179 0.0141925 0.204153 -0.00418597 -0.0107902 0.751583 0.400574 0.114807 -1.73235 0.323386 0.278826 0.0127901 0 0 -0.704342 -0.149044
  -0.00317666 0 0 0.736565 0.0451027 0 1.87464 1.50031 -0.507217 -1.86783 2.75024 -0.497479 -0.768678 0.061398 -0.578065 -2.34566 0.360589 -0.239647 0.423668 0.0361737 -0.0546142 0 0 -0.706265 -0.0587651
  -0.00317666 0 0 0.736622 0.13892 0 0.19766 1.13581 -2.49022 -3.44471 -0.0977059 0.150833 -0.540326 -0.693912 -0.0261721 -1.66817 -0.247902 1.24378 0.440422 0.00676462 -0.0351221 0 0 -1.05645 1.57582
  -0.00317666 0 0 0.736646 0.130942 0 0.827029 0.682059 -2.66419 -1.02854 0.242517 0.368343 0.564211 -0.789575 -0.737501 -0.467961 1.07663 1.48188 0.9699 0.581808 0.0153002 0 0 -0.723934 -0.148873
  -0.00317666 0 0 0.736645 0.185943 0 1.49572 0.50437 -0.510826 -2.07127 0.682 0.260449 1.15836 0.746292 0.557581 -0.330839 -0.0716867 -1.83009 -0.269838 -0.00881018 0.040775 0 0 -0.705438 -0.388567
  -0.00317666 0 0 0.736603 0.085732 0 0.318101 1.24932 -1.22535 1.19657 1.34202 -0.820127 -0.617108 0.620137 -0.777434 -0.390944 0.145214 0.854207 1.47166 -0.0305694 -0.72688 0 0 -0.709056 -0.406499  