  -0.971236 0.597909 -2.39458 0.0559331 -0.0562662 0.0220204  
  -1.99118 1.33412 -2.50723 0.13179 0.00205551 0.0202166  
  -1.76937 1.0193 -3.07331 0.0837521 -0.00431361 0.0176813  
  -1.96045 1.19399 -2.53448 0.108996 0.00316436 0.0180336  
  -1.32978 1.12587 -2.443 0.0995475 -0.0435816 0.0191601  
  -1.77114 1.32633 -2.51818 0.132791 -0.012852 0.0211233  
  -1.54171 0.979252 -2.32846 0.0790394 -0.0191132 0.0189567  
  -1.69713 1.24113 -2.11469 0.131172 -0.0210197 0.0200525  
  -0.984251 0.652868 -2.27572 0.0531813 -0.0553243 0.0200045  
  -1.47027 1.27089 -2.31359 0.13637 -0.0317802 0.0217532  
  -1.62518 0.833198 -2.58465 0.0757735 -0.0178281 0.0190727  
  -1.91565 1.00279 -2.62835 0.0943068 0.000442944 0.0186932  
  -1.98805 1.37243 -2.25962 0.128103 0.00981753 0.0204875  
  -1.32337 1.13208 -2.54266 0.101517 -0.0416104 0.0193581  
  -1.60146 0.861371 -2.62126 0.0790794 -0.0127498 0.0208676  
  -1.22762 0.531407 -2.50517 0.051836 -0.0323787 0.0225189  
  -1.60524 1.0417 -2.469 0.111713 -0.0209594 0.0207029  
  -1.19689 0.555161 -2.50268 0.0529405 -0.0342707 0.0221727  
  -1.43739 0.979619 -2.60342 0.0762402 -0.0278649 0.0178426  
  -1.2723 1.11442 -2.72476 0.115351 -0.0418308 0.021319  
  -1.49973 1.33355 -2.48252 0.133196 -0.02867 0.0208985  
  -0.676524 0.35478 -2.63401 0.0268034 -0.0702365 0.0204926  
  -1.13696 1.15793 -2.34316 0.117368 -0.0487805 0.0216279  
  -2.00547 1.1081 -2.23922 0.0879223 0.0138978 0.0174931  
  -2.07636 1.49417 -2.35974 0.131663 0.0129167 0.0190784  
  -1.92413 1.2883 -2.29247 0.124132 -0.00101171 0.0185983  
  -1.84133 1.3392 -2.45403 0.112625 0.00169424 0.0187586  
  -1.39606 0.927548 -2.46949 0.0766662 -0.0236053 0.0203621  
  -0.676559 0.573621 -2.975 0.0545986 -0.0718158 0.0219059  
