  -2.34053 0.895702 -0.0510124 -0.0792227 0.0880302 0.0866612  
  -2.307 1.55521 -0.589957 -0.0615049 0.0643793 0.0800662  
  -2.50421 1.34117 0.345371 -0.0167573 0.0944479 0.0879132  
  -2.59319 1.60129 -0.184225 -0.0302466 0.0849129 0.0844882  
  -1.74881 0.902464 0.374857 -0.0369921 0.0733233 0.0764779  
  -1.67113 0.675024 0.154662 -0.0703205 0.0694077 0.0734148  
  -1.3082 1.27153 0.0514651 -0.0967122 0.0272236 0.0563659  
  -2.89378 1.28463 0.086521 -0.0340167 0.0998824 0.0961979  
  -0.952709 1.11872 0.171931 -0.0774011 0.0452599 0.0447733  
  -1.73309 0.684586 -0.0210106 -0.0886178 0.0650557 0.075555  
  -2.67075 1.26103 -0.280997 -0.0523382 0.0898162 0.0944412  
  -2.49886 1.0929 -0.0892049 -0.05799 0.0841849 0.0938848  
  -2.35495 1.07465 -0.205087 -0.0718616 0.0783824 0.0891458  
  -1.97496 0.787944 0.020983 -0.0587208 0.0863057 0.0803549  
  -2.60616 1.22173 0.0247279 -0.0295838 0.0984281 0.094008  
  -2.81092 1.53235 -0.527778 -0.0449027 0.0880348 0.0906184  
  -2.01642 0.923436 -0.242534 -0.0929416 0.0707785 0.0776689  
  -1.87128 0.706496 -0.208252 -0.0800851 0.0758716 0.0784553  
  -2.76023 1.4761 -0.314506 -0.0276979 0.0929355 0.0948485  
  -1.9975 0.855941 -0.218363 -0.0767755 0.0696578 0.0833457  
  -2.12023 0.818386 -0.0609392 -0.073664 0.0804702 0.0848315  
  -2.02992 0.98025 0.115736 -0.0338266 0.0833619 0.0842292  
  -2.90106 1.37791 -0.351862 -0.0318766 0.100103 0.0959492  
  -2.2367 0.962033 -0.248272 -0.0877221 0.0801854 0.0832332  
  -2.35207 1.10317 -0.109238 -0.0346781 0.0971527 0.0871869  
  -1.55095 0.672232 -0.264113 -0.092224 0.0576835 0.0709713  
  -2.85006 1.41442 -0.408656 -0.054808 0.094403 0.0920588  
  -1.65644 0.854489 -0.342544 -0.0873765 0.0568475 0.0744651  
  -2.56118 1.2304 -0.511319 -0.0705112 0.0818318 0.0924674  
