  0 0 0 0.0966281 0.0478112 0.0601692 -1.65225 0.278485 -0.20745 0.0608055 -0.229844 -0.378556 1.73144 -2.03186 -1.64937 -1.15474 1.34801 -1.79431 -1.90953 -0.651149 -1.12624 0.0333983 0.125326 0.00570947 0.0223565  
  0 0 0 0.0966281 0.051445 0.0601692 -0.460306 0.605104 -0.219493 0.161473 0.251163 -0.364525 0.0155511 -0.236673 -1.06013 -3.59016 2.56013 -1.92884 -0.888816 -0.684216 -1.12868 0.0333983 0.125326 0.00570947 0.0223565  
  0 0 0 0.0966281 0.0552987 0.0601796 0.253114 0.88658 0.824867 0.0772592 -0.200388 -1.01741 1.0048 -0.646534 -1.33461 -4.80212 3.12692 -1.91474 -1.66092 -0.650801 -1.12496 0.0333983 0.125326 0.00570947 0.0223565  
  0 0 0 0.0966281 0.0455807 0.0601692 -0.104346 0.544533 0.148807 0.490548 -0.187716 -1.02094 0.766092 -0.424325 -1.48706 -4.36769 3.4762 -1.82188 -1.91072 -0.675706 -1.36577 0.0333983 0.125326 0.00570947 0.0223565  
  0 0 0 0.0966281 0.0589848 0.0601692 -0.546238 -0.17319 0.671254 -0.232536 -0.191802 0.290092 -0.520307 -1.04826 -0.368415 -2.0383 -0.0965517 -1.15605 -1.155 -0.656792 -1.11223 0.0333983 0.125326 0.00570947 0.0223565  
  0 0 0 0.0966281 0.0470468 0.0601692 -0.127767 0.0348227 0.499827 0.531745 0.580152 -0.290136 -0.301711 -1.59375 -1.67381 -0.884714 1.39775 -1.92122 -0.900702 -0.644231 -1.12862 0.0333983 0.125326 0.00570947 0.0223565  
  0 0 0 0.0966282 0.0527016 0.0601692 -1.57366 0.376813 0.553025 0.613802 -0.119617 0.089071 1.18526 -0.272041 -1.30841 -3.11021 2.46856 -1.92283 -1.85998 -0.665511 -1.12776 0.0333983 0.125326 0.00570947 0.0223565  
  0 0 0 0.0966282 0.067153 0.0601692 -0.891171 0.737208 0.55313 0.107586 0.193046 0.218125 0.264502 -1.32086 -0.811833 0.267368 0.460574 -1.83427 -1.8796 -1.03427 -1.12772 0.0333983 0.125324 0.00570947 0.0223562  
  0 0 0 0.0966282 0.0643255 0.0601692 0.0827326 -0.115329 0.266616 0.49004 0.60993 0.2069 1.8448 -0.239134 -0.737681 -1.09481 3.16614 -0.891329 -1.85732 -0.637918 -1.12815 0.0333983 0.125324 0.00570947 0.0223562  
  0 0 0 0.0966282 0.0552149 0.0601692 0.00421999 0.360646 0.398249 -0.315481 0.302681 -0.577075 0.0405504 -1.1842 -0.679266 -0.896741 1.40076 -1.88115 -1.80594 -0.665764 -1.12741 0.0333983 0.125324 0.00570947 0.0223562  
  0 0 0 0.0966282 0.038355 0.0602731 -0.278409 0.211497 1.11935 1.10084 -0.197275 -0.119102 1.05682 -1.97511 -1.28785 -4.32129 4.08978 -1.9241 -1.21378 -0.679469 -1.12741 0.0333983 0.125324 0.00570947 0.0223562  
  0 0 0 0.0966282 0.0581994 0.0601692 0.327887 0.174064 1.05505 -0.0882762 0.736146 -0.403443 0.179321 -1.17073 -1.80081 -3.5676 3.07449 -1.91761 -0.229525 -0.668988 -1.12524 0.0334004 0.125324 0.00570984 0.0223562  
  0 0 0 0.0966282 0.0379362 0.0601692 0.13503 0.404089 -0.047438 -0.195043 -0.345257 -0.293856 0.234692 -0.455856 -0.921294 -3.28253 1.54492 -1.47635 -1.91315 -0.660373 -1.12872 0.0334004 0.125324 0.00570984 0.0223562  
  0 0 0 0.0966282 0.0353182 0.0602731 -1.10834 -0.18803 -0.253212 0.253682 0.0673381 -0.455574 -0.239654 -1.26339 -0.341053 -0.554176 -0.126632 -1.94707 -1.41024 -1.01449 -1.12695 0.0334004 0.125324 0.00570984 0.0223562  
  0 0 0 0.0966282 0.0466279 0.0601692 -1.37609 1.21135 0.85001 0.0735709 -0.205032 -0.131834 1.96635 -1.00173 -1.39136 -5.3593 4.23151 -1.90526 -1.73924 -0.628864 -1.38233 0.0334004 0.125324 0.00570984 0.0223562  
  0 0 0 0.0966282 0.0518639 0.0600653 -0.267548 0.519909 1.07045 0.231171 0.805767 -1.0684 3.27564 -0.59695 -0.282566 -3.6564 3.3458 -1.02551 -1.90357 -0.660808 -1.39734 0.0334004 0.125324 0.00570984 0.0223562  
  0 0 0 0.0966282 0.0647444 0.0602731 -1.1636 -0.216301 -0.312274 -0.217351 0.412773 -0.699971 1.13154 -1.86795 -1.59578 -1.04987 0.179552 -1.86436 -1.91201 -0.653412 -1.10505 0.0334004 0.125324 0.00570984 0.0223562  
  0 0 0 0.0966282 0.0423344 0.0601692 -0.525056 0.217798 0.156137 0.482511 0.610615 -0.336062 2.79522 -1.98197 -0.494655 -1.10818 3.72922 -1.85752 -1.80794 -0.584528 -1.12976 0.0334004 0.125324 0.00570984 0.0223562  
  0 0 0 0.0966282 0.0390881 0.0601692 -0.219048 -0.0554626 0.356571 -0.190205 -0.184916 0.478781 1.6001 -1.92372 -0.336797 -0.958874 3.14265 -1.32762 -1.37243 -0.964026 -1.12887 0.0334004 0.125324 0.00570984 0.0223562  
  0 0 0 0.0966282 0.0607651 0.0601692 0.105366 0.0551348 -0.0189543 0.0890602 1.08285 -0.179299 -0.358717 -1.38615 -1.32625 -2.58835 1.01868 -1.85 -1.29689 -0.639136 -1.1268 0.0334004 0.125324 0.00570984 0.0223562  
  0 0 0 0.0966282 0.0511308 0.0601692 -1.24448 0.973491 0.105034 0.285659 0.843167 -0.17266 0.131744 -1.8361 -1.26854 -1.78842 1.91965 -1.92823 -1.53726 -0.662287 -1.12878 0.0334004 0.125324 0.00570984 0.0223562  
  0 0 0 0.0966282 0.0429627 0.0601692 -1.02913 0.419286 0.751417 0.448978 -0.163005 0.23432 2.93633 -1.92977 -1.3614 -1.50009 1.42628 -1.39607 -1.92226 -0.663897 -1.20254 0.0334004 0.125324 0.00570984 0.0223562  
  0 0 0 0.0966282 0.0980558 0.0601069 -0.310941 0.18306 0.61503 -0.319161 0.435622 -0.933063 0.427727 -0.543008 -0.584557 -4.02934 1.6594 -1.83838 -1.79936 -0.658498 -1.12344 0.0901075 0.125324 0.0160054 0.0223562  
  0 0 0 0.0966282 0.0549217 0.0601692 -0.967844 1.60648 -0.34924 0.0744422 -0.330173 -0.727231 0.365526 -1.86317 -1.9611 -1.70383 1.72216 -1.81028 -1.80806 -0.659024 -1.13232 0.0745015 0.125324 0.0131795 0.0223562  
  0 0 0 0.0966282 0.0501884 0.0601692 -0.737048 0.695995 -0.203156 0.0844921 0.45013 -0.73743 0.14794 -1.35258 -1.90704 -4.95484 2.04501 -1.9291 -1.78762 -0.660025 -1.12737 0.0741557 0.125324 0.0131169 0.0223562  
  0 0 0 0.0966282 0.0477798 0.0601692 -0.361067 0.173244 0.506006 0.0900669 0.153202 -0.494733 0.214792 -1.2424 -1.31045 -1.46504 0.490191 -1.91557 -1.80594 -0.681997 -1.12628 0.0730056 0.125324 0.0129084 0.0223562  
  0 0 0 0.0966281 0.045455 0.0602731 -0.15511 1.44249 1.25645 1.01026 -0.237567 -1.8543 -0.407866 -1.91312 -1.88735 -4.29931 1.72268 -1.44893 -0.842479 -0.657066 -1.12924 0.0728787 0.125324 0.0128853 0.0223562  
  0 0 0 0.0966281 0.0443241 0.0601692 -0.303339 1.15124 1.22135 0.454612 -0.184941 -0.0952088 1.06116 -1.26207 -1.74167 -2.70756 1.25159 -1.72489 -1.99528 -0.658441 -1.12575 0.0726716 0.125324 0.0128478 0.0223562  
  0 0 0 0.0966281 0.0263123 0.0602731 -0.367533 -0.231366 -0.0896401 0.272454 -0.00972791 -0.875816 2.91773 -1.47215 -1.87377 -3.07145 0.649618 -1.80475 -1.92281 -0.658459 -1.27761 0.0726005 0.125324 0.0128349 0.0223562  
