  0.00394583 0 0 1.77103e-05 -0.18871 0 -0.42385 0.621917 5.27122 -0.226905 -0.202298 0.510002 1.34061 -0.198626 -0.101934 -0.477104 0.214366 1.57411 -1.48565 -0.15815 -0.206374 0 0 -0.82704 0.796706  
  0.00676503 0 0 0.000215072 -0.106675 0 1.31153 1.53505 2.78352 3.8523 -0.287894 -2.03994 -1.82284 0.942661 -1.69493 -0.441613 -0.650614 -0.70173 1.56653 0.105481 -0.34857 0 0 -0.729713 0.737886  
  0.00965714 0 0 0.000279544 0.11811 0 1.54931 0.717223 -2.62633 2.59367 -1.14847 -1.25302 0.64217 0.521623 -0.618418 -0.114043 1.55477 0.849958 1.39217 0.337308 0.0233318 0 0 0.96131 0.743172  
  0.0133402 0 0 0.000178207 -0.188768 0 0.643662 1.32293 1.1961 2.90615 -1.70973 -2.65156 0.749185 0.33906 -0.959332 -1.55693 0.209658 -0.559741 1.5412 0.0655414 0.289041 0 0 0.609122 -2.78752  
  0.0161639 0 0 0.00029913 0.165913 0 0.124162 0.985172 -1.04312 -0.136008 -0.226533 -0.0401687 -0.135316 -0.603694 -1.34957 0.0862922 0.942809 0.690857 -0.192496 -0.175284 -0.058409 0 0 0.739179 0.518923  
  0.0189315 0 0 0.000477089 -0.00938186 0 0.374776 0.332912 -1.0211 2.93961 -0.144163 0.0851942 -1.67115 1.38722 0.453259 0.220738 -0.730905 1.83133 0.485752 -0.0278457 0.000591218 0 0 0.721154 -0.824314  
  0.0218034 0 0 -0.10269 0.0923072 0 -0.526672 0.648869 -0.283557 4.68882 -0.339743 -0.398981 0.945272 1.68647 -1.19079 0.365845 0.522544 -1.41242 0.673856 0.256055 -0.0151019 0 0 0.693381 -0.612461  
  0.024646 0 0 -0.355486 0.023949 0 -0.0867124 1.31401 -0.30389 3.40753 2.24835 -1.44855 -0.740788 1.55385 0.550198 -0.71844 -0.308983 1.19166 1.03934 0.547855 -0.0543444 0 0 2.63055 1.08792  
  0.0276367 0 0 -0.622346 -0.0960197 0 1.74706 1.01734 0.582171 1.03224 0.916681 0.808165 2.56845 0.0478314 1.10466 0.951579 0.755935 -1.51859 -1.54283 0.321698 0.0489982 0 0 0.961004 -0.166128  
  0.0320132 0 0 -0.710976 -0.0582592 0 0.571749 1.1685 0.568133 1.88739 2.9652 0.0606001 -2.18077 0.527731 0.477916 0.0288946 -0.618599 1.65584 1.03162 0.0465085 0.0182771 0 0 2.8895 -1.06719  
  0.0356728 0 0 -0.710972 -0.0105715 0 0.86584 0.808822 -3.76692 2.50136 -0.475779 -1.36228 0.376726 0.821938 -0.246912 -0.233284 0.0795093 0.553373 -0.18965 0.223255 -0.0824986 0 0 -0.785224 -0.445429  
  0.0451767 0 0 0.825996 -0.0102811 0 0.730827 0.768398 -5.73615 0.541327 0.360136 -1.04826 -0.427183 -1.60226 0.0652642 -0.924784 0.280909 1.44903 0.297178 -0.163475 -0.0714679 0 0 3.59973 -0.598405  
  0.0480776 0 0 0.826142 -0.240756 0 1.72524 0.485715 2.51095 0.600211 0.539307 -2.04566 -1.65447 -1.16071 -0.745505 -0.671765 0.0332689 1.24365 1.61987 0.342871 0.0823756 0 0 -0.365007 0.00492728  
  0.0524413 0 0 0.826129 -0.209346 0 0.158168 0.54311 2.76076 3.38928 2.1938 -0.0428947 -0.328535 1.60654 -0.908319 0.378424 0.544322 1.55003 -0.275681 0.211543 -0.0233032 0 0 1.60072 -0.114669  
  0.0556744 0 0 0.826112 0.0580295 0 -0.248795 1.01275 -2.07022 3.37757 -0.955093 -1.58 1.65107 0.570895 0.697934 -0.0502227 -0.0793885 1.32036 -0.381907 -0.737377 0.415405 0 0 -0.889919 -1.54925  
  0.0589488 0 0 0.826071 0.109859 0 1.43468 1.30228 -2.53502 0.392625 -0.0398185 -0.885348 -0.469209 -0.971918 -0.0548776 -1.62348 0.0664804 -0.251875 -1.78139 0.0248171 0.249248 0 0 1.18265 -1.11193  
  0.0620085 0 0 0.868234 -0.11595 0 0.377947 1.01505 4.00645 0.508176 3.36094 -1.07337 1.66599 -0.375337 1.5254 -0.272762 -0.67339 1.03912 0.643529 -0.00476103 -0.439898 0 0 -0.23863 -0.053216  
  0.0650501 0 0 0.868235 -0.228442 0 0.0717201 0.399503 2.17501 1.23519 -0.085718 -0.261348 0.0819569 0.147045 -0.130852 0.336865 -0.194709 0.893403 -1.14139 -0.343987 0.124985 0 0 -0.850657 1.53307  
  0.0693606 0 0 0.868207 -0.22882 0 0.349629 1.32815 0.901396 1.47244 1.2128 -0.0300465 2.90802 -0.841294 -0.118333 -1.60436 1.55524 1.05937 -0.192434 0.69338 -0.0479074 0 0 1.11646 -1.13897  
  0.0722927 0 0 1.80949 0.0257279 0 0.709267 0.93124 1.91447 -0.651954 1.5064 0.0873572 -1.40673 -1.83238 1.73925 0.262211 -0.432702 1.63861 -0.317789 -0.298934 0.0119227 0 0 0.423181 -0.408736  
  0.0775951 0 0 1.9375 -0.155161 0 -0.365285 0.63135 2.94451 0.226183 0.350204 -0.0764051 -1.63224 -0.44273 0.203784 -0.272587 -1.55931 0.983105 1.20098 0.241281 0.0641533 0 0 1.02143 -0.915497  
  0.0808556 0 0 1.93743 -0.0266738 0 -0.40193 1.44724 -1.40472 1.31419 0.811126 0.326179 2.94964 -0.204761 -0.88193 -0.16545 0.797975 1.77684 -1.87116 -0.190119 0.492204 0 0 1.20519 -0.84961  
  0.0842092 0 0 1.93735 -0.0185537 0 1.18567 1.01906 -1.93033 1.21971 2.00591 -1.21678 -1.48529 -0.951526 0.0599929 -0.45102 -1.62143 1.51205 -0.301823 0.028177 -0.0923779 0 0 7.58813 1.0144  
  0.0870806 0 0 1.93728 -0.0494736 0 0.728428 0.585643 3.67237 -0.720238 -1.07051 -0.585159 -0.926229 -0.465657 -0.483582 -0.551115 1.42421 1.45712 0.838439 0.0969715 -0.652476 0 0 -9.01972 1.23645  
  0.0902676 0 0 1.9372 -0.138595 0 0.171161 1.36665 4.20555 2.45092 -0.322714 -2.36138 -1.13275 -0.344616 -0.20693 0.0521353 -0.256188 1.07073 1.91684 0.276299 0.220304 0 0 -7.92485 -0.593735  
  0.0934683 0 0 1.93708 -0.165086 0 0.486774 1.2905 -0.363002 2.7451 3.11058 -0.606442 -1.48658 0.342044 0.46805 0.305588 -0.114501 0.886952 0.877031 -0.629419 -0.335903 0 0 -7.60638 -0.914601  
  0.0963062 0 0 1.94734 -0.0679958 0 0.653924 0.196236 -4.44457 -0.593972 -0.0866394 0.218994 -1.18189 0.712793 0.0552435 -0.932681 0.0503123 -0.134739 0.0163193 -0.00533494 -0.018449 0 0 -7.84585 -0.733438  
  0.100226 0 0 1.96437 -0.109011 0 0.373357 1.15414 -6.14877 2.90948 -1.78634 -0.41947 0.163558 -0.802283 -0.941945 -0.0722745 0.215491 1.47886 0.166325 -0.0310497 0.0800757 0 0 -7.78003 0.99335  
  0.10371 0 0 1.96428 -0.319481 0 1.28054 0.304232 2.5615 0.776945 -0.851299 -0.718678 1.62247 -0.412476 0.705599 -1.42078 -0.0471893 0.37896 -1.51124 -0.0102797 0.480997 0 0 -7.64983 0.246539  
