  1.67935 -12.2782 -3.85455 -2.05437 -0.470586 0.192395  
  7.00188 6.30428 5.13151 -0.469542 -0.967649 0.202334  
  8.96285 -10.8643 -3.68914 -1.92775 -1.10141 0.177126  
  6.43624 -13.5454 -0.128501 -2.14883 -0.885964 0.179496  
  3.76162 -5.64422 -8.59232 -1.5076 -0.654317 0.195101  
  8.10405 -11.2781 -3.91877 -1.9666 -1.02723 0.178052  
  6.79471 2.95931 9.89856 -0.742449 -0.951736 0.199474  
  -0.24365 -4.76544 -7.90558 -1.43621 -0.308717 0.206047  
  7.92666 -12.8523 -0.747229 -2.09211 -1.01285 0.176755  
  11.9232 -3.31593 -4.39011 -1.2899 -1.36635 0.178136  
  7.14155 3.26978 -5.64492 -0.744441 -0.958841 0.198295  
  4.88226 -9.1129 -7.16533 -1.79576 -0.744879 0.188526  
  5.17447 -13.8913 0.720147 -2.17963 -0.775469 0.1819  
