  -8.10149 15.8089 12.7847 1.33912 -0.454015 0.117318  
  -6.01469 10.5946 2.02263 0.752018 -0.67901 0.103607  
  -8.4942 15.1383 9.06913 1.25231 -0.412453 0.118053  
  -11.7046 14.0916 11.803 1.16076 -0.0761578 0.13123  
  -14.4832 9.99917 7.73309 0.722814 0.22159 0.139631  
  -12.7985 12.9806 15.1911 1.06277 0.0454061 0.135343  
  -2.39989 11.5754 22.6883 0.935094 -1.06559 0.0890789  
  -11.5839 6.58764 2.12815 0.348633 -0.084994 0.12469  
  -5.13073 15.5961 8.73862 1.30044 -0.769786 0.104021  
  -9.44383 13.532 6.08963 1.07802 -0.315678 0.120975  
  -11.6326 -5.71154 5.03228 -0.91878 -0.0902996 0.115535  
  -9.67716 12.2831 4.774 0.943633 -0.288616 0.120705  
  -6.31993 16.0364 14.8661 1.37109 -0.644001 0.109293  
