  0 0 0 0.0966283 0.185486 0.0602731 0.240918 0.621221 -0.350916 0.224057 -0.0623375 0.198994 -0.0852319 -2.04182 -0.493931 -1.7287 1.61969 -1.78748 -0.438629 0.0747972 3.82877 0.215504 0.125269 0.0384066 0.0223462  
  0 0 0 0.0966283 1.08319 0.0601692 0.439811 0.589717 0.507503 -0.158295 0.0201426 -0.652281 1.58695 -1.57272 -1.38705 -4.14509 2.82444 -1.21494 -1.84063 0.0636154 3.83803 0.215504 0.125269 0.0384066 0.0223462  
  0 0 0 0.0966283 0.182659 0.0601692 -0.314059 0.627514 0.682741 0.434884 0.593772 0.138091 0.470558 -1.29941 -1.9645 -6.41409 1.02493 -1.9824 -0.731596 -0.0366727 3.86294 0.215504 0.125269 0.0384066 0.0223462  
  0 0 0 0.0966283 0.188439 0.0601692 -0.0455489 0.548927 0.261485 0.611442 0.195203 0.0678721 0.17775 -1.80136 -0.683001 -2.98514 1.97817 -1.10378 -0.517075 0.0729698 3.82473 0.215504 0.125269 0.0384066 0.0223462  
  0 0 0 0.0966283 0.180847 0.0601692 -0.411142 0.520962 1.00751 0.0273059 0.158168 0.376074 -0.234202 -0.808648 -0.32148 -1.0376 0.410247 -1.92792 -1.48715 0.145978 3.83482 0.215504 0.125269 0.0384066 0.0223462  
  0 0 0 0.0966283 0.198859 0.0601692 -0.108865 0.993057 0.802782 -0.300161 0.859485 0.196813 0.0731987 -0.417492 -1.72159 -3.07608 0.677963 -0.873181 -1.45786 0.0681838 3.82737 0.215504 0.106242 0.0384066 0.0189198  
  0 0 0 0.0966283 0.181507 0.0601692 0.0813231 0.748815 0.525065 0.0081959 -0.190431 0.0776537 1.29061 -0.297796 -1.59962 -3.73455 2.1008 -1.27895 -1.89827 0.0607873 3.83274 0.215504 0.109146 0.0384066 0.0194435  
  0 0 0 0.0966283 0.179528 0.0601692 -0.798399 0.870356 0.0827286 -0.069293 0.454664 0.493133 -0.295617 -1.35546 -0.255812 -2.0652 0.577598 -0.897259 -1.45604 0.0652861 3.82729 0.215504 0.109148 0.0384066 0.0194439  
  0 0 0 0.0966283 0.180774 0.0601692 -0.41387 -0.135716 0.499304 0.198966 0.225361 -0.133694 0.169347 -1.38818 -0.947078 -4.16819 0.6458 -1.11244 -1.90712 0.0621361 3.83071 0.215504 0.109148 0.0384066 0.0194439  
  0 0 0 0.0966283 0.0576235 0.0601692 -0.216229 0.502831 0.653347 -0.22005 0.388638 0.0451017 0.554584 -1.66831 -2.09683 -2.91347 2.30554 -1.34647 -0.501891 0.0628757 3.82642 0.215504 0.109148 0.0384066 0.0194439  
  0 0 0 0.0966283 0.203289 0.0600653 -0.398126 1.86266 1.125 0.558224 0.110355 0.46536 1.12691 -0.249124 -1.87707 -1.32331 3.78516 -1.56163 -0.896038 0.106419 3.77783 0.215504 0.109148 0.0384066 0.0194439  
  0 0 0 0.0966283 0.18957 0.0601692 -0.121309 0.305952 -0.259286 0.41629 0.257956 -0.148286 -0.148412 -0.947584 -0.925145 -6.21665 0.732513 -1.9522 -1.19686 0.00979483 3.82716 0.215506 0.109148 0.0384069 0.0194439  
  0 0 0 0.0966283 0.176323 0.0601692 -0.665831 0.627439 0.886243 0.866462 -0.2828 0.237527 0.0523525 -2.05452 -0.325563 -4.38666 1.4368 -1.41488 -1.49221 0.06898 3.82668 0.215506 0.109148 0.0384069 0.0194439  
