  -0.00389492 0 0 9.88618e-05 -0.12665 0 0.579256 1.41103 6.2084 -0.00783043 0.402908 1.70435 -0.8051 -0.612802 -2.31361 -0.590948 -0.00759624 1.46322 -0.104632 -0.157385 0.035619 0 0 0.0701228 0.197715  
  -0.00448417 0 0 0.00034905 0.0638546 0 0.675416 1.21453 0.184163 -0.920069 -2.11897 -0.666398 1.17288 -1.65297 0.731409 0.070139 1.60772 1.14934 0.151472 -0.154319 -0.0240072 0 0 -0.108171 0.548605  
  -0.00466804 0 0 0.000232056 0.179568 0 0.414461 0.503258 -0.684164 1.90828 0.573323 -0.752829 -0.735221 0.801459 0.613069 0.139345 0.00510762 1.86184 0.49477 0.23241 -0.0702609 0 0 -0.727142 0.0544632  
  -0.00470582 0 0 -0.00054057 -0.0504297 0 0.508234 1.3431 0.24117 -2.03173 0.670169 -0.22752 -0.899679 -2.3965 -1.50666 -0.148788 -0.753761 2.50658 1.50268 -0.182629 -0.153299 0 0 -0.678888 -0.663256  
  -0.00471115 0 0 -0.00111678 0.101782 0 0.929788 1.28757 -2.06765 1.88835 2.64993 0.626759 -0.898784 0.213782 -0.0879121 0.257398 0.0504849 1.84047 0.501174 0.00193328 0.0937574 0 0 -0.838476 -0.738314  
  -0.00471232 0 0 -0.000340451 -0.00807526 0 0.67445 0.517639 -3.77061 -4.17914 1.49454 -0.245366 -1.36121 -2.30096 1.90809 0.641446 -0.308961 2.22693 1.62027 -0.0914568 -0.0399382 0 0 -0.925346 -10.6882  
  -0.0047126 0 0 0.00170939 -0.0929907 0 0.904925 1.33018 -1.5415 -2.13596 -0.822579 -1.95544 0.808168 -1.29219 -1.01897 -0.956658 0.264237 1.56718 0.237268 0.0292077 0.0123185 0 0 0.932259 5.38036  
  -0.00471265 0 0 0.00351864 -0.152184 0 0.42163 0.715506 1.05514 -1.08501 0.580922 -0.494528 -0.723792 -0.687108 -0.684882 0.147784 -0.103462 0.544883 -1.05978 0.166931 0.014871 0 0 0.793838 3.11645  
  -0.00471266 0 0 0.00622441 0.136606 0 0.75262 0.45533 0.0962096 -1.78666 3.16115 -1.83452 -1.57805 -2.89137 2.03153 -0.203581 -0.274503 1.49106 1.64672 0.0420867 0.0544233 0 0 0.643184 3.64713  
  -0.00471267 0 0 0.0108167 -0.24155 0 0.37716 0.376089 -0.600587 -3.33015 -0.0748848 -0.955991 -1.34437 -3.33024 -0.0863294 -0.296452 -0.125893 1.5543 0.498585 0.18337 0.0326197 0 0 0.54665 3.60021  
  -0.00471267 0 0 0.0142505 0.13461 0 1.07205 -0.0902594 -2.31295 0.117865 -0.43338 0.853001 0.112142 0.175481 -1.00565 1.93084 0.319176 -1.45572 0.235734 0.0214649 0.0106967 0 0 0.67239 3.56007  
  -0.00471267 0 0 0.0171933 0.00787283 0 1.46657 1.29575 2.30718 3.16531 0.519121 -0.626826 -1.11201 1.88777 -0.170336 0.454174 -0.17259 1.72122 0.519761 -0.325664 -0.159916 0 0 0.682648 3.55759  
  -0.00471267 0 0 0.0171519 0.192786 0 0.608951 0.714181 -1.53873 -0.275259 0.849106 -2.00235 -2.49769 -0.602166 -0.41479 -1.01695 -1.52577 2.51623 1.49901 -0.696125 0.0459883 0 0 -0.804154 3.5868  
