  -1.11915 1.46633 -2.0245 0.0801964 -0.0314098 0.0140358  
  -1.71574 1.63458 -1.74641 0.107128 -0.00418685 0.0131048  
  -1.74575 1.69006 -1.84784 0.118524 0.00382022 0.0146885  
  -0.9265 1.33194 -1.83401 0.0786041 -0.0374823 0.0164048  
  -1.67865 1.31636 -1.60924 0.0704664 0.00815542 0.0126768  
  -0.644012 0.874666 -2.19959 0.0364174 -0.0596453 0.0145803  
  -1.33835 1.09629 -2.09803 0.0511122 -0.0177306 0.0130441  
  -0.710122 0.947948 -2.08038 0.0391453 -0.0538545 0.0142171  
  -0.696524 0.9651 -2.02556 0.0402798 -0.0555771 0.0143451  
  -1.0244 0.900427 -1.90174 0.0535035 -0.0397017 0.0158339  
  -1.91192 1.73145 -1.97235 0.118584 0.0160659 0.0139053  
  -1.70941 1.37179 -1.86205 0.07151 0.0122723 0.0122163  
  -1.9931 1.88985 -1.79404 0.127194 0.0240792 0.0129716  
  -1.59084 1.3359 -1.82665 0.0684121 0.00296508 0.0130325  
  -1.6019 1.57104 -2.05798 0.104583 -0.00188133 0.014798  
  -1.66946 1.49243 -2.05163 0.0961435 0.00619291 0.0146951  
  -1.77193 1.69558 -1.70576 0.108306 0.00930534 0.0126508  
  -1.39261 1.33439 -2.00474 0.0799295 -0.0153533 0.0134651  
  -1.76871 1.72746 -1.97211 0.116458 0.00768551 0.0138524  
  -1.04859 1.20856 -1.51598 0.0530773 -0.0371277 0.0119929  
  -0.85718 1.2035 -1.65302 0.0806244 -0.0444393 0.0172773  
  -0.773191 1.12327 -2.15099 0.0474185 -0.0489619 0.0138876  
  -1.05868 1.03494 -1.71443 0.0372809 -0.0313833 0.0124844  
  -0.759899 1.33464 -1.45284 0.0620736 -0.0569434 0.0121494  
  -1.91915 1.9524 -2.18606 0.12858 0.0215748 0.0127575  
  -1.293 1.33022 -2.00448 0.0723451 -0.0225327 0.0122915  
  -0.871968 1.45305 -1.75695 0.0867662 -0.0391319 0.0167524  
  -1.92252 1.89763 -1.84356 0.119982 0.0198339 0.0124827  
  -1.81159 1.78774 -1.77922 0.107448 0.0136031 0.0117365  
  -1.74222 2.07268 -1.72703 0.145645 0.00742989 0.0139025  
