  -2.46929 1.4728 0.328087 -0.0281808 0.0973588 0.0858532  
  -1.82216 1.0148 0.362191 -0.0487563 0.0765984 0.078852  
  -1.40713 0.920619 0.173751 -0.0727026 0.0656569 0.0640702  
  -2.30426 1.09682 0.0989753 -0.0639717 0.095078 0.0847417  
  -1.08329 1.02931 0.508951 -0.0641435 0.0565569 0.0533119  
  -1.44873 1.09475 0.557497 -0.0435665 0.0712288 0.0650285  
  -2.17485 1.17923 0.327355 -0.0436179 0.087763 0.0849573  
  -2.18728 1.20185 0.181093 -0.0645979 0.0848635 0.083266  
  -2.06858 1.17952 0.537414 -0.0324924 0.10194 0.0763676  
  -1.82107 1.29028 0.586011 -0.0293949 0.0756923 0.0740429  
  -2.4597 1.35706 -0.0857918 -0.0532242 0.0904867 0.0889604  
  -2.23209 1.42732 0.508303 -0.0186493 0.0970067 0.0826237  
  -2.79876 1.61862 0.0205246 -0.045626 0.0920707 0.0912761  
  -1.72069 1.00586 0.283901 -0.0513317 0.0763578 0.0748009  
  -1.12856 0.924506 0.457731 -0.0691137 0.056502 0.0584742  
  -1.68522 0.973262 0.165369 -0.0620236 0.0703895 0.0751906  
  -2.18388 1.16283 0.20929 -0.051926 0.0855797 0.0860143  
  -1.46164 1.00023 -0.0977789 -0.0805693 0.0573681 0.0682751  
  -1.78749 1.04774 -0.0927962 -0.0689593 0.070722 0.0759783  
  -1.18754 1.13397 0.0522985 -0.0940357 0.0410589 0.0573152  
  -1.74275 1.01079 0.141757 -0.0483814 0.075968 0.0767729  
  -1.62245 1.0087 -0.192038 -0.0683099 0.0613574 0.0729569  
  -2.0087 1.06498 -0.0798688 -0.053474 0.0900798 0.0771351  
  -2.64083 1.71645 -0.203484 -0.0509671 0.0859673 0.0869205  
  -1.4994 1.27056 0.401326 -0.0363746 0.0785647 0.0610102  
  -1.32555 0.981667 -0.287231 -0.0739048 0.0517815 0.063375  
  -2.47396 1.72582 0.0623842 -0.0349138 0.0942776 0.0764994  
  -2.5536 1.55782 -0.289958 -0.0535369 0.0881266 0.0885655  
  -1.31739 1.21086 -0.14444 -0.0441721 0.0612423 0.057396  
  -1.64649 0.996192 0.203568 -0.0588502 0.0710046 0.0738589  
