  0 0 0 0.0966282 0.0950084 0.0601692 0.065944 0.0646691 0.521839 -0.129812 0.727111 -0.472363 0.688833 -1.0572 -0.762481 -3.97288 2.85035 -0.589451 -0.548315 -0.422719 0.384478 0.0268655 0.125316 0.00451913 0.0223547  
  0 0 0 0.0966282 0.104643 0.0600653 -0.25056 1.06126 -0.18305 -0.193512 -0.0666688 0.0563426 1.33086 -1.48054 -1.28865 -3.13185 0.179205 -1.62167 -1.99745 -0.422118 0.358659 0.0268655 0.125316 0.00451913 0.0223547  
  0 0 0 0.0966282 0.0982652 0.0601692 -0.157697 0.627854 1.18092 -0.0885215 0.578816 0.175262 -0.329933 -2.0757 -0.367836 -4.56907 0.827237 -1.723 -1.85276 -0.423902 0.383825 0.0268655 0.125316 0.00451913 0.0223547  
  0 0 0 0.0966282 0.0941707 0.0600653 -0.524641 0.633989 0.0107861 -0.267761 0.00682732 0.0675514 0.86006 -1.73008 -0.324115 -6.73803 2.9325 -1.62423 -1.79232 -0.415809 0.381867 0.0268655 0.125316 0.00451913 0.0223547  
  0 0 0 0.0966282 0.100035 0.0600653 -0.934283 0.852614 -0.185878 0.542574 -0.295363 0.201688 -0.144194 -1.07475 -0.962698 -1.47389 1.76798 -1.73827 -1.81042 -0.421944 0.381867 0.0268655 0.125316 0.00451913 0.0223547  
  0 0 0 0.0966282 0.0778658 0.0601692 -0.608045 1.16658 -0.222948 -0.283005 -0.0295993 0.366581 1.09658 -0.827309 -1.59713 -1.87078 3.28056 -1.31515 -1.64145 -0.423028 0.383316 0.0268655 0.125316 0.00451913 0.0223547  
  0 0 0 0.0966282 0.106611 0.0598576 0.360967 0.251458 -0.250102 -0.268886 0.28819 -0.145881 0.0529779 -1.51257 -1.91832 -2.05797 2.60235 -1.48561 -1.11488 -0.41172 0.38195 0.0268655 0.125316 0.00451913 0.0223547  
  0 0 0 0.0966282 0.101333 0.0601692 -0.319282 0.502913 1.03348 1.06331 -0.314608 0.215751 1.07413 -1.5884 -1.26078 -3.56425 3.36189 -1.13919 -1.54116 -0.424163 0.382389 0.0268655 0.125316 0.00451913 0.0223547  
  0 0 0 0.0966282 0.0939612 0.0600653 0.262308 0.768463 0.699423 0.89997 0.279553 -0.789224 1.12145 -1.66909 -1.95012 -5.82098 3.42813 -1.91351 -1.52461 -0.423006 0.381824 0.0268655 0.125316 0.00451913 0.0223547  
  0 0 0 0.0966282 0.0938565 0.0600653 0.311447 0.569156 0.313845 0.618286 0.142805 0.521356 2.01445 -1.94326 -0.584702 -1.45374 4.01406 -0.990077 -1.5336 -0.910362 0.38124 0.0271528 0.125316 0.00457149 0.0223547  
  0 0 0 0.0966282 0.09815 0.0600653 0.0222771 0.332126 1.0828 0.425046 -0.111318 -0.101142 -0.397186 -1.32187 -0.227784 -4.14183 1.28166 -1.87841 -1.16527 -0.38779 0.381606 0.0271528 0.125316 0.00457149 0.0223547  
  0 0 0 0.0966282 0.110926 0.0600653 0.0737455 0.414552 0.231535 0.546837 -0.194669 0.501792 -0.19267 -1.91138 -1.03479 -0.307805 1.53196 -1.2307 -1.6256 -0.30387 0.382476 0.0274713 0.125316 0.00462953 0.0223547  
  0 0 0 0.0966282 0.0999303 0.0601692 -0.382705 0.901777 -0.253422 0.577511 0.273318 0.0237745 0.011895 -0.957516 -0.380706 -4.38753 1.303 -1.79409 -1.93954 -0.430776 0.38101 0.0274713 0.125316 0.00462953 0.0223547  
  0 0 0 0.0966282 0.1148 0.0601692 -0.787207 0.506313 -0.219493 0.967325 -0.261059 -0.146362 0.0225265 -2.06556 -0.992116 -2.56315 2.29143 -1.05579 -1.68551 -0.420987 0.383042 0.0274713 0.125316 0.00462953 0.0223547  
  0 0 0 0.0966282 0.0910291 0.0601692 0.377466 0.602509 0.253736 -0.160833 0.0252267 0.156067 -0.493495 -0.601496 -0.316051 -1.61521 0.788775 -1.87515 -1.3117 -0.423075 0.381502 0.0274713 0.125316 0.00462953 0.0223547  
  0 0 0 0.0966282 0.0947676 0.0601692 -0.0965945 0.0760273 1.1893 0.041374 1.02588 0.169906 -0.477748 -1.63426 -1.54747 -3.51074 0.446748 -1.8057 -1.23689 -0.421866 0.381432 0.0274713 0.125316 0.00462953 0.0223547  
  0 0 0 0.0966282 0.101208 0.0601692 0.220606 0.183391 0.639942 0.619386 0.00761405 -0.168331 -0.262985 -1.86084 -0.33642 -3.84579 0.789295 -1.60444 -1.94365 -0.424207 0.381258 0.0274713 0.125316 0.00462953 0.0223547  
  0 0 0 0.0966282 0.0865261 0.0601692 -0.212017 -0.179905 0.367252 0.188552 0.148634 0.221011 1.42241 -0.641018 -0.381053 -3.06265 4.96194 -1.21482 -1.91435 -0.421374 0.37749 0.0274713 0.125316 0.00462953 0.0223547  
  0 0 0 0.0966282 0.108308 0.0600653 0.0517255 0.166313 0.145456 -0.11324 0.929276 0.232236 -0.19283 -1.34272 -0.719194 -4.01754 0.650266 -1.88481 -1.88665 -0.425251 0.382737 0.0274713 0.125316 0.00462953 0.0223547  
  0 0 0 0.0966282 0.108831 0.0600653 -0.168972 2.05998 0.62235 -0.183928 0.159462 0.203083 0.057981 -0.272707 -1.9957 -2.82745 0.681607 -1.85787 -1.82025 -0.421827 0.380562 0.0274713 0.125316 0.00462953 0.0223547  
  0 0 0 0.0966282 0.0969248 0.0601692 0.0118474 -0.119135 0.256563 -0.177431 0.914472 0.082737 1.2656 -1.54685 -0.250571 -3.32247 3.15393 -1.60647 -1.89609 -0.424938 0.454918 0.0274713 0.125314 0.00462953 0.0223544  
  0 0 0 0.0966282 0.0818137 0.0600653 -0.870047 0.120241 -0.114249 0.445205 -0.352337 0.207862 1.00549 -1.86261 -0.944747 -2.99145 3.57853 -1.81411 -1.66458 -0.424163 0.375428 0.0274713 0.125314 0.00462953 0.0223544  
  0 0 0 0.0966282 0.114067 0.0600653 0.475959 0.576709 0.868441 0.248437 -0.069325 -0.24482 -0.0560473 -1.78094 -1.96104 -5.35397 1.45676 -1.80592 -1.5485 -0.415975 0.363071 0.0274713 0.125314 0.00462953 0.0223544  
  0 0 0 0.0966282 0.0772898 0.0600653 -0.47343 0.534236 1.01557 -0.0202449 -0.199195 -0.186932 -0.0519102 -0.252439 -1.81535 -3.99145 0.38233 -1.92801 -1.66954 -0.423119 0.565214 0.0274713 0.125314 0.00462953 0.0223544  
  0 0 0 0.0966282 0.104747 0.0601692 -0.532468 -0.0348354 -0.0898495 -0.0190521 0.526181 0.369981 0.283985 -0.354604 -0.459186 -0.960494 1.17487 -1.78139 -1.87616 -0.421727 0.365686 0.0274713 0.125314 0.00462953 0.0223544  
  0 0 0 0.0966282 0.104276 0.0601692 0.31711 0.519661 0.441614 -0.305355 0.272142 0.0539212 1.3825 -0.69328 -1.89488 -2.02083 4.90942 -1.70219 -1.74402 -0.393807 0.34227 0.0274713 0.125314 0.00462953 0.0223544  
  0 0 0 0.0966282 0.113439 0.0601692 -0.0850953 -0.0200615 0.0638791 -0.0506652 0.211488 -0.738552 0.97311 -0.320713 -0.172279 -4.85939 2.84752 -0.807265 -1.86468 -0.425686 0.385043 0.0274713 0.125314 0.00462953 0.0223544  
  0 0 0 0.0966282 0.089741 0.0600653 0.00348212 0.652477 -0.148178 0.1778 0.234582 -0.0568679 -0.203894 -0.677819 -0.418824 -4.1079 1.0505 -1.88144 -1.90967 -0.422875 0.381301 0.0274713 0.125314 0.00462953 0.0223544  
  0 0 0 0.0966282 0.0974798 0.0600653 -0.985685 -0.526953 0.544333 0.993465 0.424498 0.229349 0.133332 -1.47378 -1.16929 -0.885108 0.552637 -1.63438 -1.66841 -0.420191 0.217316 0.0274713 0.125314 0.00462953 0.0223544  
  0 0 0 0.0966281 0.10171 0.0601692 0.0338508 1.3228 -0.224729 0.141983 0.700193 0.194985 -0.156269 -1.44536 -0.155457 -3.13283 2.13878 -1.46117 -1.50676 -0.422518 0.394345 0.0274713 0.125314 0.00462953 0.0223544  
