  0.00342926 0 0 -2.90031e-05 -0.0927611 0 0.707648 1.10869 0.0843957 0.731108 0.394462 -0.50593 -0.382655 -0.676808 -0.213452 0.0251859 -0.163405 0.0478554 1.39927 -0.057248 -0.42139 0 0 0.0031059 -0.00967768  
  0.00656594 0 0 -0.000516163 -0.0691861 0 1.19274 1.0266 2.0902 -1.21105 2.39398 -1.3971 1.22067 -3.08501 0.344128 -0.183344 -0.991418 1.91697 -1.36349 0.00135917 0.0249113 0 0 1.33926 -1.196  
  0.00976538 0 0 -0.00169486 0.188124 0 0.34852 1.30526 -2.586 -0.774579 1.2141 -2.13702 -1.03545 -1.25142 -0.439216 1.36235 -1.07266 0.665736 0.305156 -0.086292 0.0276491 0 0 2.27179 0.907139  
  0.0153968 0 0 -0.003705 -0.158089 0 0.791944 1.14073 1.28205 1.0676 2.71898 0.368848 1.11854 -0.59908 0.45968 0.0152218 0.368749 1.67916 0.329076 0.147769 -0.0349423 0 0 -0.971397 -0.974805  
  0.0183321 0 0 -0.002891 0.0549971 0 0.492811 0.551805 1.95166 2.96127 0.692837 0.330938 -1.54102 0.348769 0.0794353 0.520507 0.0177434 0.692321 0.834768 -0.248883 -0.158956 0 0 0.99662 0.954637  
  0.0229882 0 0 0.000335339 -0.0494603 0 0.122294 0.519519 2.22644 1.03628 -2.32975 0.144765 0.382276 -1.04552 -0.197042 0.138552 1.58692 1.49153 0.109703 -0.424601 -0.0518918 0 0 -1.0732 1.96477  
  0.0257727 0 0 0.00356551 -0.0878915 0 0.496252 1.28632 2.80965 -0.956078 -1.40739 0.565981 -0.868583 -0.784675 -0.728323 -0.780886 0.429951 1.35253 1.62515 -0.0543619 -0.484048 0 0 1.48683 0.994096  
  0.0290236 0 0 4.4676 0.194146 0 1.02651 0.430195 -2.43049 0.611256 -0.854619 -1.02482 0.585149 -0.17489 -1.82706 0.013554 1.42234 1.6798 1.23973 0.0334663 -0.018133 0 0 -0.000914502 0.382715  
  0.0320264 0 0 4.41658 -0.0333363 0 0.370991 0.34976 -2.87714 2.85732 -2.08465 -0.83623 -0.324533 1.70345 -0.141742 0.314056 1.72063 1.79366 0.704909 -0.0345254 0.000909191 0 0 -0.56012 0.130164  
  0.0354498 0 0 4.4161 -0.13316 0 0.704366 1.43846 0.100377 2.48871 1.36914 -0.059976 1.15426 0.0303767 -0.124718 -0.109303 0.155309 0.212412 -1.28606 -0.0534368 0.0484521 0 0 4.72544 1.63338  
  0.0394802 0 0 4.41565 0.079274 0 1.51049 1.33571 -2.41629 2.85435 1.19583 -1.14806 -1.41295 -0.165733 -0.818359 -0.172052 -0.410088 1.45987 -0.261719 -0.279926 0.00374976 0 0 0.725768 0.0210247  
  0.0425048 0 0 4.41522 0.016887 0 0.562689 0.596643 0.25278 4.17103 0.18257 -0.261472 -2.97113 1.14742 0.338124 -0.807308 -0.298303 1.58483 1.64243 0.340017 -0.0677041 0 0 4.89618 -2.98993  
  0.0455243 0 0 4.41477 -0.0658735 0 1.1507 0.548019 2.38509 3.94517 1.72392 -0.953721 -2.27092 0.332552 -0.108526 -0.83289 -1.5982 0.7881 0.65736 -0.00818347 0.0156469 0 0 -1.07227 1.08168  
  0.0488656 0 0 4.41442 0.0883149 0 0.741614 1.33429 5.99479 -0.162154 0.00321583 0.0843998 -1.10243 -0.676831 -0.414963 -0.0533239 -0.569851 1.88445 2.017 -0.435042 -0.110825 0 0 1.07008 -0.896555  
  0.0517087 0 0 4.41399 0.00379697 0 1.57396 0.631334 1.97673 2.78902 0.252257 0.0904408 -1.21319 0.190812 -1.15506 0.477101 0.0329111 1.60351 -0.34734 -0.0505735 0.0107302 0 0 -0.847881 -0.510086  
  0.0559938 0 0 8.22193 0.178618 0 1.19428 0.899399 -2.46254 -1.27547 0.986115 -1.84501 -0.535372 -1.2136 1.80585 0.510004 0.112706 2.12376 0.531046 -0.139811 0.017036 0 0 -0.866735 0.786759  
  0.0591116 0 0 8.2334 -0.0227551 0 0.571031 0.701119 -2.33932 -0.0826912 3.07764 -1.00237 -2.32328 -0.665812 -0.0977402 -0.560382 -0.854171 2.12806 1.50122 0.178875 -0.036759 0 0 -0.62887 0.718971  
  0.0627072 0 0 8.23251 -0.130339 0 1.477 0.474844 -0.269079 2.9424 3.17572 -0.696174 0.919263 -0.629418 0.726031 0.0552223 -0.272697 1.52754 0.657127 -0.280403 0.0525913 0 0 -0.823015 0.700347  
  0.0664884 0 0 8.23165 0.00811797 0 0.593241 0.419905 0.701891 0.469538 1.52735 -1.00693 -0.804539 -0.561845 1.156 0.348737 -0.102266 1.74002 0.240801 0.140132 0.106995 0 0 -0.809392 0.717867  
  0.0698348 0 0 8.23081 0.14906 0 1.28341 0.630446 -0.441489 1.22563 1.33842 0.438967 -1.85885 0.47562 0.886275 0.205046 0.111015 -0.116584 1.80027 -0.0276349 -0.251804 0 0 -1.34205 -1.9317  
  0.0727356 0 0 8.54296 0.0357308 0 0.627138 0.622984 0.260183 -0.441596 3.23727 -0.780268 1.06933 -1.51664 1.65827 0.478764 0.405903 2.03831 -1.91232 0.160102 0.164191 0 0 0.932942 -0.892969  
  0.0757446 0 0 8.54616 -0.024244 0 0.815527 0.421244 1.72178 -0.258802 -3.06114 -0.651759 2.09563 -1.18608 -0.599301 0.24464 0.684354 1.53512 0.973302 0.0931989 0.0526292 0 0 0.055209 1.12881  
  0.0799286 0 0 8.5452 0.103757 0 1.1032 -0.0246723 -1.43892 3.2474 -1.54648 -1.60654 -1.32652 0.80016 0.0311313 0.460586 0.920809 1.80579 1.8811 0.767267 0.0399577 0 0 1.02392 0.981297  
  0.0829817 0 0 8.54432 0.107755 0 0.238013 0.951649 -1.97697 3.0563 0.0844131 -1.1944 -0.82393 0.633718 -0.0589812 -1.64894 0.653405 -0.218001 1.44335 0.0321755 -0.0574671 0 0 1.67368 -2.34231  
  0.0864417 0 0 8.54342 -0.0853842 0 0.975819 1.25 1.80037 2.29574 2.84704 0.18449 -1.09747 1.54897 0.000492234 0.364573 -1.66176 0.920701 -0.125735 -0.246447 0.382488 0 0 -0.899361 -0.365588  
  0.0906249 0 0 8.5426 0.123673 0 0.62496 0.366537 0.32608 1.61361 0.0107659 0.863673 0.812583 -0.24676 0.767876 0.88756 -0.135821 1.57915 0.231247 -0.268211 0.160164 0 0 -0.851313 -1.29346  
  0.0937139 0 0 8.54174 0.0580489 0 0.659819 0.872802 1.08179 0.0206344 3.04905 -0.585609 1.72963 -0.469018 0.939425 -0.0450301 0.749366 -1.02631 -1.09583 0.0860533 -0.0793693 0 0 -0.801624 -0.766857  
  0.0978231 0 0 8.54081 -0.0420864 0 0.727326 1.24138 4.33734 3.99869 1.46239 -2.55676 -1.53511 0.565054 0.195479 -1.24799 -0.32938 0.858356 0.931814 -0.0287082 0.0261665 0 0 -0.901744 -0.824831  
  0.101372 0 0 8.53991 0.135221 0 0.173792 0.266255 -0.186644 3.202 4.05751 0.178791 -1.20767 1.80495 1.86947 0.828456 -0.187387 0.447813 1.49155 0.251006 0.158513 0 0 1.93395 -1.19797  
  0.104679 0 0 8.54996 -0.12801 0 1.36136 0.250228 2.29914 0.669393 1.4463 -1.29293 -0.941149 -2.04467 5.44864 0.444141 -1.7518 2.12408 -1.30351 0.297287 0.269877 0 0 -0.885289 -0.874591  
