 
 -0.975186 -1.15669 -0.281129 0.1 0 1
  -0.78054 -1.33211 -0.302952 0.1 0 1
  0.664644 0.215183 -0.464979 0.1 0 1
  -2.30009 -0.538535 -0.132586 0.1 0 1
  0.100274 -0.213225 -0.401704 0.1 0 1
  0.283026 0.0283592 -0.422194 0.1 0 1
  -1.32035 -1.61894 -0.24243 0.1 0 1
  -0.273377 -0.199501 -0.359812 0.1 0 1
  0.795042 1.14408 -0.479599 0.1 0 1
  1.01731 0.73156 -0.504519 0.1 0 1
  0.113802 -1.23223 -0.403221 0.1 0 1
  -0.272268 -1.69172 -0.359937 0.1 0 1
  0.276003 0.144721 -0.421406 0.1 0 1
  1.05282 -0.567732 -0.508499 0.1 0 1
  0.671733 -0.161512 -0.465774 0.1 0 1
  -0.0281597 -0.334043 -0.387305 0.1 0 1
  -1.81672 -1.97484 -0.18678 0.1 0 1
  -0.941655 -1.30657 -0.284888 0.1 0 1
  -2.85891 -2.32716 -0.069934 0.1 0 1
  0.996988 0.712827 -0.50224 0.1 0 1
  -0.643717 0.263171 -0.318291 0.1 0 1
  0.0205954 -0.570762 -0.392771 0.1 0 1
  -0.349472 -0.357733 -0.351281 0.1 0 1
  0.473868 0.457315 -0.44359 0.1 0 1
  -0.699829 -3.37565 -0.312001 0.1 0 1
  -1.22647 0.0641102 -0.252955 0.1 0 1
  0.949552 -1.25359 -0.496922 0.1 0 1
  0.24532 1.0183 -0.417966 0.1 0 1
  -0.0417303 -0.434562 -0.385784 0.1 0 1
  -0.34234 -1.54174 -0.352081 0.1 0 1
  1.51259 1.01678 -0.560047 0.1 0 1
  -1.31465 -1.03313 -0.243069 0.1 0 1
  -0.106743 -1.14109 -0.378495 0.1 0 1
  1.28637 -18.5266 -0.534684 0.1 0 1
  -0.742868 0.142222 -0.307175 0.1 0 1
  1.33139 -1.35508 -0.539731 0.1 0 1
  -0.602021 -0.978776 -0.322966 0.1 0 1
  -0.249509 -0.139153 -0.362488 0.1 0 1
  -0.746386 9.18849 -0.306781 0.1 0 1
  1.29264 -0.63138 -0.535387 0.1 0 1
  -0.548607 1.2372 -0.328955 0.1 0 1
  0.556059 0.236725 -0.452805 0.1 0 1
  -0.162407 0.532915 -0.372254 0.1 0 1
  -0.722096 -0.143419 -0.309504 0.1 0 1
  -1.03871 0.690121 -0.274007 0.1 0 1
  -0.817972 0.181626 -0.298755 0.1 0 1
  -0.350631 -2.02723 -0.351151 0.1 0 1
  0.259473 0.65986 -0.419553 0.1 0 1
  0.245015 -2.19484 -0.417932 0.1 0 1
  0.848411 -0.356569 -0.485582 0.1 0 1
  0.0220513 -1.73465 -0.392934 0.1 0 1
  0.0421662 0.0392244 -0.39519 0.1 0 1
  -0.13889 -0.0165796 -0.37489 0.1 0 1
  1.31944 -0.743554 -0.538392 0.1 0 1
  -0.4232 -1.20599 -0.343015 0.1 0 1
  -0.463582 0.23365 -0.338487 0.1 0 1
  -1.60743 0.122511 -0.210244 0.1 0 1
  0.83201 0.138547 -0.483743 0.1 0 1
  0.0671768 1.35883 -0.397994 0.1 0 1
  -0.949407 0.130493 -0.284019 0.1 0 1
  -0.0862017 -0.519725 -0.380798 0.1 0 1
  -0.407062 0.322584 -0.344824 0.1 0 1
  0.334985 -1.72106 -0.428019 0.1 0 1
  0.580647 0.30433 -0.455562 0.1 0 1
  -1.82723 -0.295971 -0.185601 0.1 0 1
  0.65028 0.0331407 -0.463369 0.1 0 1
  -1.37191 -1.59258 -0.236649 0.1 0 1
  -0.468752 -0.673191 -0.337908 0.1 0 1
  1.01232 0.892436 -0.503959 0.1 0 1
  0.603118 -4.36494 -0.458081 0.1 0 1
  1.10754 0.769103 -0.514634 0.1 0 1
  -0.079982 0.493963 -0.381495 0.1 0 1
  0.375713 -0.107108 -0.432585 0.1 0 1
  -0.0933116 0.834531 -0.38 0.1 0 1
  -1.33147 -0.305406 -0.241184 0.1 0 1
  -0.565532 -1.3092 -0.327057 0.1 0 1
  0.954819 -0.730489 -0.497512 0.1 0 1
  2.72954 1.26037 -0.696486 0.1 0 1
  -0.837307 11.5549 -0.296587 0.1 0 1
  -0.47374 -0.442034 -0.337349 0.1 0 1
  -0.142128 0.484292 -0.374527 0.1 0 1
  -0.37812 -1.76829 -0.348069 0.1 0 1
  0.88632 -0.139914 -0.489832 0.1 0 1
  -0.660969 -0.187976 -0.316357 0.1 0 1
  -0.00800102 -1.13907 -0.389565 0.1 0 1
  0.331989 -0.87312 -0.427683 0.1 0 1
  1.03037 1.87663 -0.505983 0.1 0 1
  -0.966049 -0.827503 -0.282153 0.1 0 1
  -0.539588 -0.650922 -0.329966 0.1 0 1
  0.914156 0.841992 -0.492953 0.1 0 1
  0.614065 0.631453 -0.459308 0.1 0 1
  0.379364 -0.74614 -0.432995 0.1 0 1
  0.387882 -1.37684 -0.43395 0.1 0 1
  -0.622942 -1.87768 -0.320621 0.1 0 1
  -0.534785 -0.507963 -0.330504 0.1 0 1
  -0.944478 0.256182 -0.284572 0.1 0 1
  1.42723 0.574846 -0.550477 0.1 0 1
  0.0727325 -1.2342 -0.398617 0.1 0 1
  -1.10031 -2.39583 -0.2671 0.1 0 1
  0.263961 0.163726 -0.420056 0.1 0 1  