0 0 0.141654 0.285717 0.144063 0.288253 0.261654 
1 0 0.141654 0.307074 0.16542 0.288253 0.261654 
2 0 0.141654 0.366729 0.225075 0.288253 0.261654 
3 0 0.141654 0.446533 0.304878 0.288253 0.261654 
4 0 0.141654 0.532985 0.391331 0.288253 0.261654 
5 0 0.141654 0.616657 0.475003 0.288253 0.261654 
6 0 0.141654 0.691587 0.549933 0.288253 0.261654 
7 0 0.141654 0.754649 0.612995 0.288253 0.261654 
8 0 0.141654 0.80485 0.663195 0.288253 0.261654 
9 0 0.141654 0.842603 0.700949 0.288253 0.261654 
10 0 0.141654 0.869082 0.727428 0.288253 0.261654 
11 0 0.141654 0.88573 0.744076 0.288253 0.261654 
12 0 0.141654 0.893975 0.75232 0.288253 0.261654 
13 0 0.141654 0.895115 0.753461 0.288253 0.261654 
14 0 0.141654 0.890304 0.74865 0.288253 0.261654 
15 0 0.141654 0.880582 0.738928 0.288253 0.261654 
16 0 0.141654 0.866902 0.725248 0.288253 0.261654 
17 0 0.141654 0.850145 0.708491 0.288253 0.261654 
18 0 0.141654 0.831119 0.689465 0.288253 0.261654 
19 0 0.141654 0.810538 0.668884 0.288253 0.261654 
20 0 0.141654 0.789012 0.647358 0.288253 0.261654 
21 0 0.141654 0.767035 0.625381 0.288253 0.261654 
22 0 0.141654 0.744982 0.603328 0.288253 0.261654 
23 0 0.141654 0.723119 0.581465 0.288253 0.261654 
24 0 0.141654 0.701619 0.559965 0.288253 0.261654 
25 0 0.141654 0.680577 0.538923 0.288253 0.261654 
26 0 0.141654 0.660033 0.518379 0.288253 0.261654 
27 0 0.141654 0.63999 0.498336 0.288253 0.261654 
28 0 0.141654 0.620429 0.478775 0.288253 0.261654 
29 0 0.141654 0.60132 0.459666 0.288253 0.261654 
30 0 0.141654 0.58263 0.440976 0.288253 0.261654 
31 0 0.141654 0.564329 0.422675 0.288253 0.261654 
32 0 0.141654 0.546394 0.40474 0.288253 0.261654 
33 0 0.141654 0.528807 0.387153 0.288253 0.261654 
34 0 0.141654 0.511556 0.369902 0.288253 0.261654 
35 0 0.141654 0.494638 0.352984 0.288253 0.261654 
36 0 0.141654 0.478054 0.3364 0.288253 0.261654 
37 0 0.141654 0.461812 0.320158 0.288253 0.261654 
38 0 0.141654 0.445924 0.30427 0.288253 0.261654 
39 0 0.141654 0.430406 0.288752 0.288253 0.261654 
40 0 0.141654 0.415277 0.273623 0.288253 0.261654 
41 0 0.141654 0.400559 0.258905 0.288253 0.261654 
42 0 0.141654 0.386274 0.24462 0.288253 0.261654 
43 0 0.141654 0.372446 0.230792 0.288253 0.261654 
44 0 0.141654 0.359097 0.217443 0.288253 0.261654 
45 0 0.141654 0.346248 0.204594 0.288253 0.261654 
46 0 0.141654 0.333919 0.192265 0.288253 0.261654 
47 0 0.141654 0.322126 0.180472 0.288253 0.261654 
48 0 0.141654 0.310883 0.169229 0.288253 0.261654 
49 0 0.141654 0.300199 0.158545 0.288253 0.261654 
50 0 0.141654 0.290082 0.148428 0.288253 0.261654 
51 0 0.141654 0.280535 0.138881 0.288253 0.261654 
52 0 0.141654 0.271558 0.129904 0.288253 0.261654 
53 0 0.141654 0.263148 0.121494 0.288253 0.261654 
54 0 0.141654 0.255298 0.113644 0.288253 0.261654 
55 0 0.141654 0.248 0.106346 0.288253 0.261654 
56 0 0.141654 0.241241 0.0995865 0.288253 0.261654 
57 0 0.141654 0.235007 0.0933528 0.288253 0.261654 
58 0 0.141654 0.229282 0.0876283 0.288253 0.261654 
59 0 0.141654 0.224049 0.0823947 0.288253 0.261654 
60 0 0.141654 0.219287 0.0776325 0.288253 0.261654 
61 0 0.141654 0.214974 0.0733202 0.288253 0.261654 
62 0 0.141654 0.211089 0.0694353 0.288253 0.261654 
63 0 0.141654 0.207608 0.0659541 0.288253 0.261654 
64 0 0.141654 0.204506 0.062852 0.288253 0.261654 
65 0 0.141654 0.201757 0.0601033 0.288253 0.261654 
66 0 0.141654 0.199336 0.0576821 0.288253 0.261654 
67 0.122909 0.141654 0.197216 0.0555618 0.288253 0.261654 
68 0.435689 0.141654 0.195172 0.0535175 0.288253 0.261654 
69 0.661263 0.141654 0.192957 0.0513033 0.288253 0.261654 
70 0.813314 0.141654 0.190596 0.0489418 0.288253 0.261654 
71 0.904674 0.141654 0.188106 0.0464522 0.288253 0.261654 
72 0.947108 0.141654 0.185506 0.0438516 0.288253 0.261654 
73 0.951179 0.141654 0.182809 0.0411553 0.288253 0.261654 
74 0.926195 0.141654 0.180032 0.0383784 0.288253 0.261654 
75 0.880195 0.141654 0.17719 0.035536 0.288253 0.261654 
76 0.81999 0.141654 0.174298 0.0326443 0.288253 0.261654 
77 0.75123 0.141654 0.171374 0.0297202 0.288253 0.261654 
78 0.678492 0.141654 0.167713 0.0260594 0.267713 0.261654 
79 0.605385 0.141654 0.163825 0.0221708 0.263825 0.261654 
80 0.534658 0.141654 0.161547 0.0198929 0.261547 0.261654 
81 0.468318 0.141654 0.160768 0.0191138 0.260768 0.261654 
82 0.407731 0.141654 0.160808 0.0191542 0.260808 0.261654 
83 0.353737 0.141654 0.161103 0.0194486 0.261103 0.261654 
84 0.306739 0.141654 0.161365 0.0197106 0.261365 0.261654 
85 0.2668 0.141654 0.161519 0.019865 0.261519 0.261654 
86 0.233715 0.141654 0.161589 0.0199348 0.261589 0.261654 
87 0.207086 0.141654 0.161617 0.0199634 0.261617 0.261654 
88 0.18638 0.141654 0.161636 0.0199814 0.261636 0.261654 
89 0.170978 0.141654 0.161656 0.0200017 0.261656 0.261654 
90 0.160216 0.141654 0.16168 0.0200256 0.26168 0.261654 
91 0.153421 0.141654 0.161704 0.0200502 0.261704 0.261654 
92 0.149934 0.141654 0.161726 0.0200723 0.261726 0.261654 
93 0.149133 0.141654 0.161744 0.0200902 0.261744 0.261654 
94 0.150439 0.141654 0.161757 0.0201034 0.261757 0.261654 
95 0.153334 0.141654 0.161766 0.0201124 0.261766 0.261654 
96 0.15736 0.141654 0.161772 0.0201177 0.261772 0.261654 
97 0.162123 0.141654 0.161774 0.0201199 0.261774 0.261654 
98 0.167291 0.141654 0.161774 0.0201197 0.261774 0.261654 
99 0.172594 0.141654 0.161771 0.0201174 0.261771 0.261654 
100 0.177816 0.141654 0.161767 0.0201133 0.261767 0.261654 
101 0.182793 0.141654 0.161762 0.0201078 0.261762 0.261654 
102 0.187405 0.141654 0.161755 0.0201011 0.261755 0.261654 
103 0.191574 0.141654 0.161747 0.0200934 0.261747 0.261654 
104 0.195252 0.141654 0.161739 0.0200848 0.261739 0.261654 
105 0.198421 0.141654 0.16173 0.0200755 0.26173 0.261654 
106 0.201085 0.141654 0.16172 0.0200655 0.26172 0.261654 
107 0.203265 0.141654 0.161709 0.020055 0.261709 0.261654 
108 0.204993 0.141654 0.161698 0.0200441 0.261698 0.261654 
109 0.206313 0.141654 0.161687 0.0200327 0.261687 0.261654 
110 0.207271 0.141654 0.161675 0.0200209 0.261675 0.261654 
111 0.207917 0.141654 0.161663 0.0200089 0.261663 0.261654 
112 0.2083 0.141654 0.161651 0.0199965 0.261651 0.261654 
113 0.208467 0.141654 0.161638 0.019984 0.261638 0.261654 
114 0.208461 0.141654 0.161625 0.0199713 0.261625 0.261654 
115 0.208317 0.141654 0.161613 0.0199585 0.261613 0.261654 
116 0.208069 0.141654 0.1616 0.0199457 0.2616 0.261654 
117 0.207739 0.141654 0.161587 0.0199331 0.261587 0.261654 
118 0.207346 0.141654 0.161575 0.0199208 0.261575 0.261654 
119 0.206899 0.141654 0.161563 0.0199088 0.261563 0.261654 
120 0.206402 0.141654 0.161551 0.0198973 0.261551 0.261654 
121 0.205852 0.141654 0.161541 0.0198864 0.261541 0.261654 
122 0.20524 0.141654 0.16153 0.0198764 0.26153 0.261654 
123 0.204552 0.141654 0.161521 0.0198672 0.261521 0.261654 
124 0.20377 0.141654 0.161513 0.0198591 0.261513 0.261654 
125 0.202873 0.141654 0.161506 0.0198521 0.261506 0.261654 
126 0.201839 0.141654 0.1615 0.0198463 0.2615 0.261654 
127 0.200646 0.141654 0.161496 0.0198419 0.261496 0.261654 
128 0.199274 0.141654 0.161493 0.0198387 0.261493 0.261654 
129 0.197708 0.141654 0.161491 0.0198369 0.261491 0.261654 
130 0.195939 0.141654 0.16149 0.0198364 0.26149 0.261654 
131 0.193967 0.141654 0.161491 0.0198371 0.261491 0.261654 
132 0.191804 0.141654 0.161493 0.0198391 0.261493 0.261654 
133 0.189476 0.141654 0.161496 0.0198423 0.261496 0.261654 
134 0.187028 0.141654 0.161501 0.0198464 0.261501 0.261654 
135 0.184525 0.141654 0.161506 0.0198515 0.261506 0.261654 
136 0.182055 0.141654 0.161511 0.0198573 0.261511 0.261654 
137 0.179733 0.141654 0.161518 0.0198636 0.261518 0.261654 
138 0.177701 0.141654 0.161525 0.0198705 0.261525 0.261654 
139 0.176134 0.141654 0.161532 0.0198776 0.261532 0.261654 
140 0.175234 0.141654 0.161539 0.0198849 0.261539 0.261654 
141 0.175236 0.141654 0.161546 0.0198922 0.261546 0.261654 
142 0.176405 0.141654 0.161553 0.0198993 0.261553 0.261654 
143 0.17903 0.141654 0.16156 0.0199063 0.26156 0.261654 
144 0.18342 0.141654 0.161567 0.019913 0.261567 0.261654 
145 0.189894 0.141654 0.161573 0.0199193 0.261573 0.261654 
146 0.198775 0.141654 0.161579 0.0199252 0.261579 0.261654 
147 0.210369 0.141654 0.161585 0.0199306 0.261585 0.261654 
148 0.224948 0.141654 0.16159 0.0199357 0.26159 0.261654 
149 0.24273 0.141654 0.161594 0.0199403 0.261594 0.261654 
150 0.263848 0.141654 0.161598 0.0199444 0.261598 0.261654 
151 0.288318 0.141654 0.161602 0.0199482 0.261602 0.261654 
152 0.316005 0.141654 0.161606 0.0199516 0.261606 0.261654 
153 0.346574 0.141654 0.161609 0.0199547 0.261609 0.261654 
154 0.379451 0.141654 0.161611 0.0199574 0.261611 0.261654 
155 0.413766 0.141654 0.161614 0.0199599 0.261614 0.261654 
156 0.448302 0.141654 0.161616 0.0199622 0.261616 0.261654 
157 0.481438 0.141654 0.161618 0.0199642 0.261618 0.261654 
158 0.511097 0.141654 0.16162 0.019966 0.26162 0.261654 
159 0.53469 0.141654 0.161622 0.0199677 0.261622 0.261654 
160 0.549071 0.141654 0.161623 0.0199692 0.261623 0.261654 
161 0.5505 0.141654 0.161625 0.0199705 0.261625 0.261654 
162 0.534624 0.141654 0.161626 0.0199717 0.261626 0.261654 
163 0.49647 0.141654 0.161627 0.0199729 0.261627 0.261654 
164 0.430475 0.141654 0.161628 0.0199739 0.261628 0.261654 
165 0.33054 0.141654 0.161629 0.0199748 0.261629 0.261654 
166 0.190133 0.141654 0.16163 0.0199757 0.26163 0.261654 
167 0.00244019 0.141654 0.161631 0.0199766 0.261631 0.261654 
168 0 0.141654 0.161631 0.0199774 0.261631 0.261654 
169 0 0.141654 0.161734 0.0200804 0.261631 0.261654 
170 0 0.141654 0.162049 0.0203947 0.261631 0.261654 
171 0 0.141654 0.162541 0.0208872 0.261631 0.261654 
172 0 0.141654 0.163183 0.0215287 0.261631 0.261654 
173 0 0.141654 0.163948 0.0222936 0.261631 0.261654 
174 0 0.141654 0.164813 0.0231592 0.261631 0.261654 
175 0 0.141654 0.16576 0.0241058 0.261631 0.261654 
176 0 0.141654 0.16677 0.025116 0.261631 0.261654 
177 0 0.141654 0.167829 0.0261748 0.261631 0.261654 
178 0 0.141654 0.168923 0.027269 0.261631 0.261654 
179 0 0.141654 0.170041 0.0283872 0.261631 0.261654 
180 0 0.141654 0.171174 0.0295197 0.261631 0.261654 
181 0 0.141654 0.172312 0.0306578 0.261631 0.261654 
182 0 0.141654 0.173448 0.0317943 0.261631 0.261654 
183 0 0.141654 0.174577 0.0329231 0.261631 0.261654 
184 0 0.141654 0.175693 0.0340388 0.261631 0.261654 
185 0 0.141654 0.176791 0.0351371 0.261631 0.261654 
186 0 0.141654 0.177868 0.0362144 0.261631 0.261654 
187 0 0.141654 0.178922 0.0372675 0.261631 0.261654 
188 0 0.141654 0.179948 0.0382942 0.261631 0.261654 
189 0 0.141654 0.180947 0.0392925 0.261631 0.261654 
190 0 0.141654 0.181915 0.0402611 0.261631 0.261654 
191 0 0.141654 0.183632 0.0419784 0.261631 0.261654 
192 0 0.141654 0.186836 0.0451821 0.261631 0.261654 
193 0 0.141654 0.191089 0.0494353 0.261631 0.261654 
194 0 0.141654 0.196043 0.0543886 0.261631 0.261654 
195 0 0.141654 0.201427 0.0597734 0.261631 0.261654 
196 0 0.141654 0.207046 0.0653917 0.261631 0.261654 
197 0 0.141654 0.212759 0.0711049 0.261631 0.261654 
198 0 0.141654 0.218476 0.0768217 0.261631 0.261654 
199 0 0.141654 0.224141 0.082487 0.261631 0.261654 
200 0 0.141654 0.229727 0.0880725 0.261631 0.261654 
201 0 0.141654 0.235222 0.0935679 0.261631 0.261654 
202 0 0.141654 0.240475 0.0988205 0.261631 0.261654 
203 0 0.141654 0.245213 0.103559 0.261631 0.261654 
204 0 0.141654 0.249295 0.107641 0.261631 0.261654 
205 0 0.141654 0.252669 0.111015 0.261631 0.261654 
206 0 0.141654 0.25535 0.113696 0.261631 0.261654 
207 0 0.141654 0.257393 0.115739 0.261631 0.261654 
208 0 0.141654 0.25888 0.117226 0.261631 0.261654 
209 0 0.141654 0.259898 0.118244 0.261631 0.261654 
210 0 0.141654 0.26054 0.118886 0.261631 0.261654 
211 0 0.141654 0.26089 0.119236 0.261631 0.261654 
212 0 0.141654 0.261022 0.119368 0.261631 0.261654 
213 0 0.141654 0.261002 0.119348 0.261631 0.261654 
214 0 0.141654 0.26088 0.119226 0.261631 0.261654 
215 0 0.141654 0.260699 0.119045 0.261631 0.261654 
216 0 0.141654 0.26049 0.118836 0.261631 0.261654 
217 0 0.141654 0.260273 0.118619 0.261631 0.261654 
218 0 0.141654 0.260065 0.118411 0.261631 0.261654 
219 0 0.141654 0.259875 0.118221 0.261631 0.261654 
220 0 0.141654 0.259707 0.118053 0.261631 0.261654 
221 0 0.141654 0.259564 0.11791 0.261631 0.261654 
222 0 0.141654 0.259445 0.117791 0.261631 0.261654 
223 0 0.141654 0.259349 0.117695 0.261631 0.261654 
224 0 0.141654 0.259273 0.117619 0.261631 0.261654 
225 0 0.141654 0.259214 0.11756 0.261631 0.261654 
226 0 0.141654 0.25917 0.117516 0.261631 0.261654 
227 0 0.141654 0.259137 0.117483 0.261631 0.261654 
228 0 0.141654 0.259114 0.11746 0.261631 0.261654 
229 0 0.141654 0.259099 0.117445 0.261631 0.261654 
230 0 0.141654 0.259089 0.117435 0.261631 0.261654 
231 0 0.141654 0.259084 0.11743 0.261631 0.261654 
232 0 0.141654 0.259081 0.117427 0.261631 0.261654 
233 0 0.141654 0.259081 0.117427 0.261631 0.261654 
234 0 0.141654 0.259082 0.117428 0.261631 0.261654 
235 0 0.141654 0.259085 0.117431 0.261631 0.261654 
236 0 0.141654 0.259087 0.117433 0.261631 0.261654 
237 0 0.141654 0.25909 0.117436 0.261631 0.261654 
238 0 0.141654 0.259093 0.117439 0.261631 0.261654 
239 0 0.141654 0.259096 0.117442 0.261631 0.261654 
240 0 0.141654 0.259099 0.117445 0.261631 0.261654 
241 0 0.141654 0.259101 0.117447 0.261631 0.261654 
242 0 0.141654 0.259103 0.117449 0.261631 0.261654 
243 0 0.141654 0.259104 0.11745 0.261631 0.261654 
244 0 0.141654 0.259106 0.117452 0.261631 0.261654 
245 0 0.141654 0.259107 0.117453 0.261631 0.261654 
246 0 0.141654 0.259108 0.117454 0.261631 0.261654 
247 0 0.141654 0.259108 0.117454 0.261631 0.261654 
248 0 0.141654 0.259109 0.117455 0.261631 0.261654 
249 0 0.141654 0.25911 0.117456 0.261631 0.261654 
250 0 0.141654 0.259111 0.117457 0.261631 0.261654 
251 0 0.141654 0.259113 0.117459 0.261631 0.261654 
252 0 0.141654 0.259115 0.117461 0.261631 0.261654 
253 0 0.141654 0.259117 0.117463 0.261631 0.261654 
254 0 0.141654 0.25912 0.117466 0.261631 0.261654 
255 0 0.141654 0.259124 0.11747 0.261631 0.261654 
256 0 0.141654 0.259128 0.117474 0.261631 0.261654 
257 0 0.141654 0.259133 0.117479 0.261631 0.261654 
258 0 0.141654 0.259138 0.117484 0.261631 0.261654 
259 0 0.141654 0.259144 0.11749 0.261631 0.261654 
260 0 0.141654 0.259151 0.117497 0.261631 0.261654 
261 0 0.141654 0.259158 0.117504 0.261631 0.261654 
262 0 0.141654 0.259165 0.117511 0.261631 0.261654 
263 0 0.141654 0.259173 0.117519 0.261631 0.261654 
264 0 0.141654 0.259181 0.117527 0.261631 0.261654 
265 0 0.141654 0.25919 0.117536 0.261631 0.261654 
266 0 0.141654 0.259198 0.117544 0.261631 0.261654 
267 0 0.141654 0.259207 0.117552 0.261631 0.261654 
268 0 0.141654 0.259215 0.117561 0.261631 0.261654 
269 0 0.141654 0.259223 0.117569 0.261631 0.261654 
270 0 0.141654 0.259231 0.117577 0.261631 0.261654 
271 0 0.141654 0.259239 0.117584 0.261631 0.261654 
272 0 0.141654 0.259246 0.117592 0.261631 0.261654 
273 0 0.141654 0.259253 0.117598 0.261631 0.261654 
274 0 0.141654 0.259259 0.117605 0.261631 0.261654 
275 0 0.141654 0.259265 0.117611 0.261631 0.261654 
276 0 0.141654 0.25927 0.117616 0.261631 0.261654 
277 0 0.141654 0.259275 0.117621 0.261631 0.261654 
278 0 0.141654 0.259279 0.117625 0.261631 0.261654 
279 0 0.141654 0.259283 0.117629 0.261631 0.261654 
280 0 0.141654 0.259286 0.117632 0.261631 0.261654 
281 0 0.141654 0.259289 0.117635 0.261631 0.261654 
282 0 0.141654 0.259291 0.117637 0.261631 0.261654 
283 0 0.141654 0.259293 0.117639 0.261631 0.261654 
284 0 0.141654 0.259294 0.11764 0.261631 0.261654 
285 0 0.141654 0.259295 0.117641 0.261631 0.261654 
286 0 0.141654 0.259296 0.117642 0.261631 0.261654 
287 0 0.141654 0.259296 0.117642 0.261631 0.261654 
288 0 0.141654 0.259296 0.117642 0.261631 0.261654 
289 0 0.141654 0.259296 0.117642 0.261631 0.261654 
290 0 0.141654 0.259295 0.117641 0.261631 0.261654 
291 0 0.141654 0.259295 0.117641 0.261631 0.261654 
292 0 0.141654 0.259294 0.11764 0.261631 0.261654 
293 0 0.141654 0.259293 0.117638 0.261631 0.261654 
294 0 0.141654 0.259291 0.117637 0.261631 0.261654 
295 0 0.141654 0.25929 0.117636 0.261631 0.261654 
296 0 0.141654 0.259288 0.117634 0.261631 0.261654 
297 0 0.141654 0.259286 0.117632 0.261631 0.261654 
298 0 0.141654 0.259284 0.11763 0.261631 0.261654 
299 0 0.141654 0.259282 0.117628 0.261631 0.261654 
300 0 0.141654 0.25928 0.117626 0.261631 0.261654 
