  -5.05647e-08 1.22615e-07 -2.27661e-08 0.278763 0.286333 0.0598577 -0.745253 1.38302 0.0169646 0.717771 0.320543 0.402212 1.00227 -0.179342 -1.95961 0.125643 1.78326 -0.0769581 -2.00012 -0.313687 -0.364802 0.513827 0.293328 0.0879015 0.0511271
  -1.48017e-07 3.28985e-07 -9.75364e-08 0.278763 0.286334 0.0598577 -0.745254 1.38896 0.0169646 0.717772 0.324746 0.402212 1.00215 -0.179341 -1.9653 0.125643 1.78072 -0.0769581 -2.00106 -0.313687 -0.366233 0.513827 0.293167 0.0879015 0.0510991
  -2.95256e-07 6.41159e-07 -2.0753e-07 0.278763 0.286336 0.0598576 -0.745255 1.39547 0.0169646 0.717773 0.33029 0.402212 1.00143 -0.179339 -1.97201 0.125643 1.77857 -0.0769581 -2.00097 -0.313687 -0.368157 0.513827 0.292928 0.0879015 0.0510573
  -4.92602e-07 1.06006e-06 -3.51517e-07 0.278763 0.286338 0.0598576 -0.745256 1.40162 0.0169646 0.717775 0.336887 0.402212 1 -0.179337 -1.97887 0.125643 1.77762 -0.0769581 -1.9993 -0.313687 -0.370431 0.513827 0.292618 0.0879015 0.0510033
  -7.40135e-07 1.58604e-06 -5.28483e-07 0.278762 0.286341 0.0598575 -0.745258 1.40682 0.0169646 0.717777 0.344366 0.402212 0.997909 -0.179334 -1.98525 0.125643 1.77843 -0.0769581 -1.99577 -0.313687 -0.372916 0.513827 0.292251 0.0879015 0.0509393
  -1.03777e-06 2.21904e-06 -7.37613e-07 0.278762 0.286345 0.0598575 -0.745261 1.41074 0.0169646 0.717779 0.35262 0.402212 0.995258 -0.179331 -1.99078 0.125643 1.78138 -0.0769581 -1.99029 -0.313687 -0.375481 0.513827 0.291845 0.0879015 0.0508685
  -1.38533e-06 2.95876e-06 -9.78258e-07 0.278762 0.286349 0.0598574 -0.745264 1.41317 0.0169646 0.717781 0.361555 0.402212 0.992184 -0.179327 -1.99526 0.125643 1.7867 -0.0769581 -1.9829 -0.313687 -0.378003 0.513827 0.29142 0.0879015 0.0507945
  -1.78255e-06 3.80467e-06 -1.24989e-06 0.278761 0.286353 0.0598573 -0.745267 1.41397 0.0169646 0.717784 0.371071 0.402212 0.988818 -0.179323 -1.99862 0.125643 1.79452 -0.0769581 -1.97368 -0.313687 -0.380368 0.513827 0.290993 0.0879015 0.0507201
  -2.22918e-06 4.75619e-06 -1.55207e-06 0.278761 0.286357 0.0598572 -0.745271 1.41301 0.0169646 0.717787 0.381043 0.402212 0.985281 -0.179318 -2.00086 0.125643 1.80493 -0.0769581 -1.96277 -0.313687 -0.382477 0.513827 0.290577 0.0879015 0.0506476
  -2.72488e-06 5.81264e-06 -1.88438e-06 0.278761 0.286362 0.0598571 -0.745276 1.41022 0.0169646 0.71779 0.391324 0.402212 0.981672 -0.179313 -2.00202 0.125643 1.81796 -0.0769581 -1.95033 -0.313687 -0.384236 0.513827 0.290177 0.0879015 0.0505778
  -3.26936e-06 6.97333e-06 -2.24647e-06 0.27876 0.286368 0.0598571 -0.745282 1.40552 0.0169646 0.717793 0.401748 0.402212 0.97808 -0.179308 -2.00218 0.125643 1.83365 -0.0769581 -1.93651 -0.313687 -0.385565 0.513827 0.289787 0.0879015 0.0505099
  -3.86227e-06 8.23751e-06 -2.63795e-06 0.27876 0.286373 0.059857 -0.745288 1.3989 0.0169646 0.717796 0.412138 0.402212 0.97458 -0.179302 -2.00142 0.125643 1.85203 -0.0769581 -1.92152 -0.313687 -0.386391 0.513827 0.289396 0.0879015 0.0504417
  -4.50326e-06 9.60444e-06 -3.05848e-06 0.278759 0.286379 0.0598569 -0.745295 1.39033 0.0169646 0.7178 0.422312 0.402212 0.971246 -0.179296 -1.99981 0.125643 1.8731 -0.0769581 -1.90552 -0.313687 -0.38665 0.513827 0.288981 0.0879015 0.0503694
  -5.19198e-06 1.10733e-05 -3.50768e-06 0.278759 0.286385 0.0598568 -0.745302 1.37985 0.0169646 0.717803 0.432094 0.402212 0.968148 -0.17929 -1.99742 0.125643 1.89688 -0.0769581 -1.88872 -0.313687 -0.386285 0.513827 0.288514 0.0879015 0.050288
  -5.92805e-06 1.26434e-05 -3.98517e-06 0.278758 0.286391 0.0598567 -0.74531 1.36749 0.0169646 0.717807 0.441313 0.402212 0.965357 -0.179283 -1.99432 0.125643 1.92337 -0.0769581 -1.87133 -0.313687 -0.385246 0.513827 0.287959 0.0879015 0.0501913
  -6.7111e-06 1.43139e-05 -4.49059e-06 0.278757 0.286398 0.0598566 -0.74532 1.35331 0.0169646 0.71781 0.449816 0.402212 0.962946 -0.179277 -1.99055 0.125643 1.95258 -0.0769581 -1.85353 -0.313687 -0.383488 0.513827 0.287279 0.0879015 0.0500727
  -7.54073e-06 1.60841e-05 -5.02354e-06 0.278757 0.286404 0.0598565 -0.74533 1.3374 0.0169646 0.717814 0.457467 0.402212 0.960988 -0.17927 -1.98616 0.125643 1.98449 -0.0769581 -1.83554 -0.313687 -0.38097 0.513827 0.286433 0.0879015 0.0499253
  -8.41657e-06 1.7953e-05 -5.58363e-06 0.278756 0.286411 0.0598564 -0.74534 1.31984 0.0169646 0.717818 0.464151 0.402212 0.95956 -0.179263 -1.98116 0.125643 2.01909 -0.0769581 -1.81753 -0.313687 -0.377657 0.513827 0.285382 0.0879015 0.0497421
  -9.33823e-06 1.99199e-05 -6.17046e-06 0.278755 0.286417 0.0598563 -0.745352 1.30074 0.0169646 0.717821 0.469778 0.402212 0.958736 -0.179256 -1.97557 0.125643 2.05634 -0.0769581 -1.79969 -0.313687 -0.373518 0.513827 0.28409 0.0879015 0.0495169
  -1.03053e-05 2.1984e-05 -6.78359e-06 0.278754 0.286424 0.0598562 -0.745364 1.28019 0.0169646 0.717825 0.47428 0.402212 0.958589 -0.179248 -1.96937 0.125643 2.09621 -0.0769581 -1.78218 -0.313687 -0.368526 0.513827 0.282527 0.0879015 0.0492444
  -1.13174e-05 2.41445e-05 -7.42261e-06 0.278754 0.28643 0.0598561 -0.745378 1.25829 0.0169646 0.717828 0.477614 0.402212 0.959188 -0.179241 -1.96255 0.125643 2.13862 -0.0769581 -1.76513 -0.313687 -0.36266 0.513827 0.28067 0.0879015 0.0489207
  -1.23742e-05 2.64007e-05 -8.08707e-06 0.278753 0.286437 0.059856 -0.745392 1.23514 0.0169646 0.717832 0.479761 0.402212 0.960596 -0.179234 -1.95505 0.125643 2.18352 -0.0769581 -1.74868 -0.313687 -0.355904 0.513827 0.278506 0.0879015 0.0485435
  -1.34753e-05 2.87518e-05 -8.77651e-06 0.278752 0.286443 0.0598559 -0.745407 1.21084 0.0169646 0.717835 0.480725 0.402212 0.962867 -0.179226 -1.94683 0.125643 2.23081 -0.0769581 -1.7329 -0.313687 -0.348247 0.513827 0.276033 0.0879015 0.0481126
  -1.46202e-05 3.11971e-05 -9.49045e-06 0.278751 0.286449 0.0598559 -0.745422 1.18548 0.0169646 0.717838 0.480533 0.402212 0.966046 -0.179219 -1.93779 0.125643 2.28041 -0.0769581 -1.71788 -0.313687 -0.339684 0.513827 0.273264 0.0879015 0.0476299
  -1.58087e-05 3.37358e-05 -1.02284e-05 0.27875 0.286455 0.0598558 -0.745439 1.15916 0.0169646 0.717841 0.479233 0.402212 0.970166 -0.179211 -1.92784 0.125643 2.33219 -0.0769581 -1.70366 -0.313687 -0.330222 0.513827 0.270221 0.0879015 0.0470996
  -1.70404e-05 3.63672e-05 -1.09899e-05 0.278749 0.286461 0.0598557 -0.745456 1.13197 0.0169646 0.717844 0.476892 0.402212 0.975245 -0.179204 -1.91687 0.125643 2.38603 -0.0769581 -1.69025 -0.313687 -0.319871 0.513827 0.266942 0.0879015 0.0465279
  -1.83149e-05 3.90905e-05 -1.17743e-05 0.278748 0.286467 0.0598557 -0.745474 1.104 0.0169646 0.717847 0.473596 0.402212 0.981289 -0.179196 -1.90475 0.125643 2.44177 -0.0769581 -1.67764 -0.313687 -0.308657 0.513827 0.263472 0.0879015 0.0459232
  -1.96318e-05 4.19052e-05 -1.25812e-05 0.278747 0.286473 0.0598556 -0.745492 1.07535 0.0169646 0.717849 0.469446 0.402212 0.988284 -0.179189 -1.89136 0.125643 2.49926 -0.0769581 -1.66581 -0.313687 -0.296613 0.513827 0.259869 0.0879015 0.0452952
  -2.09908e-05 4.48105e-05 -1.341e-05 0.278746 0.286478 0.0598556 -0.745512 1.04612 0.0169646 0.717852 0.464555 0.402212 0.996202 -0.179182 -1.87657 0.125643 2.55829 -0.0769581 -1.65471 -0.313687 -0.283786 0.513827 0.256196 0.0879015 0.044655
  -2.23915e-05 4.78057e-05 -1.42601e-05 0.278744 0.286483 0.0598555 -0.745531 1.0164 0.0169646 0.717854 0.459047 0.402212 1.005 -0.179174 -1.86028 0.125643 2.61867 -0.0769581 -1.64427 -0.313687 -0.270235 0.513827 0.252521 0.0879015 0.0440144
  -2.38335e-05 5.089e-05 -1.51312e-05 0.278743 0.286488 0.0598555 -0.745552 0.986292 0.0169646 0.717855 0.453053 0.402212 1.01461 -0.179167 -1.84239 0.125643 2.68016 -0.0769581 -1.63441 -0.313687 -0.256033 0.513827 0.248912 0.0879015 0.0433853
  -2.53165e-05 5.40626e-05 -1.60225e-05 0.278742 0.286493 0.0598555 -0.745573 0.955891 0.0169646 0.717857 0.446705 0.402212 1.02495 -0.17916 -1.82282 0.125643 2.74251 -0.0769581 -1.62503 -0.313687 -0.241264 0.513827 0.245435 0.0879015 0.0427792
  -2.68402e-05 5.73229e-05 -1.69337e-05 0.278741 0.286497 0.0598554 -0.745594 0.925297 0.0169646 0.717858 0.440133 0.402212 1.03593 -0.179154 -1.80154 0.125643 2.80544 -0.0769581 -1.61604 -0.313687 -0.226023 0.513827 0.242152 0.0879015 0.042207
  -2.8404e-05 6.067e-05 -1.78642e-05 0.27874 0.286501 0.0598554 -0.745616 0.894608 0.0169646 0.717859 0.433461 0.402212 1.04744 -0.179147 -1.77855 0.125643 2.86868 -0.0769581 -1.60732 -0.313687 -0.210416 0.513827 0.239119 0.0879015 0.0416784
  -3.00076e-05 6.41029e-05 -1.88134e-05 0.278738 0.286505 0.0598554 -0.745638 0.863926 0.0169646 0.71786 0.426804 0.402212 1.05935 -0.17914 -1.75385 0.125643 2.93192 -0.0769581 -1.59877 -0.313687 -0.194557 0.513827 0.236384 0.0879015 0.0412018
  -3.16507e-05 6.7621e-05 -1.97811e-05 0.278737 0.286508 0.0598554 -0.745661 0.833351 0.0169646 0.717861 0.420259 0.402212 1.07152 -0.179134 -1.72752 0.125643 2.99486 -0.0769581 -1.59028 -0.313687 -0.178565 0.513827 0.233986 0.0879015 0.0407838
  -3.33328e-05 7.12232e-05 -2.07666e-05 0.278736 0.286511 0.0598554 -0.745683 0.802985 0.0169646 0.717861 0.413909 0.402212 1.08382 -0.179128 -1.69964 0.125643 3.05719 -0.0769581 -1.58175 -0.313687 -0.162565 0.513827 0.231956 0.0879015 0.0404299
  -3.50534e-05 7.49085e-05 -2.17696e-05 0.278734 0.286514 0.0598554 -0.745706 0.772931 0.0169646 0.717861 0.407817 0.402212 1.09608 -0.179122 -1.67032 0.125643 3.11862 -0.0769581 -1.57307 -0.313687 -0.14668 0.513827 0.230313 0.0879015 0.0401435
  -3.68123e-05 7.86762e-05 -2.27896e-05 0.278733 0.286516 0.0598554 -0.745729 0.743292 0.0169646 0.717861 0.402026 0.402212 1.10815 -0.179116 -1.6397 0.125643 3.17884 -0.0769581 -1.56414 -0.313687 -0.131037 0.513827 0.22907 0.0879015 0.0399269
  -3.86089e-05 8.2525e-05 -2.38262e-05 0.278731 0.286518 0.0598554 -0.745752 0.71417 0.0169646 0.71786 0.396558 0.402212 1.11986 -0.179111 -1.60795 0.125643 3.23757 -0.0769581 -1.55488 -0.313687 -0.115755 0.513827 0.228229 0.0879015 0.0397803
  -4.04429e-05 8.64541e-05 -2.4879e-05 0.27873 0.286519 0.0598554 -0.745775 0.685666 0.0169646 0.717859 0.39142 0.402212 1.13106 -0.179106 -1.57525 0.125643 3.29451 -0.0769581 -1.54521 -0.313687 -0.100954 0.513827 0.227785 0.0879015 0.039703
  -4.23138e-05 9.04623e-05 -2.59476e-05 0.278728 0.28652 0.0598555 -0.745798 0.657876 0.0169646 0.717858 0.3866 0.402212 1.1416 -0.179101 -1.54179 0.125643 3.34941 -0.0769581 -1.53505 -0.313687 -0.0867455 0.513827 0.227724 0.0879015 0.0396922
  -4.42212e-05 9.45487e-05 -2.70317e-05 0.278727 0.286521 0.0598555 -0.74582 0.630892 0.0169646 0.717856 0.382076 0.402212 1.15134 -0.179096 -1.50777 0.125643 3.40202 -0.0769581 -1.52435 -0.313687 -0.0732342 0.513827 0.228022 0.0879015 0.0397442
  -4.61646e-05 9.87121e-05 -2.81308e-05 0.278725 0.286521 0.0598555 -0.745842 0.6048 0.0169646 0.717854 0.377816 0.402212 1.16013 -0.179092 -1.47343 0.125643 3.45211 -0.0769581 -1.51307 -0.313687 -0.0605185 0.513827 0.228648 0.0879015 0.0398534
  -4.81436e-05 0.000102951 -2.92448e-05 0.278724 0.286521 0.0598555 -0.745864 0.579678 0.0169646 0.717852 0.373783 0.402212 1.16786 -0.179088 -1.43899 0.125643 3.49947 -0.0769581 -1.50119 -0.313687 -0.0486883 0.513827 0.229565 0.0879015 0.0400131
  -5.01578e-05 0.000107265 -3.03732e-05 0.278722 0.286521 0.0598555 -0.745886 0.555593 0.0169646 0.71785 0.369937 0.402212 1.17442 -0.179084 -1.40469 0.125643 3.5439 -0.0769581 -1.4887 -0.313687 -0.0378255 0.513827 0.230725 0.0879015 0.0402153
  -5.22067e-05 0.000111653 -3.15158e-05 0.27872 0.28652 0.0598556 -0.745907 0.532603 0.0169646 0.717847 0.366242 0.402212 1.17972 -0.17908 -1.37077 0.125643 3.58525 -0.0769581 -1.47562 -0.313687 -0.0280039 0.513827 0.232075 0.0879015 0.0404506
  -5.42899e-05 0.000116113 -3.26724e-05 0.278719 0.286519 0.0598556 -0.745928 0.510756 0.0169646 0.717844 0.362666 0.402212 1.18369 -0.179077 -1.33749 0.125643 3.62337 -0.0769581 -1.46198 -0.313687 -0.0192889 0.513827 0.233557 0.0879015 0.0407089
  -5.64069e-05 0.000120645 -3.38426e-05 0.278717 0.286517 0.0598556 -0.745948 0.490094 0.0169646 0.717841 0.359184 0.402212 1.18629 -0.179074 -1.3051 0.125643 3.65815 -0.0769581 -1.44784 -0.313687 -0.011738 0.513827 0.235107 0.0879015 0.0409791
  -5.85573e-05 0.000125246 -3.50264e-05 0.278715 0.286516 0.0598556 -0.745967 0.470649 0.0169646 0.717837 0.355781 0.402212 1.18746 -0.179071 -1.27383 0.125643 3.68951 -0.0769581 -1.43327 -0.313687 -0.00540107 0.513827 0.236661 0.0879015 0.0412499
  -6.07406e-05 0.000129916 -3.62235e-05 0.278713 0.286513 0.0598556 -0.745986 0.452454 0.0169646 0.717833 0.352451 0.402212 1.1872 -0.179068 -1.24392 0.125643 3.71738 -0.0769581 -1.41836 -0.313687 -0.000320478 0.513827 0.238152 0.0879015 0.0415098
  -6.29564e-05 0.000134654 -3.74337e-05 0.278712 0.286511 0.0598556 -0.746003 0.435538 0.0169646 0.717829 0.349199 0.402212 1.1855 -0.179066 -1.21558 0.125643 3.74175 -0.0769581 -1.40322 -0.313687 0.0034688 0.513827 0.239516 0.0879015 0.0417476
  -6.52043e-05 0.000139458 -3.86569e-05 0.27871 0.286508 0.0598556 -0.74602 0.419929 0.0169646 0.717825 0.346039 0.402212 1.18236 -0.179064 -1.18902 0.125643 3.76259 -0.0769581 -1.38798 -0.313687 0.00593912 0.513827 0.240695 0.0879015 0.0419531
  -6.74838e-05 0.000144327 -3.98929e-05 0.278708 0.286505 0.0598556 -0.746037 0.405656 0.0169646 0.71782 0.342994 0.402212 1.17783 -0.179063 -1.1644 0.125643 3.77994 -0.0769581 -1.37275 -0.313687 0.00707032 0.513827 0.241638 0.0879015 0.0421175
  -6.97945e-05 0.000149261 -4.11415e-05 0.278706 0.286502 0.0598556 -0.746052 0.392745 0.0169646 0.717815 0.340089 0.402212 1.17193 -0.179062 -1.14186 0.125643 3.79383 -0.0769581 -1.35767 -0.313687 0.00685006 0.513827 0.242304 0.0879015 0.0422336
  -7.21359e-05 0.000154257 -4.24026e-05 0.278704 0.286498 0.0598555 -0.746066 0.381218 0.0169646 0.71781 0.337355 0.402212 1.16472 -0.179061 -1.12153 0.125643 3.80434 -0.0769581 -1.34287 -0.313687 0.00527437 0.513827 0.242668 0.0879015 0.042297
  -7.45077e-05 0.000159315 -4.36761e-05 0.278702 0.286494 0.0598555 -0.74608 0.371092 0.0169646 0.717805 0.334821 0.402212 1.15626 -0.17906 -1.10348 0.125643 3.81154 -0.0769581 -1.32848 -0.313687 0.00234819 0.513827 0.242718 0.0879015 0.0423058
  -7.69094e-05 0.000164434 -4.49618e-05 0.278701 0.28649 0.0598555 -0.746092 0.36237 0.0169646 0.7178 0.332514 0.402212 1.14663 -0.17906 -1.08776 0.125643 3.81556 -0.0769581 -1.3146 -0.313687 -0.00191389 0.513827 0.242464 0.0879015 0.0422615
  -7.93407e-05 0.000169612 -4.62596e-05 0.278699 0.286486 0.0598554 -0.746104 0.355043 0.0169646 0.717794 0.330458 0.402212 1.13594 -0.17906 -1.07438 0.125643 3.81652 -0.0769581 -1.30133 -0.313687 -0.00748709 0.513827 0.241932 0.0879015 0.0421687
  -8.18012e-05 0.00017485 -4.75693e-05 0.278697 0.286482 0.0598554 -0.746114 0.349086 0.0169646 0.717788 0.328669 0.402212 1.12428 -0.17906 -1.06333 0.125643 3.81456 -0.0769581 -1.28878 -0.313687 -0.014336 0.513827 0.241166 0.0879015 0.0420352
  -8.42906e-05 0.000180147 -4.88908e-05 0.278695 0.286477 0.0598553 -0.746124 0.344452 0.0169646 0.717783 0.327155 0.402212 1.11179 -0.179061 -1.05455 0.125643 3.80984 -0.0769581 -1.27699 -0.313687 -0.0224142 0.513827 0.240228 0.0879015 0.0418718
  -8.68085e-05 0.000185501 -5.02241e-05 0.278693 0.286473 0.0598552 -0.746132 0.341076 0.0169646 0.717777 0.325918 0.402212 1.09859 -0.179062 -1.04799 0.125643 3.80256 -0.0769581 -1.26603 -0.313687 -0.0316648 0.513827 0.239194 0.0879015 0.0416916
  -8.93547e-05 0.000190912 -5.1569e-05 0.278691 0.286468 0.0598551 -0.74614 0.338872 0.0169646 0.71777 0.324951 0.402212 1.08484 -0.179063 -1.04353 0.125643 3.7929 -0.0769581 -1.25594 -0.313687 -0.0420208 0.513827 0.238149 0.0879015 0.0415094
  -9.1929e-05 0.000196379 -5.29254e-05 0.278689 0.286463 0.059855 -0.746146 0.337738 0.0169646 0.717764 0.324239 0.402212 1.07069 -0.179065 -1.04106 0.125643 3.78107 -0.0769581 -1.24673 -0.313687 -0.053406 0.513827 0.237184 0.0879015 0.0413411
  -9.45309e-05 0.000201903 -5.42932e-05 0.278687 0.286458 0.0598549 -0.746152 0.337553 0.0169646 0.717758 0.32376 0.402212 1.05631 -0.179067 -1.04044 0.125643 3.76727 -0.0769581 -1.23841 -0.313687 -0.0657367 0.513827 0.236387 0.0879015 0.0412022
  -9.71603e-05 0.000207482 -5.56723e-05 0.278684 0.286453 0.0598548 -0.746156 0.338189 0.0169646 0.717752 0.323487 0.402212 1.04186 -0.179069 -1.04152 0.125643 3.75174 -0.0769581 -1.23099 -0.313687 -0.0789231 0.513827 0.235842 0.0879015 0.0411073
  -9.9817e-05 0.000213115 -5.70627e-05 0.278682 0.286448 0.0598547 -0.746159 0.339512 0.0169646 0.717745 0.323386 0.402212 1.02751 -0.179072 -1.04413 0.125643 3.7347 -0.0769581 -1.22445 -0.313687 -0.0928714 0.513827 0.235622 0.0879015 0.0410689
  -0.000102501 0.000218804 -5.84642e-05 0.27868 0.286443 0.0598545 -0.746162 0.341387 0.0169646 0.717739 0.32342 0.402212 1.01343 -0.179074 -1.04809 0.125643 3.71636 -0.0769581 -1.21875 -0.313687 -0.107486 0.513827 0.235782 0.0879015 0.0410969
  -0.000105211 0.000224547 -5.98767e-05 0.278678 0.286438 0.0598544 -0.746163 0.343687 0.0169646 0.717732 0.323547 0.402212 0.99975 -0.179077 -1.05321 0.125643 3.69695 -0.0769581 -1.21386 -0.313687 -0.122671 0.513827 0.236359 0.0879015 0.0411974
  -0.000107948 0.000230344 -6.13e-05 0.278676 0.286433 0.0598542 -0.746164 0.346294 0.0169646 0.717726 0.323722 0.402212 0.986626 -0.179081 -1.05927 0.125643 3.67665 -0.0769581 -1.20971 -0.313687 -0.138332 0.513827 0.237367 0.0879015 0.0413731
  -0.000110711 0.000236194 -6.27342e-05 0.278674 0.286428 0.059854 -0.746163 0.349105 0.0169646 0.717719 0.323898 0.402212 0.974179 -0.179084 -1.06605 0.125643 3.65567 -0.0769581 -1.20622 -0.313687 -0.154377 0.513827 0.238799 0.0879015 0.0416227
  -0.000113501 0.000242099 -6.41789e-05 0.278672 0.286423 0.0598538 -0.746162 0.352033 0.0169646 0.717713 0.324027 0.402212 0.962517 -0.179088 -1.07333 0.125643 3.63418 -0.0769581 -1.20331 -0.313687 -0.17072 0.513827 0.240625 0.0879015 0.0419409
  -0.000116316 0.000248056 -6.5634e-05 0.278669 0.286418 0.0598537 -0.74616 0.355008 0.0169646 0.717706 0.32406 0.402212 0.951729 -0.179092 -1.08087 0.125643 3.61232 -0.0769581 -1.20085 -0.313687 -0.187275 0.513827 0.242797 0.0879015 0.0423195
  -0.000119157 0.000254066 -6.70993e-05 0.278667 0.286414 0.0598535 -0.746157 0.35798 0.0169646 0.7177 0.32395 0.402212 0.94189 -0.179097 -1.08842 0.125643 3.59023 -0.0769581 -1.19872 -0.313687 -0.203965 0.513827 0.245251 0.0879015 0.0427473
  -0.000122023 0.00026013 -6.85746e-05 0.278665 0.286409 0.0598532 -0.746154 0.360917 0.0169646 0.717693 0.323656 0.402212 0.933057 -0.179101 -1.09574 0.125643 3.56802 -0.0769581 -1.19677 -0.313687 -0.220712 0.513827 0.247912 0.0879015 0.043211
  -0.000124915 0.000266246 -7.00597e-05 0.278663 0.286405 0.059853 -0.74615 0.363804 0.0169646 0.717687 0.32314 0.402212 0.925273 -0.179106 -1.10262 0.125643 3.54579 -0.0769581 -1.19485 -0.313687 -0.237444 0.513827 0.250697 0.0879015 0.0436965
  -0.000127831 0.000272414 -7.15543e-05 0.27866 0.286401 0.0598528 -0.746145 0.366646 0.0169646 0.717681 0.322376 0.402212 0.918569 -0.179111 -1.10886 0.125643 3.52362 -0.0769581 -1.19282 -0.313687 -0.254087 0.513827 0.253524 0.0879015 0.0441892
  -0.000130772 0.000278634 -7.30582e-05 0.278658 0.286397 0.0598526 -0.74614 0.369459 0.0169646 0.717674 0.321345 0.402212 0.912968 -0.179116 -1.1143 0.125643 3.50158 -0.0769581 -1.19052 -0.313687 -0.270571 0.513827 0.256312 0.0879015 0.0446751
  -0.000133738 0.000284906 -7.45712e-05 0.278656 0.286393 0.0598524 -0.746134 0.372276 0.0169646 0.717668 0.320043 0.402212 0.908488 -0.179121 -1.11884 0.125643 3.47972 -0.0769581 -1.18783 -0.313687 -0.286822 0.513827 0.258988 0.0879015 0.0451415
  -0.000136727 0.000291229 -7.6093e-05 0.278653 0.286389 0.0598521 -0.746127 0.375142 0.0169646 0.717662 0.318478 0.402212 0.905142 -0.179127 -1.12244 0.125643 3.45809 -0.0769581 -1.18467 -0.313687 -0.302766 0.513827 0.26149 0.0879015 0.0455778
  -0.000139741 0.000297602 -7.76235e-05 0.278651 0.286386 0.0598519 -0.746121 0.378114 0.0169646 0.717656 0.316674 0.402212 0.902943 -0.179133 -1.12513 0.125643 3.43675 -0.0769581 -1.18095 -0.313687 -0.318324 0.513827 0.263771 0.0879015 0.0459753
  -0.000142777 0.000304024 -7.91623e-05 0.278649 0.286383 0.0598516 -0.746113 0.381262 0.0169646 0.717651 0.314666 0.402212 0.901904 -0.179139 -1.12702 0.125643 3.41574 -0.0769581 -1.17667 -0.313687 -0.333417 0.513827 0.265796 0.0879015 0.0463283
  -0.000145836 0.000310494 -8.07094e-05 0.278646 0.28638 0.0598514 -0.746106 0.384665 0.0169646 0.717645 0.312504 0.402212 0.902039 -0.179145 -1.12832 0.125643 3.39511 -0.0769581 -1.17183 -0.313687 -0.347962 0.513827 0.267547 0.0879015 0.0466334
  -0.000148918 0.00031701 -8.22647e-05 0.278644 0.286377 0.0598512 -0.746098 0.388413 0.0169646 0.717639 0.310247 0.402212 0.90336 -0.179151 -1.1293 0.125643 3.37489 -0.0769581 -1.16649 -0.313687 -0.361878 0.513827 0.269019 0.0879015 0.0468899
  -0.000152021 0.000323572 -8.38279e-05 0.278642 0.286375 0.0598509 -0.74609 0.392604 0.0169646 0.717634 0.307961 0.402212 0.905879 -0.179157 -1.13028 0.125643 3.35514 -0.0769581 -1.16072 -0.313687 -0.375079 0.513827 0.270219 0.0879015 0.0470992
  -0.000155146 0.000330177 -8.53989e-05 0.278639 0.286373 0.0598507 -0.746082 0.397344 0.0169646 0.717629 0.305717 0.402212 0.909606 -0.179163 -1.13165 0.125643 3.33588 -0.0769581 -1.15464 -0.313687 -0.387488 0.513827 0.271165 0.0879015 0.0472641
  -0.000158291 0.000336824 -8.69777e-05 0.278637 0.286371 0.0598505 -0.746074 0.402745 0.0169646 0.717624 0.303584 0.402212 0.914542 -0.179169 -1.13383 0.125643 3.31715 -0.0769581 -1.14838 -0.313687 -0.399028 0.513827 0.271882 0.0879015 0.047389
  -0.000161457 0.000343512 -8.85641e-05 0.278634 0.286369 0.0598502 -0.746065 0.408917 0.0169646 0.717619 0.30163 0.402212 0.920681 -0.179176 -1.13723 0.125643 3.29898 -0.0769581 -1.14207 -0.313687 -0.409632 0.513827 0.272396 0.0879015 0.0474786
  -0.000164642 0.000350238 -9.0158e-05 0.278632 0.286368 0.05985 -0.746057 0.415974 0.0169646 0.717614 0.299912 0.402212 0.928006 -0.179182 -1.14228 0.125643 3.28138 -0.0769581 -1.13582 -0.313687 -0.419241 0.513827 0.272735 0.0879015 0.0475377
  -0.000167846 0.000357001 -9.17594e-05 0.278629 0.286366 0.0598498 -0.746049 0.424021 0.0169646 0.717609 0.298477 0.402212 0.936484 -0.179189 -1.14932 0.125643 3.26436 -0.0769581 -1.12973 -0.313687 -0.427812 0.513827 0.272926 0.0879015 0.0475711
  -0.000171069 0.000363799 -9.33679e-05 0.278627 0.286366 0.0598496 -0.746041 0.433157 0.0169646 0.717605 0.297362 0.402212 0.946068 -0.179195 -1.15869 0.125643 3.24791 -0.0769581 -1.12388 -0.313687 -0.435312 0.513827 0.272992 0.0879015 0.0475824
  -0.00017431 0.000370633 -9.49835e-05 0.278624 0.286365 0.0598494 -0.746032 0.443467 0.0169646 0.717601 0.296587 0.402212 0.956692 -0.179202 -1.17063 0.125643 3.23201 -0.0769581 -1.1183 -0.313687 -0.441726 0.513827 0.272948 0.0879015 0.0475748
  -0.000177568 0.000377499 -9.6606e-05 0.278622 0.286364 0.0598492 -0.746024 0.455021 0.0169646 0.717597 0.29616 0.402212 0.968274 -0.179209 -1.18528 0.125643 3.21665 -0.0769581 -1.113 -0.313687 -0.447052 0.513827 0.272807 0.0879015 0.0475502
  -0.000180844 0.000384398 -9.82351e-05 0.278619 0.286364 0.059849 -0.746017 0.467871 0.0169646 0.717593 0.296075 0.402212 0.980718 -0.179215 -1.20275 0.125643 3.20178 -0.0769581 -1.10795 -0.313687 -0.451308 0.513827 0.272575 0.0879015 0.0475098
  -0.000184137 0.000391329 -9.98707e-05 0.278617 0.286364 0.0598489 -0.746009 0.48205 0.0169646 0.717589 0.29632 0.402212 0.99391 -0.179222 -1.22301 0.125643 3.18737 -0.0769581 -1.10307 -0.313687 -0.454523 0.513827 0.272256 0.0879015 0.0474543
  -0.000187446 0.000398292 -0.000101513 0.278614 0.286364 0.0598487 -0.746002 0.49757 0.0169646 0.717585 0.29687 0.402212 1.00773 -0.179228 -1.24598 0.125643 3.17336 -0.0769581 -1.09829 -0.313687 -0.456742 0.513827 0.271851 0.0879015 0.0473836
  -0.000190772 0.000405285 -0.00010316 0.278611 0.286365 0.0598486 -0.745994 0.514421 0.0169646 0.717582 0.297699 0.402212 1.02204 -0.179234 -1.27151 0.125643 3.15971 -0.0769581 -1.0935 -0.313687 -0.458021 0.513827 0.271357 0.0879015 0.0472975
  -0.000194114 0.000412309 -0.000104814 0.278609 0.286365 0.0598484 -0.745988 0.532572 0.0169646 0.717578 0.298779 0.402212 1.03671 -0.179241 -1.29937 0.125643 3.14635 -0.0769581 -1.08858 -0.313687 -0.458424 0.513827 0.270774 0.0879015 0.047196
  -0.000197472 0.000419363 -0.000106473 0.278606 0.286366 0.0598483 -0.745981 0.551975 0.0169646 0.717575 0.300082 0.402212 1.05161 -0.179247 -1.32931 0.125643 3.13323 -0.0769581 -1.0834 -0.313687 -0.458022 0.513827 0.270104 0.0879015 0.0470791
  -0.000200846 0.000426448 -0.000108137 0.278604 0.286367 0.0598482 -0.745975 0.572564 0.0169646 0.717572 0.301581 0.402212 1.0666 -0.179253 -1.36102 0.125643 3.1203 -0.0769581 -1.07786 -0.313687 -0.45689 0.513827 0.269349 0.0879015 0.0469475
  -0.000204235 0.000433563 -0.000109806 0.278601 0.286368 0.0598482 -0.745969 0.594263 0.0169646 0.717569 0.303255 0.402212 1.08156 -0.179259 -1.39421 0.125643 3.1075 -0.0769581 -1.07186 -0.313687 -0.455102 0.513827 0.268516 0.0879015 0.0468024
  -0.00020764 0.000440708 -0.00011148 0.278598 0.286369 0.0598481 -0.745964 0.616986 0.0169646 0.717566 0.305083 0.402212 1.09639 -0.179265 -1.42854 0.125643 3.09479 -0.0769581 -1.06529 -0.313687 -0.452729 0.513827 0.267618 0.0879015 0.0466458
  -0.000211059 0.000447883 -0.000113158 0.278596 0.286371 0.059848 -0.745959 0.640644 0.0169646 0.717564 0.30705 0.402212 1.11097 -0.179271 -1.46371 0.125643 3.08212 -0.0769581 -1.05808 -0.313687 -0.44984 0.513827 0.266669 0.0879015 0.0464804
  -0.000214494 0.000455088 -0.000114841 0.278593 0.286372 0.059848 -0.745954 0.665147 0.0169646 0.717561 0.309144 0.402212 1.12523 -0.179276 -1.49944 0.125643 3.06946 -0.0769581 -1.0502 -0.313687 -0.446495 0.513827 0.265689 0.0879015 0.0463095
  -0.000217943 0.000462322 -0.000116528 0.27859 0.286374 0.059848 -0.74595 0.690411 0.0169646 0.717559 0.311354 0.402212 1.13909 -0.179282 -1.53545 0.125643 3.05678 -0.0769581 -1.04159 -0.313687 -0.442749 0.513827 0.264701 0.0879015 0.0461373
  -0.000221407 0.000469586 -0.000118219 0.278588 0.286375 0.059848 -0.745947 0.716354 0.0169646 0.717557 0.313672 0.402212 1.1525 -0.179287 -1.57149 0.125643 3.04406 -0.0769581 -1.03226 -0.313687 -0.438647 0.513827 0.26373 0.0879015 0.0459681
  -0.000224885 0.000476878 -0.000119914 0.278585 0.286377 0.059848 -0.745943 0.742904 0.0169646 0.717555 0.316086 0.402212 1.1654 -0.179292 -1.60735 0.125643 3.03129 -0.0769581 -1.02221 -0.313687 -0.434226 0.513827 0.262803 0.0879015 0.0458066
  -0.000228377 0.000484199 -0.000121612 0.278582 0.286378 0.059848 -0.74594 0.769989 0.0169646 0.717553 0.318586 0.402212 1.17777 -0.179297 -1.64284 0.125643 3.01845 -0.0769581 -1.01145 -0.313687 -0.429516 0.513827 0.261948 0.0879015 0.0456575
  -0.000231883 0.000491548 -0.000123314 0.27858 0.28638 0.0598481 -0.745938 0.797544 0.0169646 0.717551 0.321159 0.402212 1.18959 -0.179302 -1.67779 0.125643 3.00555 -0.0769581 -1.00002 -0.313687 -0.42454 0.513827 0.261189 0.0879015 0.0455252
  -0.000235402 0.000498924 -0.00012502 0.278577 0.286382 0.0598481 -0.745936 0.8255 0.0169646 0.717549 0.32379 0.402212 1.20083 -0.179306 -1.71205 0.125643 2.9926 -0.0769581 -0.987971 -0.313687 -0.419316 0.513827 0.26055 0.0879015 0.0454139
  -0.000238935 0.000506328 -0.000126729 0.278574 0.286383 0.0598482 -0.745934 0.853784 0.0169646 0.717547 0.326458 0.402212 1.21151 -0.179311 -1.74548 0.125643 2.9796 -0.0769581 -0.975351 -0.313687 -0.413855 0.513827 0.26005 0.0879015 0.0453266
  -0.00024248 0.000513758 -0.000128441 0.278571 0.286385 0.0598483 -0.745933 0.882315 0.0169646 0.717546 0.329144 0.402212 1.2216 -0.179315 -1.77794 0.125643 2.96658 -0.0769581 -0.962219 -0.313687 -0.408168 0.513827 0.259702 0.0879015 0.0452661
  -0.000246038 0.000521214 -0.000130157 0.278569 0.286386 0.0598484 -0.745932 0.910994 0.0169646 0.717544 0.331822 0.402212 1.23113 -0.179319 -1.80931 0.125643 2.95356 -0.0769581 -0.94864 -0.313687 -0.402264 0.513827 0.259516 0.0879015 0.0452337
  -0.000249608 0.000528696 -0.000131876 0.278566 0.286388 0.0598485 -0.745932 0.939709 0.0169646 0.717543 0.334465 0.402212 1.24011 -0.179323 -1.83945 0.125643 2.94055 -0.0769581 -0.934677 -0.313687 -0.396151 0.513827 0.259494 0.0879015 0.0452298
  -0.000253191 0.000536203 -0.000133598 0.278563 0.286389 0.0598487 -0.745932 0.968326 0.0169646 0.717542 0.337045 0.402212 1.24853 -0.179326 -1.86822 0.125643 2.92759 -0.0769581 -0.920398 -0.313687 -0.389838 0.513827 0.259633 0.0879015 0.045254
  -0.000256785 0.000543734 -0.000135323 0.27856 0.28639 0.0598488 -0.745932 0.996693 0.0169646 0.71754 0.339529 0.402212 1.25641 -0.17933 -1.8955 0.125643 2.91471 -0.0769581 -0.905868 -0.313687 -0.383335 0.513827 0.259924 0.0879015 0.0453047
  -0.000260391 0.00055129 -0.000137051 0.278558 0.286392 0.059849 -0.745933 1.02464 0.0169646 0.717539 0.341889 0.402212 1.26377 -0.179333 -1.92115 0.125643 2.90193 -0.0769581 -0.891151 -0.313687 -0.376657 0.513827 0.260353 0.0879015 0.0453795
  -0.000264009 0.00055887 -0.000138783 0.278555 0.286393 0.0598492 -0.745934 1.05198 0.0169646 0.717538 0.344094 0.402212 1.27063 -0.179336 -1.94505 0.125643 2.88929 -0.0769581 -0.876311 -0.313687 -0.369818 0.513827 0.260903 0.0879015 0.0454755
  -0.000267637 0.000566473 -0.000140518 0.278552 0.286394 0.0598493 -0.745936 1.07852 0.0169646 0.717537 0.346117 0.402212 1.27699 -0.179338 -1.96708 0.125643 2.87681 -0.0769581 -0.861408 -0.313687 -0.362836 0.513827 0.261555 0.0879015 0.0455891
  -0.000271277 0.000574099 -0.000142255 0.278549 0.286394 0.0598495 -0.745938 1.10408 0.0169646 0.717536 0.347934 0.402212 1.28288 -0.179341 -1.98716 0.125643 2.86451 -0.0769581 -0.8465 -0.313687 -0.355731 0.513827 0.262288 0.0879015 0.0457169
  -0.000274927 0.000581747 -0.000143996 0.278547 0.286395 0.0598498 -0.74594 1.12847 0.0169646 0.717535 0.349526 0.402212 1.28831 -0.179343 -2.00521 0.125643 2.85241 -0.0769581 -0.831642 -0.313687 -0.348524 0.513827 0.263081 0.0879015 0.0458551
  -0.000278588 0.000589417 -0.00014574 0.278544 0.286395 0.05985 -0.745942 1.15153 0.0169646 0.717534 0.350877 0.402212 1.29331 -0.179345 -2.02121 0.125643 2.84055 -0.0769581 -0.816886 -0.313687 -0.341237 0.513827 0.263915 0.0879015 0.0460004
  -0.000282258 0.000597109 -0.000147488 0.278541 0.286395 0.0598502 -0.745945 1.17311 0.0169646 0.717533 0.351978 0.402212 1.29789 -0.179347 -2.03515 0.125643 2.82892 -0.0769581 -0.802279 -0.313687 -0.333893 0.513827 0.264771 0.0879015 0.0461497
  -0.000285939 0.00060482 -0.000149238 0.278538 0.286395 0.0598504 -0.745948 1.19309 0.0169646 0.717532 0.352822 0.402212 1.30208 -0.179349 -2.04706 0.125643 2.81754 -0.0769581 -0.787864 -0.313687 -0.326516 0.513827 0.265635 0.0879015 0.0463002
  -0.000289629 0.000612552 -0.000150992 0.278535 0.286395 0.0598507 -0.745951 1.2114 0.0169646 0.717532 0.353409 0.402212 1.30589 -0.17935 -2.05699 0.125643 2.80642 -0.0769581 -0.773682 -0.313687 -0.319126 0.513827 0.266494 0.0879015 0.0464499
  -0.000293329 0.000620303 -0.000152749 0.278532 0.286395 0.0598509 -0.745955 1.22798 0.0169646 0.717531 0.353743 0.402212 1.30936 -0.179352 -2.06503 0.125643 2.79557 -0.0769581 -0.759766 -0.313687 -0.311744 0.513827 0.267337 0.0879015 0.0465968
  -0.000297037 0.000628072 -0.000154509 0.27853 0.286394 0.0598512 -0.745959 1.2428 0.0169646 0.71753 0.353829 0.402212 1.31251 -0.179353 -2.07129 0.125643 2.78497 -0.0769581 -0.746145 -0.313687 -0.30439 0.513827 0.268157 0.0879015 0.0467398
  -0.000300754 0.000635859 -0.000156273 0.278527 0.286393 0.0598514 -0.745963 1.25588 0.0169646 0.717529 0.353678 0.402212 1.31536 -0.179354 -2.07589 0.125643 2.77462 -0.0769581 -0.732844 -0.313687 -0.29708 0.513827 0.26895 0.0879015 0.0468779
  -0.000304479 0.000643662 -0.000158039 0.278524 0.286392 0.0598517 -0.745967 1.26725 0.0169646 0.717529 0.353301 0.402212 1.31794 -0.179355 -2.07898 0.125643 2.76452 -0.0769581 -0.719881 -0.313687 -0.28983 0.513827 0.269711 0.0879015 0.0470107
  -0.000308212 0.000651482 -0.000159809 0.278521 0.286391 0.059852 -0.745971 1.27699 0.0169646 0.717528 0.352714 0.402212 1.32026 -0.179355 -2.0807 0.125643 2.75466 -0.0769581 -0.707271 -0.313687 -0.282653 0.513827 0.270442 0.0879015 0.047138
  -0.000311952 0.000659317 -0.000161581 0.278518 0.28639 0.0598522 -0.745976 1.28517 0.0169646 0.717527 0.351932 0.402212 1.32236 -0.179356 -2.08121 0.125643 2.74502 -0.0769581 -0.695022 -0.313687 -0.27556 0.513827 0.271142 0.0879015 0.04726
  -0.0003157 0.000667166 -0.000163357 0.278515 0.286388 0.0598525 -0.745981 1.29192 0.0169646 0.717527 0.350973 0.402212 1.32424 -0.179356 -2.08066 0.125643 2.73558 -0.0769581 -0.683136 -0.313687 -0.26856 0.513827 0.271814 0.0879015 0.0473772
  -0.000319453 0.000675028 -0.000165135 0.278513 0.286386 0.0598528 -0.745986 1.29736 0.0169646 0.717526 0.349856 0.402212 1.32595 -0.179356 -2.0792 0.125643 2.72633 -0.0769581 -0.671613 -0.313687 -0.261662 0.513827 0.272465 0.0879015 0.0474906
  -0.000323213 0.000682903 -0.000166916 0.27851 0.286384 0.0598531 -0.745991 1.30162 0.0169646 0.717525 0.3486 0.402212 1.32749 -0.179356 -2.07698 0.125643 2.71723 -0.0769581 -0.660444 -0.313687 -0.254871 0.513827 0.2731 0.0879015 0.0476014
  -0.000326979 0.00069079 -0.0001687 0.278507 0.286382 0.0598534 -0.745996 1.30486 0.0169646 0.717525 0.347227 0.402212 1.32889 -0.179356 -2.07412 0.125643 2.70828 -0.0769581 -0.649619 -0.313687 -0.248193 0.513827 0.273731 0.0879015 0.0477114
  -0.00033075 0.000698687 -0.000170485 0.278504 0.286379 0.0598536 -0.746002 1.30723 0.0169646 0.717524 0.345757 0.402212 1.33017 -0.179356 -2.07076 0.125643 2.69944 -0.0769581 -0.639119 -0.313687 -0.241632 0.513827 0.274372 0.0879015 0.0478231
  -0.000334526 0.000706595 -0.000172274 0.278501 0.286377 0.0598539 -0.746007 1.30886 0.0169646 0.717524 0.344209 0.402212 1.33134 -0.179356 -2.067 0.125643 2.69069 -0.0769581 -0.628924 -0.313687 -0.23519 0.513827 0.27504 0.0879015 0.0479395
  -0.000338306 0.000714511 -0.000174064 0.278498 0.286374 0.0598542 -0.746013 1.3099 0.0169646 0.717523 0.342604 0.402212 1.33242 -0.179355 -2.06294 0.125643 2.68199 -0.0769581 -0.619009 -0.313687 -0.228871 0.513827 0.275759 0.0879015 0.0480649
  -0.000342091 0.000722436 -0.000175856 0.278495 0.286371 0.0598545 -0.746018 1.3105 0.0169646 0.717522 0.34096 0.402212 1.33344 -0.179355 -2.05867 0.125643 2.67332 -0.0769581 -0.609344 -0.313687 -0.222675 0.513827 0.276558 0.0879015 0.0482041
  -0.000345879 0.000730369 -0.000177649 0.278492 0.286368 0.0598548 -0.746024 1.31076 0.0169646 0.717522 0.339298 0.402212 1.3344 -0.179354 -2.05427 0.125643 2.66465 -0.0769581 -0.599899 -0.313687 -0.216603 0.513827 0.277473 0.0879015 0.0483635
  -0.000349671 0.000738308 -0.000179444 0.27849 0.286365 0.0598551 -0.74603 1.31081 0.0169646 0.717521 0.337633 0.402212 1.33533 -0.179353 -2.0498 0.125643 2.65595 -0.0769581 -0.59064 -0.313687 -0.210652 0.513827 0.278545 0.0879015 0.0485504
  -0.000353466 0.000746254 -0.00018124 0.278487 0.286361 0.0598553 -0.746036 1.31076 0.0169646 0.717521 0.335985 0.402212 1.33624 -0.179352 -2.04532 0.125643 2.6472 -0.0769581 -0.581534 -0.313687 -0.204819 0.513827 0.279824 0.0879015 0.0487733
  -0.000357263 0.000754204 -0.000183038 0.278484 0.286358 0.0598556 -0.746042 1.3107 0.0169646 0.71752 0.33437 0.402212 1.33716 -0.179351 -2.04089 0.125643 2.63837 -0.0769581 -0.572548 -0.313687 -0.199099 0.513827 0.281364 0.0879015 0.0490417
  -0.000361063 0.000762159 -0.000184836 0.278481 0.286354 0.0598559 -0.746048 1.31072 0.0169646 0.717519 0.332805 0.402212 1.3381 -0.179351 -2.03656 0.125643 2.62944 -0.0769581 -0.563648 -0.313687 -0.193486 0.513827 0.283222 0.0879015 0.0493656
  -0.000364864 0.000770118 -0.000186635 0.278478 0.28635 0.0598562 -0.746054 1.31092 0.0169646 0.717519 0.331304 0.402212 1.33909 -0.17935 -2.0324 0.125643 2.6204 -0.0769581 -0.554803 -0.313687 -0.187967 0.513827 0.285455 0.0879015 0.0497548
  -0.000368667 0.00077808 -0.000188435 0.278475 0.286347 0.0598565 -0.74606 1.3114 0.0169646 0.717518 0.32987 0.402212 1.34014 -0.179348 -2.0285 0.125643 2.61123 -0.0769581 -0.545978 -0.313687 -0.182532 0.513827 0.28811 0.0879015 0.0502175
  -0.000372471 0.000786044 -0.000190234 0.278472 0.286343 0.0598568 -0.746066 1.31227 0.0169646 0.717518 0.328493 0.402212 1.3412 -0.179347 -2.02493 0.125643 2.60194 -0.0769581 -0.537138 -0.313687 -0.177165 0.513827 0.291217 0.0879015 0.0507592
  -0.000376276 0.000794009 -0.000192035 0.278469 0.286339 0.059857 -0.746073 1.31361 0.0169646 0.717517 0.327143 0.402212 1.34224 -0.179346 -2.02177 0.125643 2.59254 -0.0769581 -0.528248 -0.313687 -0.17185 0.513827 0.294775 0.0879015 0.0513792
  -0.000380081 0.000801975 -0.000193835 0.278466 0.286335 0.0598573 -0.746079 1.31546 0.0169646 0.717517 0.325773 0.402212 1.34317 -0.179345 -2.01903 0.125643 2.58306 -0.0769581 -0.519282 -0.313687 -0.166569 0.513827 0.298725 0.0879015 0.0520678
  -0.000383886 0.000809941 -0.000195635 0.278464 0.286331 0.0598576 -0.746085 1.31771 0.0169646 0.717516 0.32435 0.402212 1.34395 -0.179344 -2.0166 0.125643 2.57354 -0.0769581 -0.510241 -0.313687 -0.161304 0.513827 0.302932 0.0879015 0.052801  