  -9.74525e-07 2.0637e-06 -7.47703e-07 -8.48013e-07 1.28736e-05 -2.48536e-07 -6.52208e-06 0.0594263 0 8.0797e-06 0.0420303 0 -0.00126031 1.23205e-05 -0.0568796 0 -0.0253785 0 -0.00944794 0 -0.0143042 0 -0.00160731 0 -0.000280155
  -1.22346e-06 2.59272e-06 -9.23817e-07 -1.05914e-06 1.58227e-05 -3.03742e-07 -8.44001e-06 0.0622781 0 9.90691e-06 0.0487373 0 -0.00424382 1.51847e-05 -0.0620004 0 -0.0234245 0 -0.0042946 0 -0.0167737 0 -0.00200005 0 -0.000348608
  -1.72292e-06 3.65536e-06 -1.2699e-06 -1.48113e-06 2.15415e-05 -4.09543e-07 -1.24666e-05 0.0632722 0 1.3433e-05 0.0607072 0 -0.0107346 2.07694e-05 -0.067823 0 -0.0154941 0 0.00878334 0 -0.0209923 0 -0.002747 0 -0.000478802
  -2.22439e-06 4.72438e-06 -1.60477e-06 -1.90249e-06 2.69015e-05 -5.06131e-07 -1.68732e-05 0.0567154 0 1.67024e-05 0.0703826 0 -0.0175812 2.60665e-05 -0.0661677 0 -0.000700148 0 0.0260104 0 -0.0237966 0 -0.00338647 0 -0.000590262
  -2.72585e-06 5.79494e-06 -1.93048e-06 -2.32281e-06 3.19032e-05 -5.93536e-07 -2.16559e-05 0.045628 0 1.97155e-05 0.0786648 0 -0.0237158 3.10767e-05 -0.0595626 0 0.0188033 0 0.0450463 0 -0.0252491 0 -0.00386561 0 -0.000673776
  -3.22596e-06 6.8636e-06 -2.24888e-06 -2.74141e-06 3.65473e-05 -6.71807e-07 -2.68089e-05 0.0317874 0 2.2473e-05 0.085945 0 -0.0286293 3.58006e-05 -0.0500699 0 0.0413302 0 0.0643667 0 -0.0254308 0 -0.00415507 0 -0.000724228
  -3.72392e-06 7.92814e-06 -2.5614e-06 -3.15748e-06 4.08348e-05 -7.41006e-07 -3.23242e-05 0.0161404 0 2.49757e-05 0.0922559 0 -0.0321999 4.02392e-05 -0.0392038 0 0.0656932 0 0.0830659 0 -0.0244369 0 -0.00425849 0 -0.000742255
  -4.21924e-06 8.98717e-06 -2.86905e-06 -3.57028e-06 4.47668e-05 -8.01221e-07 -3.8191e-05 -0.000812086 0 2.72246e-05 0.0974369 0 -0.0345132 4.4394e-05 -0.0279778 0 0.0911294 0 0.100631 0 -0.0223707 0 -0.00421294 0 -0.000734315
  -4.71165e-06 1.00399e-05 -3.17246e-06 -3.97923e-06 4.83451e-05 -8.5256e-07 -4.43962e-05 -0.0187578 0 2.92211e-05 0.101263 0 -0.0357293 4.82667e-05 -0.0170098 0 0.11719 0 0.116767 0 -0.0193377 0 -0.0040826 0 -0.000711598
  -5.20093e-06 1.10857e-05 -3.47201e-06 -4.3839e-06 5.15717e-05 -8.95159e-07 -5.09237e-05 -0.0374373 0 3.09671e-05 0.103524 0 -0.0360052 5.18592e-05 -0.00663438 0 0.143632 0 0.131288 0 -0.0154403 0 -0.0039493 0 -0.000688363
  -5.68693e-06 1.21243e-05 -3.76785e-06 -4.78404e-06 5.4449e-05 -9.29179e-07 -5.77545e-05 -0.0565905 0 3.24645e-05 0.10407 0 -0.0354599 5.5174e-05 0.00300041 0 0.170331 0 0.14406 0 -0.010774 0 -0.00390234 0 -0.000680177
  -6.16951e-06 1.31556e-05 -4.06005e-06 -5.1795e-06 5.69799e-05 -9.5481e-07 -6.48666e-05 -0.075949 0 3.37159e-05 0.102824 0 -0.0341669 5.8214e-05 0.011862 0 0.197219 0 0.154979 0 -0.00542576 0 -0.00402957 0 -0.000702354
  -6.64855e-06 1.41792e-05 -4.34861e-06 -5.57026e-06 5.9168e-05 -9.72271e-07 -7.22352e-05 -0.0952461 0 3.47241e-05 0.0997797 0 -0.0321604 6.09824e-05 0.0199861 0 0.22425 0 0.163965 0 0.000527593 0 -0.00441022 0 -0.000768702
  -7.12394e-06 1.5195e-05 -4.63347e-06 -5.95634e-06 6.10171e-05 -9.8181e-07 -7.98325e-05 -0.114232 0 3.54923e-05 0.095002 0 -0.029446 6.34829e-05 0.0274491 0 0.251372 0 0.170961 0 0.0070185 0 -0.00510946 0 -0.00089058
  -7.59559e-06 1.6203e-05 -4.91458e-06 -6.33782e-06 6.25316e-05 -9.83709e-07 -8.7628e-05 -0.132689 0 3.60243e-05 0.0886099 0 -0.026013 6.57194e-05 0.0343522 0 0.278521 0 0.175949 0 0.0139877 0 -0.00617451 0 -0.00107622
  -8.06342e-06 1.7203e-05 -5.19185e-06 -6.71481e-06 6.37167e-05 -9.78276e-07 -9.55884e-05 -0.150436 0 3.63242e-05 0.0807686 0 -0.021845 6.76964e-05 0.0408144 0 0.305617 0 0.178945 0 0.0213827 0 -0.00763182 0 -0.00133023
  -8.5274e-06 1.81951e-05 -5.46521e-06 -7.08747e-06 6.45779e-05 -9.65853e-07 -0.000103678 -0.167338 0 3.63966e-05 0.0716769 0 -0.0169286 6.94188e-05 0.0469685 0 0.332565 0 0.180006 0 0.0291553 0 -0.00948517 0 -0.00165327
  -8.98749e-06 1.91791e-05 -5.73456e-06 -7.45593e-06 6.51214e-05 -9.4681e-07 -0.000111859 -0.183305 0 3.62464e-05 0.0615569 0 -0.0112609 7.08915e-05 0.0529598 0 0.359256 0 0.179233 0 0.0372603 0 -0.0117146 0 -0.00204186
  -9.44369e-06 2.01552e-05 -5.99979e-06 -7.82036e-06 6.5354e-05 -9.21548e-07 -0.000120091 -0.198286 0 3.58792e-05 0.0506442 0 -0.0048542 7.21202e-05 0.0589454 0 0.38557 0 0.176769 0 0.0456527 0 -0.0142763 0 -0.00248835
  -9.89601e-06 2.11234e-05 -6.26078e-06 -8.18092e-06 6.5283e-05 -8.90496e-07 -0.000128333 -0.212264 0 3.53007e-05 0.0391799 0 0.00226099 7.31105e-05 0.0650934 0 0.411381 0 0.172789 0 0.0542861 0 -0.017103 0 -0.00298105
  -1.03445e-05 2.20838e-05 -6.5174e-06 -8.53778e-06 6.49165e-05 -8.5411e-07 -0.00013654 -0.225246 0 3.45175e-05 0.0274052 0 0.0100341 7.38687e-05 0.0715821 0 0.436556 0 0.167505 0 0.0631101 0 -0.0201066 0 -0.00350458
  -1.07892e-05 2.30365e-05 -6.76949e-06 -8.8911e-06 6.4263e-05 -8.12872e-07 -0.000144669 -0.237248 0 3.35361e-05 0.0155564 0 0.0183942 7.44009e-05 0.078597 0 0.46096 0 0.161149 0 0.0720689 0 -0.023181 0 -0.00404045
  -1.12301e-05 2.39817e-05 -7.01689e-06 -9.24102e-06 6.33318e-05 -7.67287e-07 -0.000152675 -0.248292 0 3.23638e-05 0.00386207 0 0.0272507 7.47138e-05 0.0863251 0 0.48445 0 0.153972 0 0.0810986 0 -0.0262072 0 -0.00456792
  -1.16673e-05 2.49196e-05 -7.25945e-06 -9.58769e-06 6.21327e-05 -7.17886e-07 -0.000160511 -0.258394 0 3.10083e-05 -0.00745983 0 0.0364935 7.48141e-05 0.0949455 0 0.50688 0 0.146231 0 0.0901258 0 -0.0290593 0 -0.00506504
  -1.21008e-05 2.58503e-05 -7.49701e-06 -9.93123e-06 6.0676e-05 -6.65214e-07 -0.000168131 -0.26756 0 2.94774e-05 -0.0182049 0 0.0459955 7.47088e-05 0.104617 0 0.52809 0 0.138184 0 0.0990662 0 -0.0316118 0 -0.00550993
  -1.25307e-05 2.67739e-05 -7.72942e-06 -1.02717e-05 5.89727e-05 -6.09836e-07 -0.00017549 -0.275788 0 2.77796e-05 -0.0281853 0 0.0556138 7.44049e-05 0.11546 0 0.54791 0 0.130083 0 0.107824 0 -0.0337469 0 -0.00588208
  -1.29569e-05 2.76904e-05 -7.95658e-06 -1.06093e-05 5.70344e-05 -5.52334e-07 -0.000182542 -0.283071 0 2.59237e-05 -0.0372337 0 0.0651927 7.39096e-05 0.127545 0 0.566152 0 0.122163 0 0.116293 0 -0.0353625 0 -0.00616368
  -1.33795e-05 2.85998e-05 -8.17841e-06 -1.09438e-05 5.48732e-05 -4.93297e-07 -0.000189243 -0.289398 0 2.39186e-05 -0.0452073 0 0.0745675 7.32302e-05 0.140877 0 0.582614 0 0.11464 0 0.124355 0 -0.0363782 0 -0.00634071
  -1.37985e-05 2.95021e-05 -8.39488e-06 -1.12755e-05 5.25016e-05 -4.33326e-07 -0.000195551 -0.294759 0 2.17738e-05 -0.0519923 0 0.083568 7.23739e-05 0.155385 0 0.597083 0 0.107704 0 0.131887 0 -0.0367401 0 -0.0064038
  -1.42138e-05 3.03972e-05 -8.60602e-06 -1.16041e-05 4.99328e-05 -3.73026e-07 -0.000201423 -0.299146 0 1.9499e-05 -0.0575079 0 0.0920225 7.13482e-05 0.170927 0 0.609342 0 0.101516 0 0.138763 0 -0.0364237 0 -0.00634865
  -1.46254e-05 3.12848e-05 -8.81188e-06 -1.19296e-05 4.71803e-05 -3.13003e-07 -0.000206821 -0.302554 0 1.71042e-05 -0.0617113 0 0.0997615 7.01602e-05 0.18729 0 0.61918 0 0.0962029 0 0.144857 0 -0.0354333 0 -0.00617602
  -1.50332e-05 3.21647e-05 -9.01255e-06 -1.2252e-05 4.42582e-05 -2.53863e-07 -0.000211707 -0.304978 0 1.45995e-05 -0.0646006 0 0.106621 6.88174e-05 0.204207 0 0.626403 0 0.0918617 0 0.150052 0 -0.0338001 0 -0.00589135
  -1.54372e-05 3.30366e-05 -9.20816e-06 -1.25711e-05 4.11809e-05 -1.96204e-07 -0.000216046 -0.306414 0 1.19953e-05 -0.0662174 0 0.112445 6.73269e-05 0.221371 0 0.630845 0 0.0885572 0 0.154239 0 -0.0315779 0 -0.00550403
  -1.58373e-05 3.39002e-05 -9.39883e-06 -1.28866e-05 3.79632e-05 -1.40618e-07 -0.000219808 -0.306854 0 9.30231e-06 -0.0666464 0 0.117091 6.56959e-05 0.238455 0 0.632375 0 0.0863259 0 0.15733 0 -0.028838 0 -0.00502646
  -1.62335e-05 3.47551e-05 -9.5847e-06 -1.31986e-05 3.46201e-05 -8.76823e-08 -0.000222964 -0.306287 0 6.53117e-06 -0.0660121 0 0.120429 6.39314e-05 0.255131 0 0.630904 0 0.0851793 0 0.159254 0 -0.025663 0 -0.00447306
  -1.66257e-05 3.56011e-05 -9.76592e-06 -1.35067e-05 3.11672e-05 -3.79573e-08 -0.000225489 -0.304706 0 3.69274e-06 -0.0644722 0 0.122351 6.20405e-05 0.271082 0 0.626388 0 0.0851068 0 0.15996 0 -0.0221422 0 -0.00385939
  -1.70138e-05 3.64378e-05 -9.94261e-06 -1.38109e-05 2.762e-05 8.01683e-09 -0.000227361 -0.302099 0 7.97965e-07 -0.062209 0 0.122772 6.003e-05 0.286016 0 0.618821 0 0.0860778 0 0.159424 0 -0.0183673 0 -0.00320143
  -1.73977e-05 3.72649e-05 -1.01149e-05 -1.4111e-05 2.39944e-05 4.97243e-08 -0.000228562 -0.298465 0 -2.1422e-06 -0.0594179 0 0.121633 5.79066e-05 0.299671 0 0.60824 0 0.0880441 0 0.15764 0 -0.0144297 0 -0.00251509
  -1.77775e-05 3.80823e-05 -1.0283e-05 -1.44069e-05 2.03063e-05 8.66777e-08 -0.00022908 -0.293804 0 -5.11677e-06 -0.056296 0 0.118905 5.56769e-05 0.311819 0 0.594713 0 0.0909401 0 0.154624 0 -0.0104189 0 -0.00181602
  -1.8153e-05 3.88896e-05 -1.0447e-05 -1.46983e-05 1.65719e-05 1.18421e-07 -0.000228904 -0.288132 0 -8.11479e-06 -0.0530309 0 0.11459 5.33474e-05 0.322261 0 0.578338 0 0.0946823 0 0.150411 0 -0.00642281 0 -0.0011195
  -1.85243e-05 3.96866e-05 -1.0607e-05 -1.49854e-05 1.28072e-05 1.44534e-07 -0.000228029 -0.281473 0 -1.11254e-05 -0.0497909 0 0.108723 5.09243e-05 0.33083 0 0.559242 0 0.0991689 0 0.145049 0 -0.00252746 0 -0.000440536
  -1.88912e-05 4.04731e-05 -1.07633e-05 -1.52679e-05 9.02833e-06 1.64635e-07 -0.000226454 -0.273868 0 -1.41378e-05 -0.0467173 0 0.101368 4.84139e-05 0.33738 0 0.537572 0 0.104279 0 0.138601 0 0.00118246 0 0.000206102
  -1.92539e-05 4.12488e-05 -1.09161e-05 -1.55458e-05 5.25126e-06 1.78384e-07 -0.000224181 -0.265376 0 -1.71413e-05 -0.0439183 0 0.0926185 4.58222e-05 0.341783 0 0.513501 0 0.109871 0 0.131135 0 0.00462376 0 0.000805922
  -1.96121e-05 4.20136e-05 -1.10655e-05 -1.58192e-05 1.49187e-06 1.85485e-07 -0.000221217 -0.256069 0 -2.01254e-05 -0.0414659 0 0.0825947 4.31551e-05 0.343929 0 0.487219 0 0.115785 0 0.12273 0 0.00771566 0 0.00134484
  -1.9966e-05 4.27671e-05 -1.12117e-05 -1.6088e-05 -2.23417e-06 1.85692e-07 -0.000217573 -0.246037 0 -2.308e-05 -0.0393945 0 0.0714394 4.04185e-05 0.343721 0 0.458939 0 0.121842 0 0.113465 0 0.0103812 0 0.00180945
  -2.03154e-05 4.35091e-05 -1.13551e-05 -1.63522e-05 -5.91144e-06 1.78807e-07 -0.000213266 -0.235376 0 -2.59949e-05 -0.0377026 0 0.0593126 3.7618e-05 0.341086 0 0.428893 0 0.127851 0 0.103422 0 0.0125498 0 0.00218743
  -2.06604e-05 4.42393e-05 -1.14959e-05 -1.6612e-05 -9.52484e-06 1.64683e-07 -0.000208313 -0.224184 0 -2.88605e-05 -0.0363557 0 0.0463861 3.47592e-05 0.335976 0 0.397329 0 0.133612 0 0.0926834 0 0.0141596 0 0.00246801
  -2.1001e-05 4.49576e-05 -1.16342e-05 -1.68674e-05 -1.30597e-05 1.43231e-07 -0.000202738 -0.212546 0 -3.16674e-05 -0.0352918 0 0.0328364 3.18478e-05 0.32838 0 0.364507 0 0.13892 0 0.0813297 0 0.015161 0 0.00264257
  -2.13371e-05 4.56637e-05 -1.17703e-05 -1.71185e-05 -1.65016e-05 1.14413e-07 -0.000196567 -0.200535 0 -3.44063e-05 -0.0344277 0 0.0188397 2.8889e-05 0.318328 0 0.330696 0 0.143577 0 0.069439 0 0.0155202 0 0.00270518
  -2.16687e-05 4.63577e-05 -1.19044e-05 -1.73656e-05 -1.98369e-05 7.825e-08 -0.00018983 -0.188196 0 -3.70688e-05 -0.0336669 0 0.00456612 2.58884e-05 0.305902 0 0.296168 0 0.147399 0 0.0570875 0 0.0152227 0 0.00265332
  -2.19959e-05 4.70393e-05 -1.20366e-05 -1.76088e-05 -2.30523e-05 3.48202e-08 -0.000182561 -0.175557 0 -3.96465e-05 -0.0329086 0 -0.00982215 2.28513e-05 0.291231 0 0.261194 0 0.15022 0 0.0443493 0 0.0142769 0 0.00248847
  -2.23186e-05 4.77089e-05 -1.21671e-05 -1.78482e-05 -2.61351e-05 -1.57414e-08 -0.000174795 -0.162627 0 -4.21315e-05 -0.0320563 0 -0.0241722 1.9783e-05 0.274497 0 0.226039 0 0.151905 0 0.031298 0 0.0127178 0 0.00221671
  -2.26368e-05 4.83664e-05 -1.22958e-05 -1.8084e-05 -2.90735e-05 -7.3242e-08 -0.000166571 -0.149411 0 -4.45165e-05 -0.0310258 0 -0.0383391 1.66889e-05 0.255922 0 0.190959 0 0.152358 0 0.0180076 0 0.0106091 0 0.00184917
  -2.29508e-05 4.90123e-05 -1.2423e-05 -1.83164e-05 -3.18562e-05 -1.37432e-07 -0.000157931 -0.135922 0 -4.67947e-05 -0.0297524 0 -0.0521834 1.35743e-05 0.235769 0 0.1562 0 0.15152 0 0.00455473 0 0.00804509 0 0.00140226
  -2.32604e-05 4.9647e-05 -1.25487e-05 -1.85456e-05 -3.44727e-05 -2.08005e-07 -0.000148917 -0.122187 0 -4.89596e-05 -0.0281956 0 -0.0655684 1.04446e-05 0.214331 0 0.121994 0 0.149382 0 -0.00897973 0 0.00514926 0 0.000897516
  -2.35659e-05 5.02708e-05 -1.26729e-05 -1.87716e-05 -3.69134e-05 -2.84602e-07 -0.000139575 -0.108264 0 -5.10054e-05 -0.0263411 0 -0.0783574 7.3052e-06 0.191922 0 0.0885644 0 0.145978 0 -0.0225094 0 0.00207171 0 0.000361098
  -2.38674e-05 5.08845e-05 -1.27957e-05 -1.89947e-05 -3.91694e-05 -3.66809e-07 -0.000129951 -0.0942411 0 -5.29269e-05 -0.0242012 0 -0.0904116 4.16147e-06 0.168869 0 0.0561208 0 0.141385 0 -0.0359413 0 -0.00101679 0 -0.000177226
  -2.4165e-05 5.14888e-05 -1.29172e-05 -1.92149e-05 -4.1233e-05 -4.54163e-07 -0.000120093 -0.0802425 0 -5.47194e-05 -0.0218113 0 -0.10159 1.01892e-06 0.145503 0 0.0248626 0 0.135716 0 -0.0491764 0 -0.003933 0 -0.000685521
  -2.4459e-05 5.20842e-05 -1.30374e-05 -1.94324e-05 -4.30972e-05 -5.46152e-07 -0.000110049 -0.0664219 0 -5.63787e-05 -0.0192262 0 -0.11175 -2.11689e-06 0.122148 0 -0.00502181 0 0.129111 0 -0.0621103 0 -0.00649171 0 -0.00113151
  -2.47495e-05 5.26716e-05 -1.31563e-05 -1.96472e-05 -4.47559e-05 -6.42219e-07 -9.98678e-05 -0.052959 0 -5.79013e-05 -0.0165145 0 -0.120751 -5.24037e-06 0.0991133 0 -0.033355 0 0.121726 0 -0.0746354 0 -0.0085177 0 -0.00148464
  -2.50367e-05 5.32517e-05 -1.32741e-05 -1.98595e-05 -4.62043e-05 -7.41769e-07 -8.95988e-05 -0.0400502 0 -5.92844e-05 -0.0137531 0 -0.128456 -8.34584e-06 0.0766839 0 -0.0599721 0 0.113726 0 -0.0866443 0 -0.00985821 0 -0.00171829
  -2.53209e-05 5.38251e-05 -1.33908e-05 -2.00693e-05 -4.74385e-05 -8.44164e-07 -7.92907e-05 -0.0278965 0 -6.05256e-05 -0.0110218 0 -0.134741 -1.14276e-05 0.0551162 0 -0.0847234 0 0.105271 0 -0.0980331 0 -0.0103948 0 -0.00181182
  -2.56022e-05 5.43925e-05 -1.35064e-05 -2.02766e-05 -4.84554e-05 -9.48737e-07 -6.89917e-05 -0.0166895 0 -6.16231e-05 -0.00839852 0 -0.1395 -1.44798e-05 0.0346355 0 -0.107478 0 0.0965157 0 -0.108706 0 -0.0100538 0 -0.00175238
  -2.58808e-05 5.49545e-05 -1.36211e-05 -2.04816e-05 -4.92534e-05 -1.05479e-06 -5.87494e-05 -0.00659583 0 -6.2576e-05 -0.00595643 0 -0.142652 -1.74965e-05 0.0154371 0 -0.128131 0 0.0876022 0 -0.11858 0 -0.00881326 0 -0.00153615
  -2.61568e-05 5.55115e-05 -1.37348e-05 -2.06841e-05 -4.98316e-05 -1.1616e-06 -4.861e-05 0.00225724 0 -6.33838e-05 -0.00376128 0 -0.14415 -2.0472e-05 -0.00230845 0 -0.146607 0 0.0786624 0 -0.127585 0 -0.00670679 0 -0.00116899
  -2.64303e-05 5.60641e-05 -1.38475e-05 -2.08842e-05 -5.01904e-05 -1.26843e-06 -3.86185e-05 0.00979236 0 -6.40465e-05 -0.00187076 0 -0.143983 -2.34002e-05 -0.0184492 0 -0.162864 0 0.0698226 0 -0.135674 0 -0.0038228 0 -0.000666313
  -2.67014e-05 5.66125e-05 -1.39592e-05 -2.1082e-05 -5.03311e-05 -1.37453e-06 -2.88181e-05 0.0159874 0 -6.45649e-05 -0.000334682 0 -0.142182 -2.62752e-05 -0.0328446 0 -0.176906 0 0.0612101 0 -0.142814 0 -0.000299248 0 -5.21589e-05
  -2.69702e-05 5.71573e-05 -1.40699e-05 -2.12775e-05 -5.02563e-05 -1.47912e-06 -1.92503e-05 0.0208748 0 -6.49403e-05 0.000804413 0 -0.138817 -2.9091e-05 -0.0453598 0 -0.188773 0 0.0529608 0 -0.148997 0 0.00368545 0 0.000642375
  -2.72368e-05 5.76988e-05 -1.41794e-05 -2.14705e-05 -4.99694e-05 -1.58145e-06 -9.9541e-06 0.0245358 0 -6.51744e-05 0.00151101 0 -0.133996 -3.18416e-05 -0.0558626 0 -0.198552 0 0.0452258 0 -0.154229 0 0.00792483 0 0.0013813
  -2.75011e-05 5.82374e-05 -1.42875e-05 -2.16611e-05 -4.9475e-05 -1.68075e-06 -9.66446e-07 0.0270917 0 -6.52698e-05 0.00175727 0 -0.127853 -3.45211e-05 -0.0642252 0 -0.206369 0 0.0381733 0 -0.158532 0 0.0121987 0 0.00212623
  -2.77632e-05 5.87735e-05 -1.43941e-05 -2.18493e-05 -4.87787e-05 -1.77627e-06 7.67843e-06 0.0286939 0 -6.52293e-05 0.00152493 0 -0.120547 -3.71235e-05 -0.0703302 0 -0.212382 0 0.0319854 0 -0.161939 0 0.0162881 0 0.00283902
  -2.80231e-05 5.93072e-05 -1.44991e-05 -2.2035e-05 -4.78869e-05 -1.86726e-06 1.5949e-05 0.0295141 0 -6.50564e-05 0.000808218 0 -0.112249 -3.9643e-05 -0.0740831 0 -0.216773 0 0.0268486 0 -0.164491 0 0.0199902 0 0.00348429
  -2.82808e-05 5.9839e-05 -1.46022e-05 -2.22182e-05 -4.68072e-05 -1.95301e-06 2.38164e-05 0.0297353 0 -6.4755e-05 -0.000382728 0 -0.103132 -4.20739e-05 -0.0754306 0 -0.219739 0 0.0229392 0 -0.166227 0 0.0231306 0 0.00403166
  -2.85363e-05 6.03687e-05 -1.47032e-05 -2.23989e-05 -4.55479e-05 -2.03281e-06 3.12551e-05 0.029544 0 -6.43293e-05 -0.00201864 0 -0.0933613 -4.44106e-05 -0.0743824 0 -0.221476 0 0.0204045 0 -0.167184 0 0.0255739 0 0.00445752
  -2.87894e-05 6.08964e-05 -1.4802e-05 -2.2577e-05 -4.41183e-05 -2.10601e-06 3.82422e-05 0.0291227 0 -6.37842e-05 -0.00404876 0 -0.0830886 -4.66475e-05 -0.0710352 0 -0.222172 0 0.0193436 0 -0.167394 0 0.0272306 0 0.00474629
  -2.90401e-05 6.14215e-05 -1.48985e-05 -2.27525e-05 -4.25284e-05 -2.17196e-06 4.47582e-05 0.0286448 0 -6.31248e-05 -0.00639987 0 -0.0724421 -4.87796e-05 -0.0655949 0 -0.221992 0 0.0197886 0 -0.166876 0 0.0280605 0 0.00489094
  -2.92881e-05 6.19433e-05 -1.49927e-05 -2.29255e-05 -4.0789e-05 -2.23009e-06 5.07867e-05 0.0282713 0 -6.23567e-05 -0.00897678 0 -0.061523 -5.08016e-05 -0.0583921 0 -0.221075 0 0.0216921 0 -0.165637 0 0.0280721 0 0.00489296
  -2.95333e-05 6.2461e-05 -1.50844e-05 -2.30958e-05 -3.89115e-05 -2.27985e-06 5.63143e-05 0.0281499 0 -6.14856e-05 -0.0116649 0 -0.0504039 -5.27087e-05 -0.0498884 0 -0.219529 0 0.0249192 0 -0.163674 0 0.0273191 0 0.00476171
  -2.97753e-05 6.2973e-05 -1.51739e-05 -2.32636e-05 -3.69082e-05 -2.32073e-06 6.13311e-05 0.0284158 0 -6.05177e-05 -0.0143343 0 -0.03913 -5.44965e-05 -0.0406704 0 -0.217431 0 0.0292491 0 -0.160972 0 0.0258935 0 0.00451323
  -3.00137e-05 6.34779e-05 -1.52612e-05 -2.34287e-05 -3.47917e-05 -2.3523e-06 6.58299e-05 0.0291944 0 -5.94593e-05 -0.0168464 0 -0.027723 -5.61606e-05 -0.031431 0 -0.21483 0 0.0343843 0 -0.157507 0 0.0239167 0 0.00416868
  -3.02483e-05 6.3974e-05 -1.53464e-05 -2.35912e-05 -3.25751e-05 -2.37418e-06 6.98068e-05 0.0306037 0 -5.83169e-05 -0.019062 0 -0.0161884 -5.76971e-05 -0.0229374 0 -0.211757 0 0.0399688 0 -0.153256 0 0.0215293 0 0.00375255
  -3.04785e-05 6.44593e-05 -1.54299e-05 -2.37511e-05 -3.02721e-05 -2.38604e-06 7.32611e-05 0.0327553 0 -5.70973e-05 -0.0208498 0 -0.00452285 -5.91024e-05 -0.0159877 0 -0.208228 0 0.0456142 0 -0.148193 0 0.0188795 0 0.0032907
  -3.07041e-05 6.49323e-05 -1.55117e-05 -2.39083e-05 -2.78965e-05 -2.38762e-06 7.61945e-05 0.0357538 0 -5.58074e-05 -0.0220964 0 0.00727612 -6.03734e-05 -0.0113605 0 -0.204255 0 0.0509303 0 -0.142304 0 0.0161127 0 0.00280844
  -3.09248e-05 6.53911e-05 -1.55921e-05 -2.40629e-05 -2.54626e-05 -2.37872e-06 7.86119e-05 0.039694 0 -5.44541e-05 -0.0227144 0 0.0192017 -6.15072e-05 -0.00975849 0 -0.199857 0 0.0555593 0 -0.135585 0 0.0133606 0 0.00232875
  -3.11401e-05 6.58346e-05 -1.56713e-05 -2.42147e-05 -2.29848e-05 -2.35921e-06 8.05207e-05 0.0446563 0 -5.30444e-05 -0.0226488 0 0.0312298 -6.25015e-05 -0.0117554 0 -0.195062 0 0.0592084 0 -0.128051 0 0.0107335 0 0.00187084
  -3.13499e-05 6.6262e-05 -1.57492e-05 -2.43639e-05 -2.04774e-05 -2.32903e-06 8.19308e-05 0.0507013 0 -5.15854e-05 -0.0218819 0 0.0433133 -6.33543e-05 -0.0177487 0 -0.189917 0 0.061677 0 -0.119742 0 0.00831339 0 0.00144902
  -3.15542e-05 6.66727e-05 -1.5826e-05 -2.45104e-05 -1.79551e-05 -2.28818e-06 8.28545e-05 0.0578637 0 -5.00839e-05 -0.0204345 0 0.0553778 -6.40642e-05 -0.0279265 0 -0.184486 0 0.062876 0 -0.110718 0 0.00615141 0 0.00107219
  -3.1753e-05 6.7067e-05 -1.59017e-05 -2.46541e-05 -1.54323e-05 -2.23675e-06 8.33062e-05 0.0661471 0 -4.8547e-05 -0.0183645 0 0.067321 -6.46302e-05 -0.0422505 0 -0.178853 0 0.0628343 0 -0.101068 0 0.00426762 0 0.000743846
  -3.19464e-05 6.74455e-05 -1.59762e-05 -2.47951e-05 -1.29234e-05 -2.17487e-06 8.33025e-05 0.0755203 0 -4.69815e-05 -0.0157635 0 0.0790146 -6.50518e-05 -0.0604592 0 -0.173112 0 0.061694 0 -0.0909031 0 0.00265434 0 0.000462651
  -3.21347e-05 6.78093e-05 -1.60492e-05 -2.49334e-05 -1.04423e-05 -2.10275e-06 8.28616e-05 0.085915 0 -4.53941e-05 -0.0127483 0 0.0903084 -6.5329e-05 -0.0820883 0 -0.167367 0 0.0596933 0 -0.0803537 0 0.00128186 0 0.000223429
  -3.23181e-05 6.816e-05 -1.61207e-05 -2.5069e-05 -8.00309e-06 -2.02067e-06 8.20033e-05 0.0972269 0 -4.37914e-05 -0.00945196 0 0.101038 -6.54622e-05 -0.106505 0 -0.161724 0 0.0571402 0 -0.069567 0 0.000105749 0 1.84321e-05
  -3.24971e-05 6.84993e-05 -1.61904e-05 -2.52019e-05 -5.61908e-06 -1.92897e-06 8.07491e-05 0.109318 0 -4.21798e-05 -0.00601161 0 0.111034 -6.54526e-05 -0.132955 0 -0.156288 0 0.0543819 0 -0.0586995 0 -0.000925385 0 -0.000161295
  -3.2672e-05 6.88289e-05 -1.62582e-05 -2.53322e-05 -3.30333e-06 -1.82805e-06 7.91214e-05 0.122022 0 -4.05653e-05 -0.00255698 0 0.12013 -6.53015e-05 -0.160611 0 -0.151153 0 0.0517715 0 -0.04791 0 -0.00186253 0 -0.000324638
  -3.28434e-05 6.91509e-05 -1.63238e-05 -2.54598e-05 -1.06839e-06 -1.71836e-06 7.71439e-05 0.13515 0 -3.89539e-05 0.000799784 0 0.128176 -6.50109e-05 -0.188623 0 -0.146404 0 0.0496385 0 -0.037353 0 -0.00275015 0 -0.000479351
  -3.30115e-05 6.94667e-05 -1.63871e-05 -2.55849e-05 1.07381e-06 -1.60041e-06 7.48409e-05 0.148497 0 -3.73513e-05 0.0039712 0 0.135046 -6.45834e-05 -0.216169 0 -0.142109 0 0.0482647 0 -0.0271711 0 -0.00362175 0 -0.000631271
  -3.31768e-05 6.97781e-05 -1.64479e-05 -2.57074e-05 3.11194e-06 -1.47477e-06 7.22375e-05 0.161853 0 -3.57628e-05 0.00689782 0 0.140646 -6.4022e-05 -0.242495 0 -0.138322 0 0.0478665 0 -0.0174895 0 -0.00449716 0 -0.000783856
  -3.33396e-05 7.00862e-05 -1.65062e-05 -2.58274e-05 5.03537e-06 -1.34204e-06 6.93591e-05 0.175009 0 -3.41934e-05 0.00954796 0 0.144918 -6.333e-05 -0.266946 0 -0.135076 0 0.048586 0 -0.00841037 0 -0.00538154 0 -0.000938003
  -3.35e-05 7.03921e-05 -1.6562e-05 -2.5945e-05 6.83423e-06 -1.20287e-06 6.62315e-05 0.18777 0 -3.26479e-05 0.0119146 0 0.147844 -6.25113e-05 -0.288997 0 -0.132386 0 0.0504881 0 -8.97554e-06 0 -0.00626582 0 -0.00109213
  -3.36584e-05 7.06962e-05 -1.66154e-05 -2.60601e-05 8.49941e-06 -1.05794e-06 6.28804e-05 0.199961 0 -3.11307e-05 0.0140106 0 0.149447 -6.15703e-05 -0.308259 0 -0.130251 0 0.0535645 0 0.00766795 0 -0.00712834 0 -0.00124247
  -3.38147e-05 7.0999e-05 -1.66662e-05 -2.61729e-05 1.00227e-05 -9.07957e-07 5.93316e-05 0.211442 0 -2.96457e-05 0.0158628 0 0.149784 -6.05117e-05 -0.324489 0 -0.12865 0 0.0577423 0 0.0146027 0 -0.00793743 0 -0.00138349
  -3.39691e-05 7.13006e-05 -1.67148e-05 -2.62833e-05 1.13967e-05 -7.53665e-07 5.56104e-05 0.222109 0 -2.81968e-05 0.0175058 0 0.148946 -5.93405e-05 -0.337579 0 -0.127547 0 0.0628954 0 0.020805 0 -0.00865453 0 -0.00150848
  -3.41215e-05 7.16007e-05 -1.67612e-05 -2.63913e-05 1.26149e-05 -5.95818e-07 5.17418e-05 0.231903 0 -2.67872e-05 0.018976 0 0.147047 -5.80622e-05 -0.347546 0 -0.126894 0 0.0688591 0 0.0263091 0 -0.00923781 0 -0.00161015
  -3.42719e-05 7.18991e-05 -1.68056e-05 -2.64971e-05 1.36719e-05 -4.35184e-07 4.77504e-05 0.240805 0 -2.54198e-05 0.0203066 0 0.144218 -5.66826e-05 -0.354508 0 -0.126631 0 0.0754438 0 0.0311692 0 -0.00964591 0 -0.00168128
  -3.44201e-05 7.21953e-05 -1.68482e-05 -2.66005e-05 1.4563e-05 -2.72538e-07 4.36599e-05 0.248835 0 -2.40973e-05 0.0215225 0 0.140597 -5.52078e-05 -0.358658 0 -0.126689 0 0.0824492 0 0.0354542 0 -0.00984159 0 -0.00171539
  -3.45661e-05 7.24888e-05 -1.6889e-05 -2.67016e-05 1.52848e-05 -1.08656e-07 3.94933e-05 0.256036 0 -2.28219e-05 0.0226386 0 0.136327 -5.3644e-05 -0.360241 0 -0.126997 0 0.089677 0 0.0392425 0 -0.00979511 0 -0.00170729
  -3.47097e-05 7.2779e-05 -1.69283e-05 -2.68005e-05 1.58346e-05 5.56918e-08 3.52725e-05 0.262464 0 -2.15954e-05 0.0236579 0 0.131542 -5.19979e-05 -0.359524 0 -0.12748 0 0.0969403 0 0.0426156 0 -0.00948699 0 -0.00165358
  -3.48508e-05 7.30656e-05 -1.69663e-05 -2.68971e-05 1.62108e-05 2.19746e-07 3.10187e-05 0.268173 0 -2.04195e-05 0.0245728 0 0.12637 -5.02761e-05 -0.356768 0 -0.128064 0 0.104071 0 0.0456531 0 -0.00891006 0 -0.00155302
  -3.49892e-05 7.3348e-05 -1.7003e-05 -2.69914e-05 1.64128e-05 3.82765e-07 2.67519e-05 0.273201 0 -1.92953e-05 0.025367 0 0.120925 -4.84856e-05 -0.352212 0 -0.128678 0 0.110925 0 0.0484279 0 -0.00807063 0 -0.00140671
  -3.51251e-05 7.36259e-05 -1.70386e-05 -2.70835e-05 1.6441e-05 5.44028e-07 2.24908e-05 0.277554 0 -1.82236e-05 0.026017 0 0.115305 -4.66335e-05 -0.346052 0 -0.129257 0 0.117383 0 0.0510026 0 -0.00698864 0 -0.00121812
  -3.52582e-05 7.38992e-05 -1.70732e-05 -2.71733e-05 1.62968e-05 7.02843e-07 1.82531e-05 0.281203 0 -1.7205e-05 0.0264955 0 0.109593 -4.47267e-05 -0.338434 0 -0.129742 0 0.12335 0 0.0534272 0 -0.00569682 0 -0.000992956
  -3.53886e-05 7.41676e-05 -1.71071e-05 -2.72608e-05 1.59825e-05 8.58552e-07 1.40552e-05 0.284073 0 -1.62397e-05 0.0267728 0 0.103856 -4.27725e-05 -0.329451 0 -0.13008 0 0.128757 0 0.0557374 0 -0.004239 0 -0.000738858
  -3.55163e-05 7.44311e-05 -1.71402e-05 -2.73461e-05 1.55013e-05 1.01053e-06 9.91214e-06 0.286048 0 -1.53276e-05 0.026819 0 0.0981482 -4.07781e-05 -0.319147 0 -0.130228 0 0.133554 0 0.0579547 0 -0.00266752 0 -0.000464948
  -3.56414e-05 7.46899e-05 -1.71727e-05 -2.74291e-05 1.48574e-05 1.15821e-06 5.83779e-06 0.286972 0 -1.44684e-05 0.0266064 0 0.092507 -3.87506e-05 -0.307527 0 -0.130148 0 0.137709 0 0.0600874 0 -0.00104005 0 -0.00018128
  -3.5764e-05 7.49439e-05 -1.72048e-05 -2.75098e-05 1.40558e-05 1.30104e-06 1.84466e-06 0.28666 0 -1.36616e-05 0.0261117 0 0.0869613 -3.6697e-05 -0.294577 0 -0.129812 0 0.141208 0 0.0621323 0 0.000584087 0 0.000101806
  -3.5884e-05 7.51933e-05 -1.72366e-05 -2.75882e-05 1.31025e-05 1.43855e-06 -2.05602e-06 0.284918 0 -1.29063e-05 0.0253188 0 0.0815314 -3.46245e-05 -0.280282 0 -0.129199 0 0.144048 0 0.0640768 0 0.00214777 0 0.000374355
  -3.60017e-05 7.54381e-05 -1.72681e-05 -2.76643e-05 1.2004e-05 1.5703e-06 -5.85431e-06 0.281558 0 -1.22015e-05 0.0242209 0 0.0762328 -3.25399e-05 -0.264651 0 -0.128299 0 0.146236 0 0.0659022 0 0.00359982 0 0.000627448
  -3.6117e-05 7.56784e-05 -1.72995e-05 -2.7738e-05 1.07679e-05 1.69592e-06 -9.54151e-06 0.276426 0 -1.15459e-05 0.0228227 0 0.0710783 -3.04499e-05 -0.247735 0 -0.127111 0 0.147785 0 0.0675858 0 0.00489824 0 0.000853764
  -3.62299e-05 7.5914e-05 -1.73309e-05 -2.78094e-05 9.40213e-06 1.81508e-06 -1.31102e-05 0.26942 0 -1.09382e-05 0.0211407 0 0.0660799 -2.83612e-05 -0.22964 0 -0.125645 0 0.148716 0 0.0691044 0 0.00601255 0 0.00104799
  -3.63405e-05 7.61449e-05 -1.73623e-05 -2.78785e-05 7.91562e-06 1.92753e-06 -1.6554e-05 0.260508 0 -1.03767e-05 0.0192027 0 0.0612494 -2.62803e-05 -0.210538 0 -0.123919 0 0.149055 0 0.070436 0 0.00692487 0 0.00120701
  -3.64487e-05 7.63708e-05 -1.73939e-05 -2.79453e-05 6.31769e-06 2.03306e-06 -1.98678e-05 0.249737 0 -9.85989e-06 0.0170462 0 0.056599 -2.42131e-05 -0.190656 0 -0.121959 0 0.148828 0 0.0715624 0 0.00762985 0 0.00132988
  -3.65544e-05 7.65913e-05 -1.74256e-05 -2.80097e-05 4.61829e-06 2.13152e-06 -2.30476e-05 0.23723 0 -9.38582e-06 0.0147155 0 0.0521409 -2.21658e-05 -0.170269 0 -0.119797 0 0.148071 0 0.0724704 0 0.00813329 0 0.00141763
  -3.66573e-05 7.68062e-05 -1.74575e-05 -2.80718e-05 2.8278e-06 2.22283e-06 -2.60903e-05 0.22318 0 -8.95263e-06 0.0122585 0 0.0478868 -2.01441e-05 -0.149685 0 -0.117469 0 0.146817 0 0.0731523 0 0.00844999 0 0.00147283
  -3.67575e-05 7.70149e-05 -1.74895e-05 -2.81315e-05 9.57047e-07 2.30696e-06 -2.89939e-05 0.207835 0 -8.55834e-06 0.00972381 0 0.0438475 -1.81533e-05 -0.129219 0 -0.115016 0 0.145107 0 0.0736071 0 0.00860116 0 0.00149918
  -3.68547e-05 7.7217e-05 -1.75216e-05 -2.8189e-05 -9.82782e-07 2.38394e-06 -3.17572e-05 0.191482 0 -8.20092e-06 0.00715788 0 0.0400325 -1.61988e-05 -0.109181 0 -0.112477 0 0.142984 0 0.0738391 0 0.0086118 0 0.00150104
  -3.69487e-05 7.74122e-05 -1.75538e-05 -2.82443e-05 -2.98021e-06 2.45386e-06 -3.43799e-05 0.174431 0 -7.87829e-06 0.00460337 0 0.0364488 -1.42853e-05 -0.0898567 0 -0.10989 0 0.140493 0 0.0738585 0 0.00850845 0 0.00148302
  -3.70393e-05 7.76e-05 -1.75859e-05 -2.82972e-05 -5.02353e-06 2.51685e-06 -3.68624e-05 0.157001 0 -7.58836e-06 0.00209806 0 0.0331015 -1.24175e-05 -0.071497 0 -0.107295 0 0.137685 0 0.0736795 0 0.00831749 0 0.00144974
  -3.71264e-05 7.77802e-05 -1.76178e-05 -2.8348e-05 -7.10087e-06 2.5731e-06 -3.92059e-05 0.139509 0 -7.32902e-06 -0.000325384 0 0.0299929 -1.05997e-05 -0.0543102 0 -0.104727 0 0.134609 0 0.0733195 0 0.00806397 0 0.00140555
  -3.72099e-05 7.79523e-05 -1.76494e-05 -2.83966e-05 -9.20024e-06 2.62283e-06 -4.1412e-05 0.12226 0 -7.09817e-06 -0.00263912 0 0.0271231 -8.83597e-06 -0.0384575 0 -0.102221 0 0.131318 0 0.0727979 0 0.00777106 0 0.0013545
  -3.72896e-05 7.81163e-05 -1.76804e-05 -2.84431e-05 -1.13096e-05 2.66633e-06 -4.3483e-05 0.105538 0 -6.89374e-06 -0.00481963 0 0.0244899 -7.13003e-06 -0.024052 0 -0.0998107 0 0.127863 0 0.072135 0 0.00746003 0 0.00130028
  -3.73654e-05 7.82718e-05 -1.77108e-05 -2.84874e-05 -1.3417e-05 2.7039e-06 -4.54218e-05 0.0895993 0 -6.71369e-06 -0.00684709 0 0.0220895 -5.48534e-06 -0.0111595 0 -0.0975262 0 0.124298 0 0.0713506 0 0.00715068 0 0.00124636
  -3.74372e-05 7.84188e-05 -1.77404e-05 -2.85296e-05 -1.55106e-05 2.73589e-06 -4.72314e-05 0.0746678 0 -6.55603e-06 -0.008705 0 0.019917 -3.90507e-06 0.000198322 0 -0.0953974 0 0.120675 0 0.0704633 0 0.00686224 0 0.00119609
  -3.7505e-05 7.85571e-05 -1.77689e-05 -2.85697e-05 -1.75785e-05 2.76268e-06 -4.89153e-05 0.0609264 0 -6.41881e-06 -0.0103799 0 0.0179662 -2.39213e-06 0.0100391 0 -0.093452 0 0.117045 0 0.0694903 0 0.00661463 0 0.00115293
  -3.75686e-05 7.86869e-05 -1.77963e-05 -2.86077e-05 -1.96092e-05 2.78466e-06 -5.04772e-05 0.0485149 0 -6.30016e-06 -0.0118615 0 0.0162306 -9.49157e-07 0.0184139 0 -0.0917159 0 0.11346 0 0.0684465 0 0.00643002 0 0.00112075
  -3.76282e-05 7.8808e-05 -1.78223e-05 -2.86436e-05 -2.15914e-05 2.80225e-06 -5.19211e-05 0.0375273 0 -6.19827e-06 -0.0131427 0 0.0147026 4.21464e-07 0.0254007 0 -0.0902121 0 0.109971 0 0.0673449 0 0.0063345 0 0.0011041
  -3.76836e-05 7.89205e-05 -1.78468e-05 -2.86775e-05 -2.35143e-05 2.81589e-06 -5.3251e-05 0.0280125 0 -6.11144e-06 -0.0142198 0 0.0133741 1.71759e-06 0.0310982 0 -0.0889605 0 0.106625 0 0.0661969 0 0.00635984 0 0.00110852
  -3.7735e-05 7.90246e-05 -1.78696e-05 -2.87093e-05 -2.53671e-05 2.82601e-06 -5.44711e-05 0.019977 0 -6.03803e-06 -0.0150927 0 0.0122361 2.93729e-06 0.035619 0 -0.0879766 0 0.103471 0 0.0650127 0 0.00654487 0 0.00114077
  -3.77822e-05 7.91204e-05 -1.78907e-05 -2.87391e-05 -2.71397e-05 2.83305e-06 -5.55853e-05 0.0133894 0 -5.97649e-06 -0.0157646 0 0.0112799 4.07889e-06 0.0390846 0 -0.0872711 0 0.100551 0 0.063802 0 0.00693644 0 0.00120902
  -3.78256e-05 7.9208e-05 -1.791e-05 -2.87667e-05 -2.88225e-05 2.83746e-06 -5.65979e-05 0.00818701 0 -5.92539e-06 -0.0162413 0 0.0104982 5.14086e-06 0.0416187 0 -0.0868492 0 0.0979004 0 0.0625749 0 0.0075895 0 0.00132285
  -3.78649e-05 7.92876e-05 -1.79274e-05 -2.87923e-05 -3.04063e-05 2.83966e-06 -5.75128e-05 0.00428421 0 -5.88337e-06 -0.0165295 0 0.00988744 6.1219e-06 0.0433411 0 -0.0867103 0 0.0955504 0 0.0613427 0 0.00856608 0 0.00149307
  -3.79004e-05 7.93593e-05 -1.79429e-05 -2.88158e-05 -3.18826e-05 2.84008e-06 -5.83338e-05 0.00158306 0 -5.84918e-06 -0.0166356 0 0.00945092 7.02086e-06 0.0443585 0 -0.0868479 0 0.0935212 0 0.0601186 0 0.00993274 0 0.00173128
  -3.79321e-05 7.94233e-05 -1.79565e-05 -2.88372e-05 -3.32433e-05 2.83911e-06 -5.90646e-05 -1.45208e-05 0 -5.82171e-06 -0.0165635 0 0.00920023 7.83675e-06 0.0447537 0 -0.0872507 0 0.0918241 0 0.0589185 0 0.011756 0 0.00204907
  -3.796e-05 7.94796e-05 -1.79683e-05 -2.88565e-05 -3.44811e-05 2.83714e-06 -5.97086e-05 -0.000592692 0 -5.7999e-06 -0.0163157 0 0.00915297 8.56874e-06 0.0445728 0 -0.0879019 0 0.0904614 0 0.057761 0 0.0140951 0 0.00245678
  -3.79842e-05 7.95283e-05 -1.79781e-05 -2.88737e-05 -3.55893e-05 2.83452e-06 -6.0269e-05 -0.000207086 0 -5.78283e-06 -0.015898 0 0.00932125 9.2161e-06 0.043813 0 -0.0887781 0 0.0894299 0 0.0566675 0 0.0169918 0 0.00296166
  -3.80046e-05 7.95693e-05 -1.79862e-05 -2.88888e-05 -3.65621e-05 2.83156e-06 -6.07486e-05 0.00112683 0 -5.7697e-06 -0.0153325 0 0.00968634 9.77824e-06 0.0424182 0 -0.0898445 0 0.0887262 0 0.0556614 0 0.0204546 0 0.00356523
  -3.80212e-05 7.96026e-05 -1.79926e-05 -2.89017e-05 -3.73942e-05 2.82855e-06 -6.115e-05 0.00343405 0 -5.75978e-06 -0.0146782 0 0.0101592 1.02547e-05 0.0402942 0 -0.0910464 0 0.0883534 0 0.0547677 0 0.0244379 0 0.00425953
  -3.8034e-05 7.96281e-05 -1.79974e-05 -2.89123e-05 -3.80811e-05 2.82574e-06 -6.14753e-05 0.00675093 0 -5.75248e-06 -0.0140526 0 0.010541 1.0645e-05 0.0373606 0 -0.0922976 0 0.0883236 0 0.0540102 0 0.0288124 0 0.005022
  -3.80431e-05 7.96459e-05 -1.80007e-05 -2.89205e-05 -3.86192e-05 2.82334e-06 -6.17264e-05 0.0110329 0 -5.74732e-06 -0.0136336 0 0.0105264 1.09488e-05 0.0336581 0 -0.0934725 0 0.0886456 0 0.0534101 0 0.0333241 0 0.00580838
  -3.80486e-05 7.96565e-05 -1.80026e-05 -2.8926e-05 -3.90056e-05 2.8215e-06 -6.19048e-05 0.0159484 0 -5.7439e-06 -0.0136015 0 0.00982874 1.11661e-05 0.0295244 0 -0.0944161 0 0.0892792 0 0.0529823 0 0.0375411 0 0.00654341
  -3.8051e-05 7.96611e-05 -1.80034e-05 -2.89288e-05 -3.92383e-05 2.82036e-06 -6.20113e-05 0.0205049 0 -5.74196e-06 -0.0139638 0 0.00853999 1.12965e-05 0.0258312 0 -0.0949904 0 0.0900357 0 0.0527322 0 0.0407864 0 0.00710907
  -3.80515e-05 7.96621e-05 -1.80035e-05 -2.89295e-05 -3.9316e-05 2.81996e-06 -6.20468e-05 0.0225136 0 -5.74133e-06 -0.014226 0 0.00779876 1.13399e-05 0.0242452 0 -0.0951711 0 0.0904077 0 0.0526515 0 0.0420639 0 0.00733174  