  -57.9816
 -55.741
 -53.6814
 -51.7879
 -50.0468
 -48.4429
 -46.9663
 -45.6052
 -44.3511
 -43.1945
 -42.1279
 -41.1435
 -40.2353
 -39.3971
 -38.6242
 -37.9104
 -37.2521
 -36.6453
 -36.0856
 -35.5698
 -35.0948
 -34.6579
 -34.2559
 -33.8867
 -33.5479
 -33.2375
 -32.9534
 -32.694
 -32.4576
 -32.2427
 -32.0477
 -31.8715
 -31.7128
 -31.5705
 -31.4435
 -31.331
 -31.2318
 -31.1453
 -31.0707
 -31.0071
 -30.9539
 -30.9106
 -30.8764
 -30.8509
 -30.8335
 -30.8237
 -30.8211
 -30.8252
 -30.8357
 -30.8521
 -30.8742
 -30.9015
 -30.9339
 -30.9709
 -31.0123
 -31.0579
 -31.1074
 -31.1606
 -31.2173
 -31.2773
 -31.3403
 -31.4062
 -31.4749
 -31.5461
 -31.6198
 -31.6958
 -31.7738
 -31.8539
 -31.9359
 -32.0197
 -32.1052
 -32.1923
 -32.2808
 -32.3707
 -32.4619
 -32.5543
 -32.6479
 -32.7426
 -32.8382
 -32.9348
 -33.0323
 -33.1306
 -33.2296
 -33.3294
 -33.4298
 -33.5308
 -33.6324
 -33.7345
 -33.837
 -33.94
 -34.0434
 -34.1472
 -34.2513
 -34.3558
 -34.4604
 -34.5654
 -34.6705
 -34.7759
 -34.8814
 -34.987
 -35.0928
 -35.1986
 -35.3046
 -35.4106
 -35.5166
 -35.6227
 -35.7288
 -35.8348
 -35.9409
 -36.0469
 -36.1529
 -36.2588
 -36.3646
 -36.4703
 -36.576
 -36.6815
 -36.7869
 -36.8922
 -36.9974
 -37.1024
 -37.2073
 -37.312
 -37.4165
 -37.5209
 -37.6251
 -37.7291
 -37.8329
 -37.9365
 -38.0399
 -38.1431
 -38.2461
 -38.3489
 -38.4515
 -38.5538
 -38.6559
 -38.7578
 -38.8595
 -38.9609
 -39.0621
 -39.163
 -39.2637
 -39.3641
 -39.4643
 -39.5642
 -39.6639
 -39.7633
 -39.8625
 -39.9614
 -40.0601
 -40.1585
 -40.2566
 -40.3545
 -40.4521
 -40.5494
 -40.6465
 -40.7433
 -40.8399
 -40.9362
 -41.0322
 -41.1279
 -41.2234
 -41.3186
 -41.4135
 -41.5082
 -41.6026
 -41.6968
 -41.7906
 -41.8842
 -41.9775
 -42.0706
 -42.1634
 -42.2559
 -42.3482
 -42.4402
 -42.5319
 -42.6234
 -42.7146
 -42.8055
 -42.8962
 -42.9866
 -43.0767
 -43.1666
 -43.2562
 -43.3456
 -43.4347
 -43.5235
 -43.6121
 -43.7004
 -43.7885
 -43.8763
 -43.9638
 -44.0511
 -44.1381
 -44.2249
 -44.3115
 -44.3977
 -44.4838
 -44.5696
 -44.6551
 -44.7404
 -44.8254
 -44.9102
 -44.9947
 -45.079
 -45.1631
 -45.2469
 -45.3305
 -45.4138
 -45.4969
 -45.5798
 -45.6624
 -45.7448
 -45.8269
 -45.9088
 -45.9905
 -46.0719
 -46.1531
 -46.2341
 -46.3149
 -46.3954
 -46.4757
 -46.5558
 -46.6356
 -46.7152
 -46.7946
 -46.8738
 -46.9527
 -47.0314
 -47.1099
 -47.1882
 -47.2663
 -47.3442
 -47.4218
 -47.4992
 -47.5764
 -47.6534
 -47.7302
 -47.8068
 -47.8831
 -47.9593
 -48.0352
 -48.1109
 -48.1865
 -48.2618
 -48.3369
 -48.4118
 -48.4865
 -48.561
 -48.6353
 -48.7094
 -48.7834
 -48.8571
 -48.9306
 -49.0039
 -49.077
 -49.1499
 -49.2227
 -49.2952
 -49.3676
 -49.4397
 -49.5117
 -49.5835
 -49.6551
 -49.7265
 -49.7977
 -49.8687
 -49.9396
 -50.0102
 -50.0807
 -50.151
 -50.2211
 -50.2911
 -50.3608
 -50.4304
 -50.4998
 -50.569
 -50.6381
 -50.7069
 -50.7756
 -50.8442
 -50.9125
 -50.9807
 -51.0487
 -51.1165
 -51.1842
 -51.2517
 -51.319
 -51.3862
 -51.4532
 -51.52
 -51.5867
 -51.6532
 -51.7195
 -51.7857
 -51.8517
 -51.9175
 -51.9832
 -52.0487
 -52.1141
 -52.1793
 -52.2443
 -52.3092
 -52.374
 -52.4385
 -52.503
 -52.5672
 -52.6313
 -52.6953
 -52.7591
 -52.8228
 -52.8863
 -52.9496
 -53.0129
 -53.0759
 -53.1388
 -53.2016
 -53.2642
 -53.3267
 -53.389
 -53.4512
 -53.5132
 -53.5751
 -53.6368
 -53.6984
 -53.7599
 -53.8212
 -53.8824
 -53.9435
 -54.0044
 -54.0651
 -54.1257
 -54.1862
 -54.2466
 -54.3068
 -54.3669
 -54.4268
 -54.4866
 -54.5463
 -54.6058
 -54.6652
 -54.7245
 -54.7836
 -54.8427
 -54.9015
 -54.9603
 -55.0189
 -55.0774
 -55.1358
 -55.194
 -55.2521
 -55.3101  