  0 0 0 0.1 0 0 -1 1 0.4 0.5 0.5 -1 1 -2 -2 -1.5 1.5 -0.5 -0.5 -0.5 0.5 0.1 0.1 0.01 0.01  
  0 0 0 0.1 0 0 -1 1 0.4 0.5 0.5 -1 1 -2 -2 -1.5 1.5 -0.5 -0.5 -0.5 0.5 0.1 0.1 0.01 0.01  
  0 0 0 0.1 0 0 -1 1 0.4 0.5 0.5 -1 1 -2 -2 -1.5 1.5 -0.5 -0.5 -0.5 0.5 0.1 0.1 0.01 0.01  
  0 0 0 0.1 0 0 -1 1 0.4 0.5 0.5 -1 1 -2 -2 -1.5 1.5 -0.5 -0.5 -0.5 0.5 0.1 0.1 0.01 0.01  
  0 0 0 0.1 0 0 -1 1 0.4 0.5 0.5 -1 1 -2 -2 -1.5 1.5 -0.5 -0.5 -0.5 0.5 0.1 0.1 0.01 0.01  
  0 0 0 0.1 0 0 -1 1 0.4 0.5 0.5 -1 1 -2 -2 -1.5 1.5 -0.5 -0.5 -0.5 0.5 0.1 0.1 0.01 0.01  
  0 0 0 0.1 0 0 -1 1 0.4 0.5 0.5 -1 1 -2 -2 -1.5 1.5 -0.5 -0.5 -0.5 0.5 0.1 0.1 0.01 0.01  
  0 0 0 0.1 0 0 -1 1 0.4 0.5 0.5 -1 1 -2 -2 -1.5 1.5 -0.5 -0.5 -0.5 0.5 0.1 0.1 0.01 0.01  
  0 0 0 0.1 0 0 -1 1 0.4 0.5 0.5 -1 1 -2 -2 -1.5 1.5 -0.5 -0.5 -0.5 0.5 0.1 0.1 0.01 0.01  
  0 0 0 0.1 0 0 -1 1 0.4 0.5 0.5 -1 1 -2 -2 -1.5 1.5 -0.5 -0.5 -0.5 0.5 0.1 0.1 0.01 0.01  
  0 0 0 0.1 0 0 -1 1 0.4 0.5 0.5 -1 1 -2 -2 -1.5 1.5 -0.5 -0.5 -0.5 0.5 0.1 0.1 0.01 0.01  
  0 0 0 0.1 0 0 -1 1 0.4 0.5 0.5 -1 1 -2 -2 -1.5 1.5 -0.5 -0.5 -0.5 0.5 0.1 0.1 0.01 0.01  
  0 0 0 0.1 0 0 -1 1 0.4 0.5 0.5 -1 1 -2 -2 -1.5 1.5 -0.5 -0.5 -0.5 0.5 0.1 0.1 0.01 0.01  
  0 0 0 0.1 0 0 -1 1 0.4 0.5 0.5 -1 1 -2 -2 -1.5 1.5 -0.5 -0.5 -0.5 0.5 0.1 0.1 0.01 0.01  
  0 0 0 0.1 0 0 -1 1 0.4 0.5 0.5 -1 1 -2 -2 -1.5 1.5 -0.5 -0.5 -0.5 0.5 0.1 0.1 0.01 0.01  
  0 0 0 0.1 0 0 -1 1 0.4 0.5 0.5 -1 1 -2 -2 -1.5 1.5 -0.5 -0.5 -0.5 0.5 0.1 0.1 0.01 0.01  
  0 0 0 0.1 0 0 -1 1 0.4 0.5 0.5 -1 1 -2 -2 -1.5 1.5 -0.5 -0.5 -0.5 0.5 0.1 0.1 0.01 0.01  
  0 0 0 0.1 0 0 -1 1 0.4 0.5 0.5 -1 1 -2 -2 -1.5 1.5 -0.5 -0.5 -0.5 0.5 0.1 0.1 0.01 0.01  
  0 0 0 0.1 0 0 -1 1 0.4 0.5 0.5 -1 1 -2 -2 -1.5 1.5 -0.5 -0.5 -0.5 0.5 0.1 0.1 0.01 0.01  
  0 0 0 0.1 0 0 -1 1 0.4 0.5 0.5 -1 1 -2 -2 -1.5 1.5 -0.5 -0.5 -0.5 0.5 0.1 0.1 0.01 0.01  
  0 0 0 0.1 0 0 -1 1 0.4 0.5 0.5 -1 1 -2 -2 -1.5 1.5 -0.5 -0.5 -0.5 0.5 0.1 0.1 0.01 0.01  
  0 0 0 0.1 0 0 -1 1 0.4 0.5 0.5 -1 1 -2 -2 -1.5 1.5 -0.5 -0.5 -0.5 0.5 0.1 0.1 0.01 0.01  
  0 0 0 0.1 0 0 -1 1 0.4 0.5 0.5 -1 1 -2 -2 -1.5 1.5 -0.5 -0.5 -0.5 0.5 0.1 0.1 0.01 0.01  
  0 0 0 0.1 0 0 -1 1 0.4 0.5 0.5 -1 1 -2 -2 -1.5 1.5 -0.5 -0.5 -0.5 0.5 0.1 0.1 0.01 0.01  
  0 0 0 0.1 0 0 -1 1 0.4 0.5 0.5 -1 1 -2 -2 -1.5 1.5 -0.5 -0.5 -0.5 0.5 0.1 0.1 0.01 0.01  
  0 0 0 0.1 0 0 -1 1 0.4 0.5 0.5 -1 1 -2 -2 -1.5 1.5 -0.5 -0.5 -0.5 0.5 0.1 0.1 0.01 0.01  
  0 0 0 0.1 0 0 -1 1 0.4 0.5 0.5 -1 1 -2 -2 -1.5 1.5 -0.5 -0.5 -0.5 0.5 0.1 0.1 0.01 0.01  
  0 0 0 0.1 0 0 -1 1 0.4 0.5 0.5 -1 1 -2 -2 -1.5 1.5 -0.5 -0.5 -0.5 0.5 0.1 0.1 0.01 0.01  
  0 0 0 0.1 0 0 -1 1 0.4 0.5 0.5 -1 1 -2 -2 -1.5 1.5 -0.5 -0.5 -0.5 0.5 0.1 0.1 0.01 0.01  
  0 0 0 0.1 0 0 -1 1 0.4 0.5 0.5 -1 1 -2 -2 -1.5 1.5 -0.5 -0.5 -0.5 0.5 0.1 0.1 0.01 0.01  
  0 0 0 0.1 0 0 -1 1 0.4 0.5 0.5 -1 1 -2 -2 -1.5 1.5 -0.5 -0.5 -0.5 0.5 0.1 0.1 0.01 0.01  
  0 0 0 0.1 0 0 -1 1 0.4 0.5 0.5 -1 1 -2 -2 -1.5 1.5 -0.5 -0.5 -0.5 0.5 0.1 0.1 0.01 0.01  
  0 0 0 0.1 0 0 -1 1 0.4 0.5 0.5 -1 1 -2 -2 -1.5 1.5 -0.5 -0.5 -0.5 0.5 0.1 0.1 0.01 0.01  
  0 0 0 0.1 0 0 -1 1 0.4 0.5 0.5 -1 1 -2 -2 -1.5 1.5 -0.5 -0.5 -0.5 0.5 0.1 0.1 0.01 0.01  
  0 0 0 0.1 0 0 -1 1 0.4 0.5 0.5 -1 1 -2 -2 -1.5 1.5 -0.5 -0.5 -0.5 0.5 0.1 0.1 0.01 0.01  
  0 0 0 0.1 0 0 -1 1 0.4 0.5 0.5 -1 1 -2 -2 -1.5 1.5 -0.5 -0.5 -0.5 0.5 0.1 0.1 0.01 0.01  
  0 0 0 0.1 0 0 -1 1 0.4 0.5 0.5 -1 1 -2 -2 -1.5 1.5 -0.5 -0.5 -0.5 0.5 0.1 0.1 0.01 0.01  
  0 0 0 0.1 0 0 -1 1 0.4 0.5 0.5 -1 1 -2 -2 -1.5 1.5 -0.5 -0.5 -0.5 0.5 0.1 0.1 0.01 0.01  
  0 0 0 0.1 0 0 -1 1 0.4 0.5 0.5 -1 1 -2 -2 -1.5 1.5 -0.5 -0.5 -0.5 0.5 0.1 0.1 0.01 0.01  
  0 0 0 0.1 0 0 -1 1 0.4 0.5 0.5 -1 1 -2 -2 -1.5 1.5 -0.5 -0.5 -0.5 0.5 0.1 0.1 0.01 0.01  
  0 0 0 0.1 0 0 -1 1 0.4 0.5 0.5 -1 1 -2 -2 -1.5 1.5 -0.5 -0.5 -0.5 0.5 0.1 0.1 0.01 0.01  
  0 0 0 0.1 0 0 -1 1 0.4 0.5 0.5 -1 1 -2 -2 -1.5 1.5 -0.5 -0.5 -0.5 0.5 0.1 0.1 0.01 0.01  
  0 0 0 0.1 0 0 -1 1 0.4 0.5 0.5 -1 1 -2 -2 -1.5 1.5 -0.5 -0.5 -0.5 0.5 0.1 0.1 0.01 0.01  
  0 0 0 0.1 0 0 -1 1 0.4 0.5 0.5 -1 1 -2 -2 -1.5 1.5 -0.5 -0.5 -0.5 0.5 0.1 0.1 0.01 0.01  
  0 0 0 0.1 0 0 -1 1 0.4 0.5 0.5 -1 1 -2 -2 -1.5 1.5 -0.5 -0.5 -0.5 0.5 0.1 0.1 0.01 0.01  
  0 0 0 0.1 0 0 -1 1 0.4 0.5 0.5 -1 1 -2 -2 -1.5 1.5 -0.5 -0.5 -0.5 0.5 0.1 0.1 0.01 0.01  
  0 0 0 0.1 0 0 -1 1 0.4 0.5 0.5 -1 1 -2 -2 -1.5 1.5 -0.5 -0.5 -0.5 0.5 0.1 0.1 0.01 0.01  
  0 0 0 0.1 0 0 -1 1 0.4 0.5 0.5 -1 1 -2 -2 -1.5 1.5 -0.5 -0.5 -0.5 0.5 0.1 0.1 0.01 0.01  
  0 0 0 0.1 0 0 -1 1 0.4 0.5 0.5 -1 1 -2 -2 -1.5 1.5 -0.5 -0.5 -0.5 0.5 0.1 0.1 0.01 0.01  
  0 0 0 0.1 0 0 -1 1 0.4 0.5 0.5 -1 1 -2 -2 -1.5 1.5 -0.5 -0.5 -0.5 0.5 0.1 0.1 0.01 0.01  
  0 0 0 0.1 0 0 -1 1 0.4 0.5 0.5 -1 1 -2 -2 -1.5 1.5 -0.5 -0.5 -0.5 0.5 0.1 0.1 0.01 0.01  
  0 0 0 0.1 0 0 -1 1 0.4 0.5 0.5 -1 1 -2 -2 -1.5 1.5 -0.5 -0.5 -0.5 0.5 0.1 0.1 0.01 0.01  
  0 0 0 0.1 0 0 -1 1 0.4 0.5 0.5 -1 1 -2 -2 -1.5 1.5 -0.5 -0.5 -0.5 0.5 0.1 0.1 0.01 0.01  
  0 0 0 0.1 0 0 -1 1 0.4 0.5 0.5 -1 1 -2 -2 -1.5 1.5 -0.5 -0.5 -0.5 0.5 0.1 0.1 0.01 0.01  
  0 0 0 0.1 0 0 -1 1 0.4 0.5 0.5 -1 1 -2 -2 -1.5 1.5 -0.5 -0.5 -0.5 0.5 0.1 0.1 0.01 0.01  
  0 0 0 0.1 0 0 -1 1 0.4 0.5 0.5 -1 1 -2 -2 -1.5 1.5 -0.5 -0.5 -0.5 0.5 0.1 0.1 0.01 0.01  
  0 0 0 0.1 0 0 -1 1 0.4 0.5 0.5 -1 1 -2 -2 -1.5 1.5 -0.5 -0.5 -0.5 0.5 0.1 0.1 0.01 0.01  
  0 0 0 0.1 0 0 -1 1 0.4 0.5 0.5 -1 1 -2 -2 -1.5 1.5 -0.5 -0.5 -0.5 0.5 0.1 0.1 0.01 0.01  
  0 0 0 0.1 0 0 -1 1 0.4 0.5 0.5 -1 1 -2 -2 -1.5 1.5 -0.5 -0.5 -0.5 0.5 0.1 0.1 0.01 0.01  
  0 0 0 0.1 0 0 -1 1 0.4 0.5 0.5 -1 1 -2 -2 -1.5 1.5 -0.5 -0.5 -0.5 0.5 0.1 0.1 0.01 0.01  
  0 0 0 0.1 0 0 -1 1 0.4 0.5 0.5 -1 1 -2 -2 -1.5 1.5 -0.5 -0.5 -0.5 0.5 0.1 0.1 0.01 0.01  
  0 0 0 0.1 0 0 -1 1 0.4 0.5 0.5 -1 1 -2 -2 -1.5 1.5 -0.5 -0.5 -0.5 0.5 0.1 0.1 0.01 0.01  
  0 0 0 0.1 0 0 -1 1 0.4 0.5 0.5 -1 1 -2 -2 -1.5 1.5 -0.5 -0.5 -0.5 0.5 0.1 0.1 0.01 0.01  
  0 0 0 0.1 0 0 -1 1 0.4 0.5 0.5 -1 1 -2 -2 -1.5 1.5 -0.5 -0.5 -0.5 0.5 0.1 0.1 0.01 0.01  
  0 0 0 0.1 0 0 -1 1 0.4 0.5 0.5 -1 1 -2 -2 -1.5 1.5 -0.5 -0.5 -0.5 0.5 0.1 0.1 0.01 0.01  
  0 0 0 0.1 0 0 -1 1 0.4 0.5 0.5 -1 1 -2 -2 -1.5 1.5 -0.5 -0.5 -0.5 0.5 0.1 0.1 0.01 0.01  
  0 0 0 0.1 1.56434e-314 0 -1 1 0.4 0.5 0.5 -1 1 -2 -2 -1.5 1.5 -0.5 -0.5 -0.5 0.5 0.1 0.1 0.01 0.01  
  0 0 0 0.1 1.56434e-314 0 -1 1 0.4 0.5 0.5 -1 1 -2 -2 -1.5 1.5 -0.5 -0.5 -0.5 0.5 0.1 0.1 0.01 0.01  
  0 0 0 0.1 1.56434e-314 0 -1 1 0.4 0.5 0.5 -1 1 -2 -2 -1.5 1.5 -0.5 -0.5 -0.5 0.5 0.1 0.1 0.01 0.01  
  0 0 0 0.1 1.56434e-314 0 -1 1 0.4 0.5 0.5 -1 1 -2 -2 -1.5 1.5 -0.5 -0.5 -0.5 0.5 0.1 0.1 0.01 0.01  
  0 0 0 0.1 1.56434e-314 0 -1 1 0.4 0.5 0.5 -1 1 -2 -2 -1.5 1.5 -0.5 -0.5 -0.5 0.5 0.1 0.1 0.01 0.01  
  0 0 0 0.1 6.24172e-314 0 -1 1 0.4 0.5 0.5 -1 1 -2 -2 -1.5 1.5 -0.5 -0.5 -0.5 0.5 0.1 0.1 0.01 0.01  
  0 0 0 0.1 6.24172e-314 0 -1 1 0.4 0.5 0.5 -1 1 -2 -2 -1.5 1.5 -0.5 -0.5 -0.5 0.5 0.1 0.1 0.01 0.01  
  0 0 0 0.1 6.24172e-314 0 -1 1 0.4 0.5 0.5 -1 1 -2 -2 -1.5 1.5 -0.5 -0.5 -0.5 0.5 0.1 0.1 0.01 0.01  
  0 0 0 0.1 6.24172e-314 0 -1 1 0.4 0.5 0.5 -1 1 -2 -2 -1.5 1.5 -0.5 -0.5 -0.5 0.5 0.1 0.1 0.01 0.01  
  0 0 0 0.1 6.24172e-314 0 -1 1 0.4 0.5 0.5 -1 1 -2 -2 -1.5 1.5 -0.5 -0.5 -0.5 0.5 0.1 0.1 0.01 0.01  
  0 0 0 0.1 1.4001e-313 0 -1 1 0.4 0.5 0.5 -1 1 -2 -2 -1.5 1.5 -0.5 -0.5 -0.5 0.5 0.1 0.1 0.01 0.01  
  0 0 0 0.1 1.4001e-313 0 -1 1 0.4 0.5 0.5 -1 1 -2 -2 -1.5 1.5 -0.5 -0.5 -0.5 0.5 0.1 0.1 0.01 0.01  
  0 0 0 0.1 1.4001e-313 0 -1 1 0.4 0.5 0.5 -1 1 -2 -2 -1.5 1.5 -0.5 -0.5 -0.5 0.5 0.1 0.1 0.01 0.01  
  0 0 0 0.1 1.4001e-313 0 -1 1 0.4 0.5 0.5 -1 1 -2 -2 -1.5 1.5 -0.5 -0.5 -0.5 0.5 0.1 0.1 0.01 0.01  
  0 0 0 0.1 2.48114e-313 0 -1 1 0.4 0.5 0.5 -1 1 -2 -2 -1.5 1.5 -0.5 -0.5 -0.5 0.5 0.1 0.1 0.01 0.01  
  0 0 0 0.1 2.48114e-313 0 -1 1 0.4 0.5 0.5 -1 1 -2 -2 -1.5 1.5 -0.5 -0.5 -0.5 0.5 0.1 0.1 0.01 0.01  
  0 0 0 0.1 2.48114e-313 0 -1 1 0.4 0.5 0.5 -1 1 -2 -2 -1.5 1.5 -0.5 -0.5 -0.5 0.5 0.1 0.1 0.01 0.01  
  0 0 0 0.1 2.48114e-313 0 -1 1 0.4 0.5 0.5 -1 1 -2 -2 -1.5 1.5 -0.5 -0.5 -0.5 0.5 0.1 0.1 0.01 0.01  
  0 0 0 0.1 2.48114e-313 0 -1 1 0.4 0.5 0.5 -1 1 -2 -2 -1.5 1.5 -0.5 -0.5 -0.5 0.5 0.1 0.1 0.01 0.01  
  0 0 0 0.1 2.48114e-313 0 -1 1 0.4 0.5 0.5 -1 1 -2 -2 -1.5 1.5 -0.5 -0.5 -0.5 0.5 0.1 0.1 0.01 0.01  
  0 0 0 0.1 3.86423e-313 0 -1 1 0.4 0.5 0.5 -1 1 -2 -2 -1.5 1.5 -0.5 -0.5 -0.5 0.5 0.1 0.1 0.01 0.01  
  0 0 0 0.1 3.86423e-313 0 -1 1 0.4 0.5 0.5 -1 1 -2 -2 -1.5 1.5 -0.5 -0.5 -0.5 0.5 0.1 0.1 0.01 0.01  
  0 0 0 0.1 3.86423e-313 0 -1 1 0.4 0.5 0.5 -1 1 -2 -2 -1.5 1.5 -0.5 -0.5 -0.5 0.5 0.1 0.1 0.01 0.01  
  0 0 0 0.1 3.86423e-313 0 -1 1 0.4 0.5 0.5 -1 1 -2 -2 -1.5 1.5 -0.5 -0.5 -0.5 0.5 0.1 0.1 0.01 0.01  
  0 0 0 0.1 3.86423e-313 0 -1 1 0.4 0.5 0.5 -1 1 -2 -2 -1.5 1.5 -0.5 -0.5 -0.5 0.5 0.1 0.1 0.01 0.01  
  0 0 0 0.1 3.86423e-313 0 -1 1 0.4 0.5 0.5 -1 1 -2 -2 -1.5 1.5 -0.5 -0.5 -0.5 0.5 0.1 0.1 0.01 0.01  
  0 0 0 0.1 3.86423e-313 0 -1 1 0.4 0.5 0.5 -1 1 -2 -2 -1.5 1.5 -0.5 -0.5 -0.5 0.5 0.1 0.1 0.01 0.01  
  0 0 0 0.1 5.54636e-313 0 -1 1 0.4 0.5 0.5 -1 1 -2 -2 -1.5 1.5 -0.5 -0.5 -0.5 0.5 0.1 0.1 0.01 0.01  
  0 0 0 0.1 5.54636e-313 0 -1 1 0.4 0.5 0.5 -1 1 -2 -2 -1.5 1.5 -0.5 -0.5 -0.5 0.5 0.1 0.1 0.01 0.01  
  0 0 0 0.1 5.54636e-313 0 -1 1 0.4 0.5 0.5 -1 1 -2 -2 -1.5 1.5 -0.5 -0.5 -0.5 0.5 0.1 0.1 0.01 0.01  
  0 0 0 0.1 5.54636e-313 0 -1 1 0.4 0.5 0.5 -1 1 -2 -2 -1.5 1.5 -0.5 -0.5 -0.5 0.5 0.1 0.1 0.01 0.01  
  0 0 0 0.1 5.54636e-313 0 -1 1 0.4 0.5 0.5 -1 1 -2 -2 -1.5 1.5 -0.5 -0.5 -0.5 0.5 0.1 0.1 0.01 0.01  
  0 0 0 0.1 5.54636e-313 0 -1 1 0.4 0.5 0.5 -1 1 -2 -2 -1.5 1.5 -0.5 -0.5 -0.5 0.5 0.1 0.1 0.01 0.01  
  0 0 0 0.1 5.54636e-313 0 -1 1 0.4 0.5 0.5 -1 1 -2 -2 -1.5 1.5 -0.5 -0.5 -0.5 0.5 0.1 0.1 0.01 0.01  
  0 0 0 0.1 5.54636e-313 0 -1 1 0.4 0.5 0.5 -1 1 -2 -2 -1.5 1.5 -0.5 -0.5 -0.5 0.5 0.1 0.1 0.01 0.01  
  0 0 0 0.1 7.52454e-313 0 -1 1 0.4 0.5 0.5 -1 1 -2 -2 -1.5 1.5 -0.5 -0.5 -0.5 0.5 0.1 0.1 0.01 0.01  
  0 0 0 0.1 7.52454e-313 0 -1 1 0.4 0.5 0.5 -1 1 -2 -2 -1.5 1.5 -0.5 -0.5 -0.5 0.5 0.1 0.1 0.01 0.01  
  0 0 0 0.1 7.52454e-313 0 -1 1 0.4 0.5 0.5 -1 1 -2 -2 -1.5 1.5 -0.5 -0.5 -0.5 0.5 0.1 0.1 0.01 0.01  
  0 0 0 0.1 7.52454e-313 0 -1 1 0.4 0.5 0.5 -1 1 -2 -2 -1.5 1.5 -0.5 -0.5 -0.5 0.5 0.1 0.1 0.01 0.01  
  0 0 0 0.1 7.52454e-313 0 -1 1 0.4 0.5 0.5 -1 1 -2 -2 -1.5 1.5 -0.5 -0.5 -0.5 0.5 0.1 0.1 0.01 0.01  
  0 0 0 0.1 9.79581e-313 0 -1 1 0.4 0.5 0.5 -1 1 -2 -2 -1.5 1.5 -0.5 -0.5 -0.5 0.5 0.1 0.1 0.01 0.01  
  0 0 0 0.1 9.79581e-313 0 -1 1 0.4 0.5 0.5 -1 1 -2 -2 -1.5 1.5 -0.5 -0.5 -0.5 0.5 0.1 0.1 0.01 0.01  
  0 0 0 0.1 9.79581e-313 0 -1 1 0.4 0.5 0.5 -1 1 -2 -2 -1.5 1.5 -0.5 -0.5 -0.5 0.5 0.1 0.1 0.01 0.01  
  0 0 0 0.1 9.79581e-313 0 -1 1 0.4 0.5 0.5 -1 1 -2 -2 -1.5 1.5 -0.5 -0.5 -0.5 0.5 0.1 0.1 0.01 0.01  
  0 0 0 0.1 9.79581e-313 0 -1 1 0.4 0.5 0.5 -1 1 -2 -2 -1.5 1.5 -0.5 -0.5 -0.5 0.5 0.1 0.1 0.01 0.01  
  0 0 0 0.1 9.79581e-313 0 -1 1 0.4 0.5 0.5 -1 1 -2 -2 -1.5 1.5 -0.5 -0.5 -0.5 0.5 0.1 0.1 0.01 0.01  
  0 0 0 0.1 9.79581e-313 0 -1 1 0.4 0.5 0.5 -1 1 -2 -2 -1.5 1.5 -0.5 -0.5 -0.5 0.5 0.1 0.1 0.01 0.01  
  0 0 0 0.1 1.23572e-312 0 -1 1 0.4 0.5 0.5 -1 1 -2 -2 -1.5 1.5 -0.5 -0.5 -0.5 0.5 0.1 0.1 0.01 0.01  
  0 0 0 0.1 1.23572e-312 0 -1 1 0.4 0.5 0.5 -1 1 -2 -2 -1.5 1.5 -0.5 -0.5 -0.5 0.5 0.1 0.1 0.01 0.01  
  0 0 0 0.1 1.23572e-312 0 -1 1 0.4 0.5 0.5 -1 1 -2 -2 -1.5 1.5 -0.5 -0.5 -0.5 0.5 0.1 0.1 0.01 0.01  
  0 0 0 0.1 1.23572e-312 0 -1 1 0.4 0.5 0.5 -1 1 -2 -2 -1.5 1.5 -0.5 -0.5 -0.5 0.5 0.1 0.1 0.01 0.01  
  0 0 0 0.1 1.23572e-312 0 -1 1 0.4 0.5 0.5 -1 1 -2 -2 -1.5 1.5 -0.5 -0.5 -0.5 0.5 0.1 0.1 0.01 0.01  
  0 0 0 0.1 1.23572e-312 0 -1 1 0.4 0.5 0.5 -1 1 -2 -2 -1.5 1.5 -0.5 -0.5 -0.5 0.5 0.1 0.1 0.01 0.01  
  0 0 0 0.1 1.23572e-312 0 -1 1 0.4 0.5 0.5 -1 1 -2 -2 -1.5 1.5 -0.5 -0.5 -0.5 0.5 0.1 0.1 0.01 0.01  
  0 0 0 0.1 1.52059e-312 0 -1 1 0.4 0.5 0.5 -1 1 -2 -2 -1.5 1.5 -0.5 -0.5 -0.5 0.5 0.1 0.1 0.01 0.01  
  0 0 0 0.1 1.52059e-312 0 -1 1 0.4 0.5 0.5 -1 1 -2 -2 -1.5 1.5 -0.5 -0.5 -0.5 0.5 0.1 0.1 0.01 0.01  
  0 0 0 0.1 1.52059e-312 0 -1 1 0.4 0.5 0.5 -1 1 -2 -2 -1.5 1.5 -0.5 -0.5 -0.5 0.5 0.1 0.1 0.01 0.01  
  0 0 0 0.1 1.8339e-312 0 -1 1 0.4 0.5 0.5 -1 1 -2 -2 -1.5 1.5 -0.5 -0.5 -0.5 0.5 0.1 0.1 0.01 0.01  
  0 0 0 0.1 2.17535e-312 0 -1 1 0.4 0.5 0.5 -1 1 -2 -2 -1.5 1.5 -0.5 -0.5 -0.5 0.5 0.1 0.1 0.01 0.01  
  0 0 0 0.1 2.17535e-312 0 -1 1 0.4 0.5 0.5 -1 1 -2 -2 -1.5 1.5 -0.5 -0.5 -0.5 0.5 0.1 0.1 0.01 0.01  
  0 0 0 0.1 2.17535e-312 0 -1 1 0.4 0.5 0.5 -1 1 -2 -2 -1.5 1.5 -0.5 -0.5 -0.5 0.5 0.1 0.1 0.01 0.01  
  0 0 0 0.1 2.54469e-312 0 -1 1 0.4 0.5 0.5 -1 1 -2 -2 -1.5 1.5 -0.5 -0.5 -0.5 0.5 0.1 0.1 0.01 0.01  
  0 0 0 0.1 2.94161e-312 0 -1 1 0.4 0.5 0.5 -1 1 -2 -2 -1.5 1.5 -0.5 -0.5 -0.5 0.5 0.1 0.1 0.01 0.01  
  0 0 0 0.1 2.94161e-312 0 -1 1 0.4 0.5 0.5 -1 1 -2 -2 -1.5 1.5 -0.5 -0.5 -0.5 0.5 0.1 0.1 0.01 0.01  
  0 0 0 0.1 3.36585e-312 0 -1 1 0.4 0.5 0.5 -1 1 -2 -2 -1.5 1.5 -0.5 -0.5 -0.5 0.5 0.1 0.1 0.01 0.01  
  0 0 0 0.1 3.36585e-312 0 -1 1 0.4 0.5 0.5 -1 1 -2 -2 -1.5 1.5 -0.5 -0.5 -0.5 0.5 0.1 0.1 0.01 0.01  
  0 0 0 0.1 3.81714e-312 0 -1 1 0.4 0.5 0.5 -1 1 -2 -2 -1.5 1.5 -0.5 -0.5 -0.5 0.5 0.1 0.1 0.01 0.01  
  0 0 0 0.1 3.81714e-312 0 -1 1 0.4 0.5 0.5 -1 1 -2 -2 -1.5 1.5 -0.5 -0.5 -0.5 0.5 0.1 0.1 0.01 0.01  
  0 0 0 0.1 4.2952e-312 0 -1 1 0.4 0.5 0.5 -1 1 -2 -2 -1.5 1.5 -0.5 -0.5 -0.5 0.5 0.1 0.1 0.01 0.01  
  0 0 0 0.1 4.79977e-312 0 -1 1 0.4 0.5 0.5 -1 1 -2 -2 -1.5 1.5 -0.5 -0.5 -0.5 0.5 0.1 0.1 0.01 0.01  
  0 0 0 0.1 4.79977e-312 0 -1 1 0.4 0.5 0.5 -1 1 -2 -2 -1.5 1.5 -0.5 -0.5 -0.5 0.5 0.1 0.1 0.01 0.01  
  0 0 0 0.1 5.33058e-312 0 -1 1 0.4 0.5 0.5 -1 1 -2 -2 -1.5 1.5 -0.5 -0.5 -0.5 0.5 0.1 0.1 0.01 0.01  
  0 0 0 0.1 5.88736e-312 0 -1 1 0.4 0.5 0.5 -1 1 -2 -2 -1.5 1.5 -0.5 -0.5 -0.5 0.5 0.1 0.1 0.01 0.01  
  0 0 0 0.1 5.88736e-312 0 -1 1 0.4 0.5 0.5 -1 1 -2 -2 -1.5 1.5 -0.5 -0.5 -0.5 0.5 0.1 0.1 0.01 0.01  
  0 0 0 0.1 6.46987e-312 0 -1 1 0.4 0.5 0.5 -1 1 -2 -2 -1.5 1.5 -0.5 -0.5 -0.5 0.5 0.1 0.1 0.01 0.01  
  0 0 0 0.1 6.46987e-312 0 -1 1 0.4 0.5 0.5 -1 1 -2 -2 -1.5 1.5 -0.5 -0.5 -0.5 0.5 0.1 0.1 0.01 0.01  
  0 0 0 0.1 7.07784e-312 0 -1 1 0.4 0.5 0.5 -1 1 -2 -2 -1.5 1.5 -0.5 -0.5 -0.5 0.5 0.1 0.1 0.01 0.01  
  0 0 0 0.1 7.71101e-312 0 -1 1 0.4 0.5 0.5 -1 1 -2 -2 -1.5 1.5 -0.5 -0.5 -0.5 0.5 0.1 0.1 0.01 0.01  
  0 0 0 0.1 7.71101e-312 0 -1 1 0.4 0.5 0.5 -1 1 -2 -2 -1.5 1.5 -0.5 -0.5 -0.5 0.5 0.1 0.1 0.01 0.01  
  0 0 0 0.1 8.36914e-312 0 -1 1 0.4 0.5 0.5 -1 1 -2 -2 -1.5 1.5 -0.5 -0.5 -0.5 0.5 0.1 0.1 0.01 0.01  
  0 0 0 0.1 8.36914e-312 0 -1 1 0.4 0.5 0.5 -1 1 -2 -2 -1.5 1.5 -0.5 -0.5 -0.5 0.5 0.1 0.1 0.01 0.01  
  0 0 0 0.1 9.05198e-312 0 -1 1 0.4 0.5 0.5 -1 1 -2 -2 -1.5 1.5 -0.5 -0.5 -0.5 0.5 0.1 0.1 0.01 0.01  
  0 0 0 0.1 9.75927e-312 0 -1 1 0.4 0.5 0.5 -1 1 -2 -2 -1.5 1.5 -0.5 -0.5 -0.5 0.5 0.1 0.1 0.01 0.01  
  0 0 0 0.1 1.04908e-311 0 -1 1 0.4 0.5 0.5 -1 1 -2 -2 -1.5 1.5 -0.5 -0.5 -0.5 0.5 0.1 0.1 0.01 0.01  
