  0 0 0 0 0 0 0 0 0 0 0 0 0 0 0 0 0 0 0 0 0 0 0 0 0  
  0 0 0 0 0 0 0 0 0 0 0 0 0 0 0 0 0 0 0 0 0 0 0 0 0  
  0 0 0 0 0 0 0 0 0 0 0 0 0 0 0 0 0 0 0 0 0 0 0 0 0  
  0 0 0 0 0 0 0 0 0 0 0 0 0 0 0 0 0 0 0 0 0 0 0 0 0  
  0 0 0 0 0 0 0 0 0 0 0 0 0 0 0 0 0 0 0 0 0 0 0 0 0  
  0 0 0 0 0 0 0 0 0 0 0 0 0 0 0 0 0 0 0 0 0 0 0 0 0  
  0 0 0 0 0 0 0 0 0 0 0 0 0 0 0 0 0 0 0 0 0 0 0 0 0  
  0 0 0 0 0 0 0 0 0 0 0 0 0 0 0 0 0 0 0 0 0 0 0 0 0  
  0 0 0 0 0 0 0 0 0 0 0 0 0 0 0 0 0 0 0 0 0 0 0 0 0  
  0 0 0 0 0 0 0 0 0 0 0 0 0 0 0 0 0 0 0 0 0 0 0 0 0  
  0 0 0 0 0 0 0 0 0 0 0 0 0 0 0 0 0 0 0 0 0 0 0 0 0  
  0 0 0 0 0 0 0 0 0 0 0 0 0 0 0 0 0 0 0 0 0 0 0 0 0  
  0 0 0 0 0 0 0 0 0 0 0 0 0 0 0 0 0 0 0 0 0 0 0 0 0  
  0 0 0 0 0 0 0 0 0 0 0 0 0 0 0 0 0 0 0 0 0 0 0 0 0  
  0 0 0 0 0 0 0 0 0 0 0 0 0 0 0 0 0 0 0 0 0 0 0 0 0  
  0 0 0 0 0 0 0 0 0 0 0 0 0 0 0 0 0 0 0 0 0 0 0 0 0  
  0 0 0 0 0 0 0 0 0 0 0 0 0 0 0 0 0 0 0 0 0 0 0 0 0  
  0 0 0 0 0 0 0 0 0 0 0 0 0 0 0 0 0 0 0 0 0 0 0 0 0  
  0 0 0 0 0 0 0 0 0 0 0 0 0 0 0 0 0 0 0 0 0 0 0 0 0  
  0 0 0 0 0 0 0 0 0 0 0 0 0 0 0 0 0 0 0 0 0 0 0 0 0  
  0 0 0 0 0 0 0 0 0 0 0 0 0 0 0 0 0 0 0 0 0 0 0 0 0  
  0 0 0 0 0 0 0 0 0 0 0 0 0 0 0 0 0 0 0 0 0 0 0 0 0  
  0 0 0 0 0 0 0 0 0 0 0 0 0 0 0 0 0 0 0 0 0 0 0 0 0  
  0 0 0 0 0 0 0 0 0 0 0 0 0 0 0 0 0 0 0 0 0 0 0 0 0  
  0 0 0 0 0 0 0 0 0 0 0 0 0 0 0 0 0 0 0 0 0 0 0 0 0  
  0 0 0 0 0 0 0 0 0 0 0 0 0 0 0 0 0 0 0 0 0 0 0 0 0  
  0 0 0 0 0 0 0 0 0 0 0 0 0 0 0 0 0 0 0 0 0 0 0 0 0  
  0 0 0 0 0 0 0 0 0 0 0 0 0 0 0 0 0 0 0 0 0 0 0 0 0  
  0 0 0 0 0 0 0 0 0 0 0 0 0 0 0 0 0 0 0 0 0 0 0 0 0  
  0 0 0 0 0 0 0 0 0 0 0 0 0 0 0 0 0 0 0 0 0 0 0 0 0  
  0 0 0 0 0 0 0 0 0 0 0 0 0 0 0 0 0 0 0 0 0 0 0 0 0  
  0 0 0 0 0 0 0 0 0 0 0 0 0 0 0 0 0 0 0 0 0 0 0 0 0  
  0 0 0 0 0 0 0 0 0 0 0 0 0 0 0 0 0 0 0 0 0 0 0 0 0  
  0 0 0 0 0 0 0 0 0 0 0 0 0 0 0 0 0 0 0 0 0 0 0 0 0  
  0 0 0 0 0 0 0 0 0 0 0 0 0 0 0 0 0 0 0 0 0 0 0 0 0  
  0 0 0 0 0 0 0 0 0 0 0 0 0 0 0 0 0 0 0 0 0 0 0 0 0  
  0 0 0 0 0 0 0 0 0 0 0 0 0 0 0 0 0 0 0 0 0 0 0 0 0  
  0 0 0 0 0 0 0 0 0 0 0 0 0 0 0 0 0 0 0 0 0 0 0 0 0  
  0 0 0 0 0 0 0 0 0 0 0 0 0 0 0 0 0 0 0 0 0 0 0 0 0  
  0 0 0 0 0 0 0 0 0 0 0 0 0 0 0 0 0 0 0 0 0 0 0 0 0  
  0 0 0 0 0 0 0 0 0 0 0 0 0 0 0 0 0 0 0 0 0 0 0 0 0  
  0 0 0 0 0 0 0 0 0 0 0 0 0 0 0 0 0 0 0 0 0 0 0 0 0  
  0 0 0 0 0 0 0 0 0 0 0 0 0 0 0 0 0 0 0 0 0 0 0 0 0  
  0 0 0 0 0 0 0 0 0 0 0 0 0 0 0 0 0 0 0 0 0 0 0 0 0  
  0 0 0 0 0 0 0 0 0 0 0 0 0 0 0 0 0 0 0 0 0 0 0 0 0  
  0 0 0 0 0 0 0 0 0 0 0 0 0 0 0 0 0 0 0 0 0 0 0 0 0  
  0 0 0 0 0 0 0 0 0 0 0 0 0 0 0 0 0 0 0 0 0 0 0 0 0  
  0 0 0 0 0 0 0 0 0 0 0 0 0 0 0 0 0 0 0 0 0 0 0 0 0  
  0 0 0 0 0 0 0 0 0 0 0 0 0 0 0 0 0 0 0 0 0 0 0 0 0  
  0 0 0 0 0 0 0 0 0 0 0 0 0 0 0 0 0 0 0 0 0 0 0 0 0  
  0 0 0 0 0 0 0 0 0 0 0 0 0 0 0 0 0 0 0 0 0 0 0 0 0  
  0 0 0 0 0 0 0 0 0 0 0 0 0 0 0 0 0 0 0 0 0 0 0 0 0  
  0 0 0 0 0 0 0 0 0 0 0 0 0 0 0 0 0 0 0 0 0 0 0 0 0  
  0 0 0 0 0 0 0 0 0 0 0 0 0 0 0 0 0 0 0 0 0 0 0 0 0  
  0 0 0 0 0 0 0 0 0 0 0 0 0 0 0 0 0 0 0 0 0 0 0 0 0  
  0 0 0 0 0 0 0 0 0 0 0 0 0 0 0 0 0 0 0 0 0 0 0 0 0  
  0 0 0 0 0 0 0 0 0 0 0 0 0 0 0 0 0 0 0 0 0 0 0 0 0  
  0 0 0 0 0 0 0 0 0 0 0 0 0 0 0 0 0 0 0 0 0 0 0 0 0  
  0 0 0 0 0 0 0 0 0 0 0 0 0 0 0 0 0 0 0 0 0 0 0 0 0  
  0 0 0 0 0 0 0 0 0 0 0 0 0 0 0 0 0 0 0 0 0 0 0 0 0  
  0 0 0 0 0 0 0 0 0 0 0 0 0 0 0 0 0 0 0 0 0 0 0 0 0  
  0 0 0 0 0 0 0 0 0 0 0 0 0 0 0 0 0 0 0 0 0 0 0 0 0  
  0 0 0 0 0 0 0 0 0 0 0 0 0 0 0 0 0 0 0 0 0 0 0 0 0  
  0 0 0 0 0 0 0 0 0 0 0 0 0 0 0 0 0 0 0 0 0 0 0 0 0  
  0 0 0 0 0 0 0 0 0 0 0 0 0 0 0 0 0 0 0 0 0 0 0 0 0  
  0 0 0 0 0 0 0 0 0 0 0 0 0 0 0 0 0 0 0 0 0 0 0 0 0  
  0 0 0 2.58809e-313 3.12868e-312 0 1.26578e-312 6.76807e-313 0 5.33283e-312 -3.42805e-312 3.31416e-312 7.97318e-312 1.05911e-312 3.26097e-312 1.40501e-311 2.17218e-314 -4.99704e-312 8.33651e-312 -1.66884e-311 1.39931e-312 5.42816e-312 1.91156e-312 0 -8.68235e-311  
  0 0 0 2.58809e-313 3.12868e-312 0 1.26578e-312 6.76807e-313 0 5.33283e-312 -3.42805e-312 3.31416e-312 7.97318e-312 1.05911e-312 3.26097e-312 1.40501e-311 2.17218e-314 -4.99704e-312 8.33651e-312 -1.66884e-311 1.39931e-312 5.42816e-312 1.91156e-312 0 -8.68235e-311  
  0 0 0 2.58809e-313 3.12868e-312 0 1.26578e-312 6.76807e-313 0 5.33283e-312 -3.42805e-312 3.31416e-312 7.97318e-312 1.05911e-312 3.26097e-312 1.40501e-311 2.17218e-314 -4.99704e-312 8.33651e-312 -1.66884e-311 1.39931e-312 5.42816e-312 1.91156e-312 0 -8.68235e-311  
  0 0 0 2.58809e-313 3.12868e-312 0 1.26578e-312 6.76807e-313 0 5.33283e-312 -3.42805e-312 3.31416e-312 7.97318e-312 1.05911e-312 3.26097e-312 1.40501e-311 2.17218e-314 -4.99704e-312 8.33651e-312 -1.66884e-311 1.39931e-312 5.42816e-312 1.91156e-312 0 -8.68235e-311  
  0 0 0 2.58809e-313 3.12868e-312 0 1.26578e-312 6.76807e-313 0 5.33283e-312 -3.42805e-312 3.31416e-312 7.97318e-312 1.05911e-312 3.26097e-312 1.40501e-311 2.17218e-314 -4.99704e-312 8.33651e-312 -1.66884e-311 1.39931e-312 5.42816e-312 1.91156e-312 0 -8.68235e-311  
  0 0 0 5.1503e-313 6.22607e-312 0 2.51891e-312 1.34685e-312 0 1.06123e-311 -6.82182e-312 6.59517e-312 1.58666e-311 2.10763e-312 6.48933e-312 2.79597e-311 4.32264e-314 -9.94411e-312 1.65896e-311 -3.321e-311 2.78463e-312 1.0802e-311 3.804e-312 0 -1.72779e-310  
  0 0 0 5.1503e-313 6.22607e-312 0 2.51891e-312 1.34685e-312 0 1.06123e-311 -6.82182e-312 6.59517e-312 1.58666e-311 2.10763e-312 6.48933e-312 2.79597e-311 4.32264e-314 -9.94411e-312 1.65896e-311 -3.321e-311 2.78463e-312 1.0802e-311 3.804e-312 0 -1.72779e-310  
  0 0 0 5.1503e-313 6.22607e-312 0 2.51891e-312 1.34685e-312 0 1.06123e-311 -6.82182e-312 6.59517e-312 1.58666e-311 2.10763e-312 6.48933e-312 2.79597e-311 4.32264e-314 -9.94411e-312 1.65896e-311 -3.321e-311 2.78463e-312 1.0802e-311 3.804e-312 0 -1.72779e-310  
  0 0 0 5.1503e-313 6.22607e-312 0 2.51891e-312 1.34685e-312 0 1.06123e-311 -6.82182e-312 6.59517e-312 1.58666e-311 2.10763e-312 6.48933e-312 2.79597e-311 4.32264e-314 -9.94411e-312 1.65896e-311 -3.321e-311 2.78463e-312 1.0802e-311 3.804e-312 0 -1.72779e-310  
  0 0 0 5.1503e-313 6.22607e-312 0 2.51891e-312 1.34685e-312 0 1.06123e-311 -6.82182e-312 6.59517e-312 1.58666e-311 2.10763e-312 6.48933e-312 2.79597e-311 4.32264e-314 -9.94411e-312 1.65896e-311 -3.321e-311 2.78463e-312 1.0802e-311 3.804e-312 0 -1.72779e-310  
  0 0 0 7.68689e-313 9.29249e-312 0 3.7595e-312 2.01018e-312 0 1.5839e-311 -1.01816e-311 9.84338e-312 2.36812e-311 3.14566e-312 9.6854e-312 4.17302e-311 6.45159e-314 -1.48417e-311 2.47603e-311 -4.95663e-311 4.1561e-312 1.61222e-311 5.67751e-312 0 -2.57874e-310  
  0 0 0 7.68689e-313 9.29249e-312 0 3.7595e-312 2.01018e-312 0 1.5839e-311 -1.01816e-311 9.84338e-312 2.36812e-311 3.14566e-312 9.6854e-312 4.17302e-311 6.45159e-314 -1.48417e-311 2.47603e-311 -4.95663e-311 4.1561e-312 1.61222e-311 5.67751e-312 0 -2.57874e-310  
  0 0 0 7.68689e-313 9.29249e-312 0 3.7595e-312 2.01018e-312 0 1.5839e-311 -1.01816e-311 9.84338e-312 2.36812e-311 3.14566e-312 9.6854e-312 4.17302e-311 6.45159e-314 -1.48417e-311 2.47603e-311 -4.95663e-311 4.1561e-312 1.61222e-311 5.67751e-312 0 -2.57874e-310  
  0 0 0 7.68689e-313 9.29249e-312 0 3.7595e-312 2.01018e-312 0 1.5839e-311 -1.01816e-311 9.84338e-312 2.36812e-311 3.14566e-312 9.6854e-312 4.17302e-311 6.45159e-314 -1.48417e-311 2.47603e-311 -4.95663e-311 4.1561e-312 1.61222e-311 5.67751e-312 0 -2.57874e-310  
  0 0 0 1.01981e-312 1.23282e-311 0 4.98769e-312 2.66689e-312 0 2.10135e-311 -1.35079e-311 1.30591e-311 3.14175e-311 4.17331e-312 1.28495e-311 5.5363e-311 8.55925e-314 -1.96903e-311 3.28492e-311 -6.57591e-311 5.51385e-312 2.13891e-311 7.53229e-312 0 -3.42119e-310  
  0 0 0 1.01981e-312 1.23282e-311 0 4.98769e-312 2.66689e-312 0 2.10135e-311 -1.35079e-311 1.30591e-311 3.14175e-311 4.17331e-312 1.28495e-311 5.5363e-311 8.55925e-314 -1.96903e-311 3.28492e-311 -6.57591e-311 5.51385e-312 2.13891e-311 7.53229e-312 0 -3.42119e-310  
  0 0 0 1.01981e-312 1.23282e-311 0 4.98769e-312 2.66689e-312 0 2.10135e-311 -1.35079e-311 1.30591e-311 3.14175e-311 4.17331e-312 1.28495e-311 5.5363e-311 8.55925e-314 -1.96903e-311 3.28492e-311 -6.57591e-311 5.51385e-312 2.13891e-311 7.53229e-312 0 -3.42119e-310  
  0 0 0 1.01981e-312 1.23282e-311 0 4.98769e-312 2.66689e-312 0 2.10135e-311 -1.35079e-311 1.30591e-311 3.14175e-311 4.17331e-312 1.28495e-311 5.5363e-311 8.55925e-314 -1.96903e-311 3.28492e-311 -6.57591e-311 5.51385e-312 2.13891e-311 7.53229e-312 0 -3.42119e-310  
  0 0 0 1.01981e-312 1.23282e-311 0 4.98769e-312 2.66689e-312 0 2.10135e-311 -1.35079e-311 1.30591e-311 3.14175e-311 4.17331e-312 1.28495e-311 5.5363e-311 8.55925e-314 -1.96903e-311 3.28492e-311 -6.57591e-311 5.51385e-312 2.13891e-311 7.53229e-312 0 -3.42119e-310  
  0 0 0 1.01981e-312 1.23282e-311 0 4.98769e-312 2.66689e-312 0 2.10135e-311 -1.35079e-311 1.30591e-311 3.14175e-311 4.17331e-312 1.28495e-311 5.5363e-311 8.55925e-314 -1.96903e-311 3.28492e-311 -6.57591e-311 5.51385e-312 2.13891e-311 7.53229e-312 0 -3.42119e-310  
  0 0 0 1.26842e-312 1.53336e-311 0 6.20359e-312 3.31703e-312 0 2.61362e-311 -1.68009e-311 1.62427e-311 3.90765e-311 5.19069e-312 1.5982e-311 6.88595e-311 1.06458e-313 -2.44905e-311 4.08572e-311 -8.17899e-311 6.85802e-312 2.66034e-311 9.36853e-312 0 -4.25521e-310  
  0 0 0 1.26842e-312 1.53336e-311 0 6.20359e-312 3.31703e-312 0 2.61362e-311 -1.68009e-311 1.62427e-311 3.90765e-311 5.19069e-312 1.5982e-311 6.88595e-311 1.06458e-313 -2.44905e-311 4.08572e-311 -8.17899e-311 6.85802e-312 2.66034e-311 9.36853e-312 0 -4.25521e-310  
  0 0 0 1.26842e-312 1.53336e-311 0 6.20359e-312 3.31703e-312 0 2.61362e-311 -1.68009e-311 1.62427e-311 3.90765e-311 5.19069e-312 1.5982e-311 6.88595e-311 1.06458e-313 -2.44905e-311 4.08572e-311 -8.17899e-311 6.85802e-312 2.66034e-311 9.36853e-312 0 -4.25521e-310  
  0 0 0 1.26842e-312 1.53336e-311 0 6.20359e-312 3.31703e-312 0 2.61362e-311 -1.68009e-311 1.62427e-311 3.90765e-311 5.19069e-312 1.5982e-311 6.88595e-311 1.06458e-313 -2.44905e-311 4.08572e-311 -8.17899e-311 6.85802e-312 2.66034e-311 9.36853e-312 0 -4.25521e-310  
  0 0 0 1.26842e-312 1.53336e-311 0 6.20359e-312 3.31703e-312 0 2.61362e-311 -1.68009e-311 1.62427e-311 3.90765e-311 5.19069e-312 1.5982e-311 6.88595e-311 1.06458e-313 -2.44905e-311 4.08572e-311 -8.17899e-311 6.85802e-312 2.66034e-311 9.36853e-312 0 -4.25521e-310  
  0 0 0 1.26842e-312 1.53336e-311 0 6.20359e-312 3.31703e-312 0 2.61362e-311 -1.68009e-311 1.62427e-311 3.90765e-311 5.19069e-312 1.5982e-311 6.88595e-311 1.06458e-313 -2.44905e-311 4.08572e-311 -8.17899e-311 6.85802e-312 2.66034e-311 9.36853e-312 0 -4.25521e-310  
  0 0 0 1.26842e-312 1.53336e-311 0 6.20359e-312 3.31703e-312 0 2.61362e-311 -1.68009e-311 1.62427e-311 3.90765e-311 5.19069e-312 1.5982e-311 6.88595e-311 1.06458e-313 -2.44905e-311 4.08572e-311 -8.17899e-311 6.85802e-312 2.66034e-311 9.36853e-312 0 -4.25521e-310  
  0 0 0 1.51455e-312 1.8309e-311 0 7.40734e-312 3.96066e-312 0 3.12076e-311 -2.00609e-311 1.93944e-311 4.6659e-311 6.19789e-312 1.90831e-311 8.2221e-311 1.27116e-313 -2.92426e-311 4.87851e-311 -9.76604e-311 8.18875e-312 3.17655e-311 1.11864e-311 0 -5.0809e-310  
  0 0 0 1.51455e-312 1.8309e-311 0 7.40734e-312 3.96066e-312 0 3.12076e-311 -2.00609e-311 1.93944e-311 4.6659e-311 6.19789e-312 1.90831e-311 8.2221e-311 1.27116e-313 -2.92426e-311 4.87851e-311 -9.76604e-311 8.18875e-312 3.17655e-311 1.11864e-311 0 -5.0809e-310  
  0 0 0 1.51455e-312 1.8309e-311 0 7.40734e-312 3.96066e-312 0 3.12076e-311 -2.00609e-311 1.93944e-311 4.6659e-311 6.19789e-312 1.90831e-311 8.2221e-311 1.27116e-313 -2.92426e-311 4.87851e-311 -9.76604e-311 8.18875e-312 3.17655e-311 1.11864e-311 0 -5.0809e-310  
  0 0 0 1.51455e-312 1.8309e-311 0 7.40734e-312 3.96066e-312 0 3.12076e-311 -2.00609e-311 1.93944e-311 4.6659e-311 6.19789e-312 1.90831e-311 8.2221e-311 1.27116e-313 -2.92426e-311 4.87851e-311 -9.76604e-311 8.18875e-312 3.17655e-311 1.11864e-311 0 -5.0809e-310  
  0 0 0 1.51455e-312 1.8309e-311 0 7.40734e-312 3.96066e-312 0 3.12076e-311 -2.00609e-311 1.93944e-311 4.6659e-311 6.19789e-312 1.90831e-311 8.2221e-311 1.27116e-313 -2.92426e-311 4.87851e-311 -9.76604e-311 8.18875e-312 3.17655e-311 1.11864e-311 0 -5.0809e-310  
  0 0 0 1.51455e-312 1.8309e-311 0 7.40734e-312 3.96066e-312 0 3.12076e-311 -2.00609e-311 1.93944e-311 4.6659e-311 6.19789e-312 1.90831e-311 8.2221e-311 1.27116e-313 -2.92426e-311 4.87851e-311 -9.76604e-311 8.18875e-312 3.17655e-311 1.11864e-311 0 -5.0809e-310  
  0 0 0 1.51455e-312 1.8309e-311 0 7.40734e-312 3.96066e-312 0 3.12076e-311 -2.00609e-311 1.93944e-311 4.6659e-311 6.19789e-312 1.90831e-311 8.2221e-311 1.27116e-313 -2.92426e-311 4.87851e-311 -9.76604e-311 8.18875e-312 3.17655e-311 1.11864e-311 0 -5.0809e-310  
  0 0 0 1.51455e-312 1.8309e-311 0 7.40734e-312 3.96066e-312 0 3.12076e-311 -2.00609e-311 1.93944e-311 4.6659e-311 6.19789e-312 1.90831e-311 8.2221e-311 1.27116e-313 -2.92426e-311 4.87851e-311 -9.76604e-311 8.18875e-312 3.17655e-311 1.11864e-311 0 -5.0809e-310  
  0 0 0 1.75821e-312 2.12546e-311 0 8.59904e-312 4.59786e-312 0 3.62284e-311 -2.32883e-311 2.25146e-311 5.41655e-311 7.19502e-312 2.21533e-311 9.5449e-311 1.47566e-313 -3.39472e-311 5.66338e-311 -1.13372e-310 9.50618e-312 3.6876e-311 1.29861e-311 0 -5.89832e-310  
  0 0 0 1.75821e-312 2.12546e-311 0 8.59904e-312 4.59786e-312 0 3.62284e-311 -2.32883e-311 2.25146e-311 5.41655e-311 7.19502e-312 2.21533e-311 9.5449e-311 1.47566e-313 -3.39472e-311 5.66338e-311 -1.13372e-310 9.50618e-312 3.6876e-311 1.29861e-311 0 -5.89832e-310  
  0 0 0 1.75821e-312 2.12546e-311 0 8.59904e-312 4.59786e-312 0 3.62284e-311 -2.32883e-311 2.25146e-311 5.41655e-311 7.19502e-312 2.21533e-311 9.5449e-311 1.47566e-313 -3.39472e-311 5.66338e-311 -1.13372e-310 9.50618e-312 3.6876e-311 1.29861e-311 0 -5.89832e-310  
  0 0 0 1.75821e-312 2.12546e-311 0 8.59904e-312 4.59786e-312 0 3.62284e-311 -2.32883e-311 2.25146e-311 5.41655e-311 7.19502e-312 2.21533e-311 9.5449e-311 1.47566e-313 -3.39472e-311 5.66338e-311 -1.13372e-310 9.50618e-312 3.6876e-311 1.29861e-311 0 -5.89832e-310  
  0 0 0 1.75821e-312 2.12546e-311 0 8.59904e-312 4.59786e-312 0 3.62284e-311 -2.32883e-311 2.25146e-311 5.41655e-311 7.19502e-312 2.21533e-311 9.5449e-311 1.47566e-313 -3.39472e-311 5.66338e-311 -1.13372e-310 9.50618e-312 3.6876e-311 1.29861e-311 0 -5.89832e-310  
  0 0 0 1.99944e-312 2.41707e-311 0 9.77884e-312 5.22869e-312 0 4.11989e-311 -2.64835e-311 2.56036e-311 6.15971e-311 8.18218e-312 2.51927e-311 1.08545e-310 1.67812e-313 -3.86048e-311 6.44039e-311 -1.28927e-310 1.08104e-311 4.19354e-311 1.47678e-311 0 -6.70757e-310  
  0 0 0 1.99944e-312 2.41707e-311 0 9.77884e-312 5.22869e-312 0 4.11989e-311 -2.64835e-311 2.56036e-311 6.15971e-311 8.18218e-312 2.51927e-311 1.08545e-310 1.67812e-313 -3.86048e-311 6.44039e-311 -1.28927e-310 1.08104e-311 4.19354e-311 1.47678e-311 0 -6.70757e-310  
  0 0 0 1.99944e-312 2.41707e-311 0 9.77884e-312 5.22869e-312 0 4.11989e-311 -2.64835e-311 2.56036e-311 6.15971e-311 8.18218e-312 2.51927e-311 1.08545e-310 1.67812e-313 -3.86048e-311 6.44039e-311 -1.28927e-310 1.08104e-311 4.19354e-311 1.47678e-311 0 -6.70757e-310  
  0 0 0 1.99944e-312 2.41707e-311 0 9.77884e-312 5.22869e-312 0 4.11989e-311 -2.64835e-311 2.56036e-311 6.15971e-311 8.18218e-312 2.51927e-311 1.08545e-310 1.67812e-313 -3.86048e-311 6.44039e-311 -1.28927e-310 1.08104e-311 4.19354e-311 1.47678e-311 0 -6.70757e-310  
  0 0 0 1.99944e-312 2.41707e-311 0 9.77884e-312 5.22869e-312 0 4.11989e-311 -2.64835e-311 2.56036e-311 6.15971e-311 8.18218e-312 2.51927e-311 1.08545e-310 1.67812e-313 -3.86048e-311 6.44039e-311 -1.28927e-310 1.08104e-311 4.19354e-311 1.47678e-311 0 -6.70757e-310  
  0 0 0 1.99944e-312 2.41707e-311 0 9.77884e-312 5.22869e-312 0 4.11989e-311 -2.64835e-311 2.56036e-311 6.15971e-311 8.18218e-312 2.51927e-311 1.08545e-310 1.67812e-313 -3.86048e-311 6.44039e-311 -1.28927e-310 1.08104e-311 4.19354e-311 1.47678e-311 0 -6.70757e-310  
  0 0 0 1.99944e-312 2.41707e-311 0 9.77884e-312 5.22869e-312 0 4.11989e-311 -2.64835e-311 2.56036e-311 6.15971e-311 8.18218e-312 2.51927e-311 1.08545e-310 1.67812e-313 -3.86048e-311 6.44039e-311 -1.28927e-310 1.08104e-311 4.19354e-311 1.47678e-311 0 -6.70757e-310  
  0 0 0 2.23825e-312 2.70577e-311 0 1.09468e-311 5.85321e-312 0 4.61198e-311 -2.96467e-311 2.86618e-311 6.89543e-311 9.15946e-312 2.82017e-311 1.21509e-310 1.87856e-313 -4.32158e-311 7.20964e-311 -1.44326e-310 1.21016e-311 4.69442e-311 1.65317e-311 0 -7.50873e-310  
  0 0 0 2.23825e-312 2.70577e-311 0 1.09468e-311 5.85321e-312 0 4.61198e-311 -2.96467e-311 2.86618e-311 6.89543e-311 9.15946e-312 2.82017e-311 1.21509e-310 1.87856e-313 -4.32158e-311 7.20964e-311 -1.44326e-310 1.21016e-311 4.69442e-311 1.65317e-311 0 -7.50873e-310  
  0 0 0 2.23825e-312 2.70577e-311 0 1.09468e-311 5.85321e-312 0 4.61198e-311 -2.96467e-311 2.86618e-311 6.89543e-311 9.15946e-312 2.82017e-311 1.21509e-310 1.87856e-313 -4.32158e-311 7.20964e-311 -1.44326e-310 1.21016e-311 4.69442e-311 1.65317e-311 0 -7.50873e-310  
  0 0 0 2.23825e-312 2.70577e-311 0 1.09468e-311 5.85321e-312 0 4.61198e-311 -2.96467e-311 2.86618e-311 6.89543e-311 9.15946e-312 2.82017e-311 1.21509e-310 1.87856e-313 -4.32158e-311 7.20964e-311 -1.44326e-310 1.21016e-311 4.69442e-311 1.65317e-311 0 -7.50873e-310  
  0 0 0 2.23825e-312 2.70577e-311 0 1.09468e-311 5.85321e-312 0 4.61198e-311 -2.96467e-311 2.86618e-311 6.89543e-311 9.15946e-312 2.82017e-311 1.21509e-310 1.87856e-313 -4.32158e-311 7.20964e-311 -1.44326e-310 1.21016e-311 4.69442e-311 1.65317e-311 0 -7.50873e-310  
  0 0 0 2.23825e-312 2.70577e-311 0 1.09468e-311 5.85321e-312 0 4.61198e-311 -2.96467e-311 2.86618e-311 6.89543e-311 9.15946e-312 2.82017e-311 1.21509e-310 1.87856e-313 -4.32158e-311 7.20964e-311 -1.44326e-310 1.21016e-311 4.69442e-311 1.65317e-311 0 -7.50873e-310  
  0 0 0 2.23825e-312 2.70577e-311 0 1.09468e-311 5.85321e-312 0 4.61198e-311 -2.96467e-311 2.86618e-311 6.89543e-311 9.15946e-312 2.82017e-311 1.21509e-310 1.87856e-313 -4.32158e-311 7.20964e-311 -1.44326e-310 1.21016e-311 4.69442e-311 1.65317e-311 0 -7.50873e-310  
  0 0 0 2.47468e-312 2.99158e-311 0 1.21031e-311 6.47149e-312 0 5.09914e-311 -3.27783e-311 3.16893e-311 7.62379e-311 1.0127e-311 3.11807e-311 1.34344e-310 2.07699e-313 -4.77807e-311 7.97119e-311 -1.59571e-310 1.33799e-311 5.19029e-311 1.82779e-311 0 -8.30188e-310  
  0 0 0 2.47468e-312 2.99158e-311 0 1.21031e-311 6.47149e-312 0 5.09914e-311 -3.27783e-311 3.16893e-311 7.62379e-311 1.0127e-311 3.11807e-311 1.34344e-310 2.07699e-313 -4.77807e-311 7.97119e-311 -1.59571e-310 1.33799e-311 5.19029e-311 1.82779e-311 0 -8.30188e-310  
  0 0 0 2.47468e-312 2.99158e-311 0 1.21031e-311 6.47149e-312 0 5.09914e-311 -3.27783e-311 3.16893e-311 7.62379e-311 1.0127e-311 3.11807e-311 1.34344e-310 2.07699e-313 -4.77807e-311 7.97119e-311 -1.59571e-310 1.33799e-311 5.19029e-311 1.82779e-311 0 -8.30188e-310  
  0 0 0 2.70874e-312 3.27453e-311 0 1.32479e-311 7.08358e-312 0 5.58143e-311 -3.58786e-311 3.46866e-311 8.34487e-311 1.10848e-311 3.41299e-311 1.47051e-310 2.27344e-313 -5.22999e-311 8.72513e-311 -1.74664e-310 1.46454e-311 5.68121e-311 2.00067e-311 0 -9.08709e-310  
  0 0 0 2.94046e-312 3.55465e-311 0 1.43812e-311 7.68955e-312 0 6.0589e-311 -3.89478e-311 3.76538e-311 9.05874e-311 1.20331e-311 3.70495e-311 1.59631e-310 2.46792e-313 -5.67739e-311 9.47153e-311 -1.89606e-310 1.58983e-311 6.16721e-311 2.17182e-311 0 -9.86446e-310  
  0 0 0 2.94046e-312 3.55465e-311 0 1.43812e-311 7.68955e-312 0 6.0589e-311 -3.89478e-311 3.76538e-311 9.05874e-311 1.20331e-311 3.70495e-311 1.59631e-310 2.46792e-313 -5.67739e-311 9.47153e-311 -1.89606e-310 1.58983e-311 6.16721e-311 2.17182e-311 0 -9.86446e-310  
  0 0 0 2.94046e-312 3.55465e-311 0 1.43812e-311 7.68955e-312 0 6.0589e-311 -3.89478e-311 3.76538e-311 9.05874e-311 1.20331e-311 3.70495e-311 1.59631e-310 2.46792e-313 -5.67739e-311 9.47153e-311 -1.89606e-310 1.58983e-311 6.16721e-311 2.17182e-311 0 -9.86446e-310  
  0 0 0 3.16987e-312 3.83198e-311 0 1.55032e-311 8.28946e-312 0 6.53159e-311 -4.19864e-311 4.05915e-311 9.76547e-311 1.29719e-311 3.994e-311 1.72084e-310 2.66046e-313 -6.12032e-311 1.02105e-310 -2.04398e-310 1.71386e-311 6.64836e-311 2.34125e-311 0 -1.0634e-309  
  0 0 0 3.39698e-312 4.10652e-311 0 1.66139e-311 8.88337e-312 0 6.99956e-311 -4.49946e-311 4.34997e-311 1.04651e-310 1.39012e-311 4.28016e-311 1.84414e-310 2.85108e-313 -6.55882e-311 1.0942e-310 -2.19043e-310 1.83666e-311 7.12469e-311 2.509e-311 0 -1.13959e-309  
  0 0 0 3.39698e-312 4.10652e-311 0 1.66139e-311 8.88337e-312 0 6.99956e-311 -4.49946e-311 4.34997e-311 1.04651e-310 1.39012e-311 4.28016e-311 1.84414e-310 2.85108e-313 -6.55882e-311 1.0942e-310 -2.19043e-310 1.83666e-311 7.12469e-311 2.509e-311 0 -1.13959e-309  
  0 0 0 3.62182e-312 4.37833e-311 0 1.77136e-311 9.47134e-312 0 7.46285e-311 -4.79727e-311 4.63789e-311 1.11578e-310 1.48213e-311 4.56345e-311 1.9662e-310 3.03978e-313 -6.99294e-311 1.16662e-310 -2.33541e-310 1.95822e-311 7.59626e-311 2.67506e-311 0 -1.21502e-309  
  0 0 0 3.62182e-312 4.37833e-311 0 1.77136e-311 9.47134e-312 0 7.46285e-311 -4.79727e-311 4.63789e-311 1.11578e-310 1.48213e-311 4.56345e-311 1.9662e-310 3.03978e-313 -6.99294e-311 1.16662e-310 -2.33541e-310 1.95822e-311 7.59626e-311 2.67506e-311 0 -1.21502e-309  
  0 0 0 3.84441e-312 4.64741e-311 0 1.88022e-311 1.00534e-311 0 7.9215e-311 -5.0921e-311 4.92292e-311 1.18435e-310 1.57322e-311 4.84391e-311 2.08704e-310 3.2266e-313 -7.42272e-311 1.23832e-310 -2.47894e-310 2.07857e-311 8.06311e-311 2.83947e-311 0 -1.28969e-309  
  0 0 0 3.84441e-312 4.64741e-311 0 1.88022e-311 1.00534e-311 0 7.9215e-311 -5.0921e-311 4.92292e-311 1.18435e-310 1.57322e-311 4.84391e-311 2.08704e-310 3.2266e-313 -7.42272e-311 1.23832e-310 -2.47894e-310 2.07857e-311 8.06311e-311 2.83947e-311 0 -1.28969e-309  
  0 0 0 4.06477e-312 4.9138e-311 0 1.988e-311 1.06297e-311 0 8.37557e-311 -5.38399e-311 5.20511e-311 1.25224e-310 1.6634e-311 5.12157e-311 2.20667e-310 3.41156e-313 -7.84819e-311 1.3093e-310 -2.62103e-310 2.19771e-311 8.5253e-311 3.00223e-311 0 -1.36362e-309  
  0 0 0 4.28293e-312 5.17753e-311 0 2.09469e-311 1.12002e-311 0 8.8251e-311 -5.67295e-311 5.48448e-311 1.31945e-310 1.75268e-311 5.39645e-311 2.3251e-310 3.59466e-313 -8.26941e-311 1.37958e-310 -2.76171e-310 2.31567e-311 8.98286e-311 3.16336e-311 0 -1.43681e-309  
  0 0 0 4.28293e-312 5.17753e-311 0 2.09469e-311 1.12002e-311 0 8.8251e-311 -5.67295e-311 5.48448e-311 1.31945e-310 1.75268e-311 5.39645e-311 2.3251e-310 3.59466e-313 -8.26941e-311 1.37958e-310 -2.76171e-310 2.31567e-311 8.98286e-311 3.16336e-311 0 -1.43681e-309  
  0 0 0 4.49891e-312 5.43863e-311 0 2.20033e-311 1.1765e-311 0 9.27013e-311 -5.95903e-311 5.76105e-311 1.38599e-310 1.84106e-311 5.66858e-311 2.44235e-310 3.77593e-313 -8.68642e-311 1.44915e-310 -2.90097e-310 2.43244e-311 9.43585e-311 3.32288e-311 0 -1.50926e-309  
  0 0 0 4.71273e-312 5.69711e-311 0 2.3049e-311 1.23242e-311 0 9.71071e-311 -6.24224e-311 6.03485e-311 1.45186e-310 1.92856e-311 5.938e-311 2.55843e-310 3.95539e-313 -9.09926e-311 1.51802e-310 -3.03885e-310 2.54805e-311 9.8843e-311 3.48081e-311 0 -1.58099e-309  
  0 0 0 4.71273e-312 5.69711e-311 0 2.3049e-311 1.23242e-311 0 9.71071e-311 -6.24224e-311 6.03485e-311 1.45186e-310 1.92856e-311 5.938e-311 2.55843e-310 3.95539e-313 -9.09926e-311 1.51802e-310 -3.03885e-310 2.54805e-311 9.8843e-311 3.48081e-311 0 -1.58099e-309  
  0 0 0 4.92442e-312 5.95301e-311 0 2.40843e-311 1.28777e-311 0 1.01469e-310 -6.52262e-311 6.30592e-311 1.51707e-310 2.01519e-311 6.20471e-311 2.67334e-310 4.13305e-313 -9.50798e-311 1.5862e-310 -3.17534e-310 2.6625e-311 1.03283e-310 3.63716e-311 0 -1.65201e-309  
  0 0 0 4.92442e-312 5.95301e-311 0 2.40843e-311 1.28777e-311 0 1.01469e-310 -6.52262e-311 6.30592e-311 1.51707e-310 2.01519e-311 6.20471e-311 2.67334e-310 4.13305e-313 -9.50798e-311 1.5862e-310 -3.17534e-310 2.6625e-311 1.03283e-310 3.63716e-311 0 -1.65201e-309  
  0 0 0 5.13398e-312 6.20634e-311 0 2.51092e-311 1.34258e-311 0 1.05787e-310 -6.8002e-311 6.57428e-311 1.58164e-310 2.10095e-311 6.46876e-311 2.78711e-310 4.30894e-313 -9.9126e-311 1.65371e-310 -3.31047e-310 2.77581e-311 1.07678e-310 3.79194e-311 0 -1.72231e-309  
  0 0 0 5.34145e-312 6.45715e-311 0 2.61239e-311 1.39683e-311 0 1.10062e-310 -7.075e-311 6.83995e-311 1.64555e-310 2.18585e-311 6.73017e-311 2.89974e-310 4.48307e-313 -1.03132e-310 1.72054e-310 -3.44425e-310 2.88798e-311 1.12029e-310 3.94518e-311 0 -1.79191e-309  
  0 0 0 5.34145e-312 6.45715e-311 0 2.61239e-311 1.39683e-311 0 1.10062e-310 -7.075e-311 6.83995e-311 1.64555e-310 2.18585e-311 6.73017e-311 2.89974e-310 4.48307e-313 -1.03132e-310 1.72054e-310 -3.44425e-310 2.88798e-311 1.12029e-310 3.94518e-311 0 -1.79191e-309  
  0 0 0 5.54684e-312 6.70544e-311 0 2.71285e-311 1.45054e-311 0 1.14294e-310 -7.34706e-311 7.10297e-311 1.70883e-310 2.2699e-311 6.98897e-311 3.01125e-310 4.65546e-313 -1.07098e-310 1.7867e-310 -3.57669e-310 2.99903e-311 1.16337e-310 4.09688e-311 0 -1.86082e-309  
  0 0 0 5.54684e-312 6.70544e-311 0 2.71285e-311 1.45054e-311 0 1.14294e-310 -7.34706e-311 7.10297e-311 1.70883e-310 2.2699e-311 6.98897e-311 3.01125e-310 4.65546e-313 -1.07098e-310 1.7867e-310 -3.57669e-310 2.99903e-311 1.16337e-310 4.09688e-311 0 -1.86082e-309  
  0 0 0 5.75018e-312 6.95126e-311 0 2.8123e-311 1.50372e-311 0 1.18484e-310 -7.61639e-311 7.36335e-311 1.77147e-310 2.35311e-311 7.24517e-311 3.12163e-310 4.82612e-313 -1.11024e-310 1.85219e-310 -3.70781e-310 3.10897e-311 1.20602e-310 4.24707e-311 0 -1.92903e-309  
  0 0 0 5.95149e-312 7.19461e-311 0 2.91075e-311 1.55636e-311 0 1.22632e-310 -7.88303e-311 7.62113e-311 1.83349e-310 2.43549e-311 7.49882e-311 3.23092e-310 4.99508e-313 -1.1491e-310 1.91704e-310 -3.83762e-310 3.21781e-311 1.24824e-310 4.39575e-311 0 -1.99656e-309  
  0 0 0 6.15079e-312 7.43554e-311 0 3.00822e-311 1.60848e-311 0 1.26739e-310 -8.14701e-311 7.87634e-311 1.89489e-310 2.51705e-311 7.74993e-311 3.33911e-310 5.16234e-313 -1.18758e-310 1.98123e-310 -3.96613e-310 3.32557e-311 1.29004e-310 4.54295e-311 0 -2.06342e-309  
