  1.13  
  1.13  
  1.14  
  1.14  
  1.15  
  1.15  
  1.16  
  1.16  
  1.17  
  1.19  
  1.19  
  1.2  
  1.2  
  1.21  
  1.21  
  1.23  
  1.24  
  1.25  
  1.25  
  1.26  
  1.26  
  1.27  
  1.28  
  1.28  
  1.29  
  1.29  
  1.3  
  1.3  
  1.32  
  1.32  
  1.33  
  1.34  
  1.34  
  1.35  
  1.35  
  1.36  
  1.37  
  1.37  
  1.38  
  1.38  
  1.39  
  1.41  
  1.42  
  1.42  
  1.43  
  1.43  
  1.43  
  1.44  
  1.46  
  1.47  
  1.48  
  1.48  
  1.49  
  1.49  
  1.49  
  1.5  
  1.5  
  1.51  
  1.52  
  1.53  
  1.54  
  1.55  
  1.55  
  1.56  
  1.56  
  1.57  
  1.58  
  1.58  
  1.58  
  1.6  
  1.6  
  1.61  
  1.62  
  1.62  
  1.63  
  1.64  
  1.64  
  1.65  
  1.65  
  1.66  
  1.67  
  1.68  
  1.68  
  1.69  
  1.7  
  1.71  
  1.71  
  1.72  
  1.72  
  1.76  
  1.77  
  1.78  
  1.8  
  1.8  
  1.81  
  1.82  
  1.83  
  1.83  
  1.84  
  1.86  
  1.87  
  1.88  
  1.88  
  1.89  
  1.9  
  1.91  
  1.91  
  1.92  
  1.93  
  1.94  
  1.95  
  1.95  
  1.96  
  1.96  
  1.97  
  1.97  
  1.97  
  1.98  
  2  
  2  
  2.01  
  2.02  
  2.02  
  2.04  
  2.08  
  2.09  
  2.1  
  2.12  
  2.14  
  2.17  
  2.19  
  2.21  
  2.23  
  2.25  
  2.27  
  2.29  
  2.31  
  2.34  
  2.35  
  2.37  
  2.39  
  2.41  
  2.44  
  2.46  
  2.46  
  2.49  
  2.51  
  2.54  
  0.847493  
  0.859249  
