   
   
   
   
   
   
   
   
   
   
   
   
   
   
   
   
   
   
   
   
   
   
   
   
   
   
   
   
   
   
   
   
   
   
   
   
   
   
   
   
   
   
   
   
   
   
   
   
   
   
   
   
   
   
   
   
   
   
   
   
   
   
  0 0 0 0 0 0 0 0 0 0 0 0 0 0 0 0 0 0 0 0 0 0 0 0 0  
  0 0 0 0 0 0 0 0 0 0 0 0 0 0 0 0 0 0 0 0 0 0 0 0 0  
  0 0 0 0 0 0 0 0 0 0 0 0 0 0 0 0 0 0 0 0 0 0 0 0 0  
  0 0 0 0 0 0 0 0 0 0 0 0 0 0 0 0 0 0 0 0 0 0 0 0 0  
  0 0 0 -2.78134e-311 -7.37186e-312 0 -1.37328e-311 2.09417e-313 0 -2.62438e-311 1.00392e-311 -1.42257e-312 -1.68634e-311 -2.54692e-312 -2.7446e-312 -1.20083e-311 4.94066e-324 -4.94066e-324 0 4.94066e-324 9.88131e-324 0 0 0 4.34117e-312  
  0 0 0 -2.78134e-311 -7.37186e-312 0 -1.37328e-311 2.09417e-313 0 -2.62438e-311 1.00392e-311 -1.42257e-312 -1.68634e-311 -2.54692e-312 -2.7446e-312 -1.20083e-311 4.94066e-324 -4.94066e-324 0 4.94066e-324 9.88131e-324 0 0 0 4.34117e-312  
  0 0 0 -2.78134e-311 -7.37186e-312 0 -1.37328e-311 2.09417e-313 0 -2.62438e-311 1.00392e-311 -1.42257e-312 -1.68634e-311 -2.54692e-312 -2.7446e-312 -1.20083e-311 4.94066e-324 -4.94066e-324 0 4.94066e-324 9.88131e-324 0 0 0 4.34117e-312  
  0 0 0 -2.78134e-311 -7.37186e-312 0 -1.37328e-311 2.09417e-313 0 -2.62438e-311 1.00392e-311 -1.42257e-312 -1.68634e-311 -2.54692e-312 -2.7446e-312 -1.20083e-311 4.94066e-324 -4.94066e-324 0 4.94066e-324 9.88131e-324 0 0 0 4.34117e-312  
  0 0 0 -2.78134e-311 -7.37186e-312 0 -1.37328e-311 2.09417e-313 0 -2.62438e-311 1.00392e-311 -1.42257e-312 -1.68634e-311 -2.54692e-312 -2.7446e-312 -1.20083e-311 4.94066e-324 -4.94066e-324 0 4.94066e-324 9.88131e-324 0 0 0 4.34117e-312  
  0 0 0 -5.53487e-311 -1.467e-311 0 -2.73282e-311 4.1674e-313 0 -5.22253e-311 1.99779e-311 -2.83092e-312 -3.35582e-311 -5.06836e-312 -5.46175e-312 -2.38964e-311 4.94066e-324 0 0 4.94066e-324 0 0 0 0 8.63893e-312  
  0 0 0 -5.53487e-311 -1.467e-311 0 -2.73282e-311 4.1674e-313 0 -5.22253e-311 1.99779e-311 -2.83092e-312 -3.35582e-311 -5.06836e-312 -5.46175e-312 -2.38964e-311 4.94066e-324 0 0 4.94066e-324 0 0 0 0 8.63893e-312  
  0 0 0 -5.53487e-311 -1.467e-311 0 -2.73282e-311 4.1674e-313 0 -5.22253e-311 1.99779e-311 -2.83092e-312 -3.35582e-311 -5.06836e-312 -5.46175e-312 -2.38964e-311 4.94066e-324 0 0 4.94066e-324 0 0 0 0 8.63893e-312  
  0 0 0 -5.53487e-311 -1.467e-311 0 -2.73282e-311 4.1674e-313 0 -5.22253e-311 1.99779e-311 -2.83092e-312 -3.35582e-311 -5.06836e-312 -5.46175e-312 -2.38964e-311 4.94066e-324 0 0 4.94066e-324 0 0 0 0 8.63893e-312  
  0 0 0 -5.53487e-311 -1.467e-311 0 -2.73282e-311 4.1674e-313 0 -5.22253e-311 1.99779e-311 -2.83092e-312 -3.35582e-311 -5.06836e-312 -5.46175e-312 -2.38964e-311 4.94066e-324 0 0 4.94066e-324 0 0 0 0 8.63893e-312  
  0 0 0 -8.26086e-311 -2.18952e-311 0 -4.07877e-311 6.2199e-313 0 -7.79468e-311 2.98173e-311 -4.22518e-312 -5.00861e-311 -7.56459e-312 -8.15173e-312 -3.56657e-311 4.94066e-324 0 -4.94066e-324 -4.94066e-324 0 0 0 0 1.28937e-311  
  0 0 0 -8.26086e-311 -2.18952e-311 0 -4.07877e-311 6.2199e-313 0 -7.79468e-311 2.98173e-311 -4.22518e-312 -5.00861e-311 -7.56459e-312 -8.15173e-312 -3.56657e-311 4.94066e-324 0 -4.94066e-324 -4.94066e-324 0 0 0 0 1.28937e-311  
  0 0 0 -8.26086e-311 -2.18952e-311 0 -4.07877e-311 6.2199e-313 0 -7.79468e-311 2.98173e-311 -4.22518e-312 -5.00861e-311 -7.56459e-312 -8.15173e-312 -3.56657e-311 4.94066e-324 0 -4.94066e-324 -4.94066e-324 0 0 0 0 1.28937e-311  
  0 0 0 -8.26086e-311 -2.18952e-311 0 -4.07877e-311 6.2199e-313 0 -7.79468e-311 2.98173e-311 -4.22518e-312 -5.00861e-311 -7.56459e-312 -8.15173e-312 -3.56657e-311 4.94066e-324 0 -4.94066e-324 -4.94066e-324 0 0 0 0 1.28937e-311  
  0 0 0 -1.09596e-310 -2.90481e-311 0 -5.41126e-311 8.25187e-313 0 -1.03411e-310 3.95583e-311 -5.6055e-312 -6.64487e-311 -1.00359e-311 -1.08148e-311 -4.73173e-311 -9.88131e-324 4.94066e-324 0 0 0 0 4.94066e-324 0 1.7106e-311  
  0 0 0 -1.09596e-310 -2.90481e-311 0 -5.41126e-311 8.25187e-313 0 -1.03411e-310 3.95583e-311 -5.6055e-312 -6.64487e-311 -1.00359e-311 -1.08148e-311 -4.73173e-311 -9.88131e-324 4.94066e-324 0 0 0 0 4.94066e-324 0 1.7106e-311  
  0 0 0 -1.09596e-310 -2.90481e-311 0 -5.41126e-311 8.25187e-313 0 -1.03411e-310 3.95583e-311 -5.6055e-312 -6.64487e-311 -1.00359e-311 -1.08148e-311 -4.73173e-311 -9.88131e-324 4.94066e-324 0 0 0 0 4.94066e-324 0 1.7106e-311  
  0 0 0 -1.09596e-310 -2.90481e-311 0 -5.41126e-311 8.25187e-313 0 -1.03411e-310 3.95583e-311 -5.6055e-312 -6.64487e-311 -1.00359e-311 -1.08148e-311 -4.73173e-311 -9.88131e-324 4.94066e-324 0 0 0 0 4.94066e-324 0 1.7106e-311  
  0 0 0 -1.09596e-310 -2.90481e-311 0 -5.41126e-311 8.25187e-313 0 -1.03411e-310 3.95583e-311 -5.6055e-312 -6.64487e-311 -1.00359e-311 -1.08148e-311 -4.73173e-311 -9.88131e-324 4.94066e-324 0 0 0 0 4.94066e-324 0 1.7106e-311  
  0 0 0 -1.09596e-310 -2.90481e-311 0 -5.41126e-311 8.25187e-313 0 -1.03411e-310 3.95583e-311 -5.6055e-312 -6.64487e-311 -1.00359e-311 -1.08148e-311 -4.73173e-311 -9.88131e-324 4.94066e-324 0 0 0 0 4.94066e-324 0 1.7106e-311  
  0 0 0 -1.36313e-310 -3.61295e-311 0 -6.73043e-311 1.02635e-312 0 -1.28621e-310 4.92019e-311 -6.97201e-312 -8.26476e-311 -1.24824e-311 -1.34513e-311 -5.88524e-311 0 4.94066e-324 9.88131e-324 4.94066e-324 0 -4.94066e-324 -4.94066e-324 0 2.12761e-311  
  0 0 0 -1.36313e-310 -3.61295e-311 0 -6.73043e-311 1.02635e-312 0 -1.28621e-310 4.92019e-311 -6.97201e-312 -8.26476e-311 -1.24824e-311 -1.34513e-311 -5.88524e-311 0 4.94066e-324 9.88131e-324 4.94066e-324 0 -4.94066e-324 -4.94066e-324 0 2.12761e-311  
  0 0 0 -1.36313e-310 -3.61295e-311 0 -6.73043e-311 1.02635e-312 0 -1.28621e-310 4.92019e-311 -6.97201e-312 -8.26476e-311 -1.24824e-311 -1.34513e-311 -5.88524e-311 0 4.94066e-324 9.88131e-324 4.94066e-324 0 -4.94066e-324 -4.94066e-324 0 2.12761e-311  
  0 0 0 -1.36313e-310 -3.61295e-311 0 -6.73043e-311 1.02635e-312 0 -1.28621e-310 4.92019e-311 -6.97201e-312 -8.26476e-311 -1.24824e-311 -1.34513e-311 -5.88524e-311 0 4.94066e-324 9.88131e-324 4.94066e-324 0 -4.94066e-324 -4.94066e-324 0 2.12761e-311  
  0 0 0 -1.36313e-310 -3.61295e-311 0 -6.73043e-311 1.02635e-312 0 -1.28621e-310 4.92019e-311 -6.97201e-312 -8.26476e-311 -1.24824e-311 -1.34513e-311 -5.88524e-311 0 4.94066e-324 9.88131e-324 4.94066e-324 0 -4.94066e-324 -4.94066e-324 0 2.12761e-311  
  0 0 0 -1.36313e-310 -3.61295e-311 0 -6.73043e-311 1.02635e-312 0 -1.28621e-310 4.92019e-311 -6.97201e-312 -8.26476e-311 -1.24824e-311 -1.34513e-311 -5.88524e-311 0 4.94066e-324 9.88131e-324 4.94066e-324 0 -4.94066e-324 -4.94066e-324 0 2.12761e-311  
  0 0 0 -1.36313e-310 -3.61295e-311 0 -6.73043e-311 1.02635e-312 0 -1.28621e-310 4.92019e-311 -6.97201e-312 -8.26476e-311 -1.24824e-311 -1.34513e-311 -5.88524e-311 0 4.94066e-324 9.88131e-324 4.94066e-324 0 -4.94066e-324 -4.94066e-324 0 2.12761e-311  
  0 0 0 -1.62764e-310 -4.314e-311 0 -8.0364e-311 1.22551e-312 0 -1.53579e-310 5.8749e-311 -8.32486e-312 -9.86846e-311 -1.49045e-311 -1.60613e-311 -7.02722e-311 9.88131e-324 4.94066e-324 4.94066e-324 0 4.94066e-324 4.94066e-324 0 0 2.54045e-311  
  0 0 0 -1.62764e-310 -4.314e-311 0 -8.0364e-311 1.22551e-312 0 -1.53579e-310 5.8749e-311 -8.32486e-312 -9.86846e-311 -1.49045e-311 -1.60613e-311 -7.02722e-311 9.88131e-324 4.94066e-324 4.94066e-324 0 4.94066e-324 4.94066e-324 0 0 2.54045e-311  
  0 0 0 -1.62764e-310 -4.314e-311 0 -8.0364e-311 1.22551e-312 0 -1.53579e-310 5.8749e-311 -8.32486e-312 -9.86846e-311 -1.49045e-311 -1.60613e-311 -7.02722e-311 9.88131e-324 4.94066e-324 4.94066e-324 0 4.94066e-324 4.94066e-324 0 0 2.54045e-311  
  0 0 0 -1.62764e-310 -4.314e-311 0 -8.0364e-311 1.22551e-312 0 -1.53579e-310 5.8749e-311 -8.32486e-312 -9.86846e-311 -1.49045e-311 -1.60613e-311 -7.02722e-311 9.88131e-324 4.94066e-324 4.94066e-324 0 4.94066e-324 4.94066e-324 0 0 2.54045e-311  
  0 0 0 -1.62764e-310 -4.314e-311 0 -8.0364e-311 1.22551e-312 0 -1.53579e-310 5.8749e-311 -8.32486e-312 -9.86846e-311 -1.49045e-311 -1.60613e-311 -7.02722e-311 9.88131e-324 4.94066e-324 4.94066e-324 0 4.94066e-324 4.94066e-324 0 0 2.54045e-311  
  0 0 0 -1.62764e-310 -4.314e-311 0 -8.0364e-311 1.22551e-312 0 -1.53579e-310 5.8749e-311 -8.32486e-312 -9.86846e-311 -1.49045e-311 -1.60613e-311 -7.02722e-311 9.88131e-324 4.94066e-324 4.94066e-324 0 4.94066e-324 4.94066e-324 0 0 2.54045e-311  
  0 0 0 -1.62764e-310 -4.314e-311 0 -8.0364e-311 1.22551e-312 0 -1.53579e-310 5.8749e-311 -8.32486e-312 -9.86846e-311 -1.49045e-311 -1.60613e-311 -7.02722e-311 9.88131e-324 4.94066e-324 4.94066e-324 0 4.94066e-324 4.94066e-324 0 0 2.54045e-311  
  0 0 0 -1.62764e-310 -4.314e-311 0 -8.0364e-311 1.22551e-312 0 -1.53579e-310 5.8749e-311 -8.32486e-312 -9.86846e-311 -1.49045e-311 -1.60613e-311 -7.02722e-311 9.88131e-324 4.94066e-324 4.94066e-324 0 4.94066e-324 4.94066e-324 0 0 2.54045e-311  
  0 0 0 -1.88949e-310 -5.00805e-311 0 -9.32931e-311 1.42267e-312 0 -1.78287e-310 6.82007e-311 -9.66418e-312 -1.14561e-310 -1.73024e-311 -1.86453e-311 -8.15777e-311 0 4.94066e-324 0 -9.88131e-324 0 -4.94066e-324 -9.88131e-324 0 2.94916e-311  
  0 0 0 -1.88949e-310 -5.00805e-311 0 -9.32931e-311 1.42267e-312 0 -1.78287e-310 6.82007e-311 -9.66418e-312 -1.14561e-310 -1.73024e-311 -1.86453e-311 -8.15777e-311 0 4.94066e-324 0 -9.88131e-324 0 -4.94066e-324 -9.88131e-324 0 2.94916e-311  
  0 0 0 -1.88949e-310 -5.00805e-311 0 -9.32931e-311 1.42267e-312 0 -1.78287e-310 6.82007e-311 -9.66418e-312 -1.14561e-310 -1.73024e-311 -1.86453e-311 -8.15777e-311 0 4.94066e-324 0 -9.88131e-324 0 -4.94066e-324 -9.88131e-324 0 2.94916e-311  
  0 0 0 -1.88949e-310 -5.00805e-311 0 -9.32931e-311 1.42267e-312 0 -1.78287e-310 6.82007e-311 -9.66418e-312 -1.14561e-310 -1.73024e-311 -1.86453e-311 -8.15777e-311 0 4.94066e-324 0 -9.88131e-324 0 -4.94066e-324 -9.88131e-324 0 2.94916e-311  
  0 0 0 -1.88949e-310 -5.00805e-311 0 -9.32931e-311 1.42267e-312 0 -1.78287e-310 6.82007e-311 -9.66418e-312 -1.14561e-310 -1.73024e-311 -1.86453e-311 -8.15777e-311 0 4.94066e-324 0 -9.88131e-324 0 -4.94066e-324 -9.88131e-324 0 2.94916e-311  
  0 0 0 -2.14873e-310 -5.69516e-311 0 -1.06093e-310 1.61786e-312 0 -2.02748e-310 7.75579e-311 -1.09901e-311 -1.30279e-310 -1.96763e-311 -2.12035e-311 -9.27702e-311 4.94066e-324 -4.94066e-324 0 0 4.94066e-324 0 -4.94066e-324 0 3.35379e-311  
  0 0 0 -2.14873e-310 -5.69516e-311 0 -1.06093e-310 1.61786e-312 0 -2.02748e-310 7.75579e-311 -1.09901e-311 -1.30279e-310 -1.96763e-311 -2.12035e-311 -9.27702e-311 4.94066e-324 -4.94066e-324 0 0 4.94066e-324 0 -4.94066e-324 0 3.35379e-311  
  0 0 0 -2.14873e-310 -5.69516e-311 0 -1.06093e-310 1.61786e-312 0 -2.02748e-310 7.75579e-311 -1.09901e-311 -1.30279e-310 -1.96763e-311 -2.12035e-311 -9.27702e-311 4.94066e-324 -4.94066e-324 0 0 4.94066e-324 0 -4.94066e-324 0 3.35379e-311  
  0 0 0 -2.14873e-310 -5.69516e-311 0 -1.06093e-310 1.61786e-312 0 -2.02748e-310 7.75579e-311 -1.09901e-311 -1.30279e-310 -1.96763e-311 -2.12035e-311 -9.27702e-311 4.94066e-324 -4.94066e-324 0 0 4.94066e-324 0 -4.94066e-324 0 3.35379e-311  
  0 0 0 -2.14873e-310 -5.69516e-311 0 -1.06093e-310 1.61786e-312 0 -2.02748e-310 7.75579e-311 -1.09901e-311 -1.30279e-310 -1.96763e-311 -2.12035e-311 -9.27702e-311 4.94066e-324 -4.94066e-324 0 0 4.94066e-324 0 -4.94066e-324 0 3.35379e-311  
  0 0 0 -2.14873e-310 -5.69516e-311 0 -1.06093e-310 1.61786e-312 0 -2.02748e-310 7.75579e-311 -1.09901e-311 -1.30279e-310 -1.96763e-311 -2.12035e-311 -9.27702e-311 4.94066e-324 -4.94066e-324 0 0 4.94066e-324 0 -4.94066e-324 0 3.35379e-311  
  0 0 0 -2.14873e-310 -5.69516e-311 0 -1.06093e-310 1.61786e-312 0 -2.02748e-310 7.75579e-311 -1.09901e-311 -1.30279e-310 -1.96763e-311 -2.12035e-311 -9.27702e-311 4.94066e-324 -4.94066e-324 0 0 4.94066e-324 0 -4.94066e-324 0 3.35379e-311  
  0 0 0 -2.40538e-310 -6.37539e-311 0 -1.18765e-310 1.8111e-312 0 -2.26964e-310 8.68214e-311 -1.23028e-311 -1.4584e-310 -2.20264e-311 -2.3736e-311 -1.03851e-310 9.88131e-324 4.94066e-324 0 0 0 0 0 0 3.75437e-311  
  0 0 0 -2.40538e-310 -6.37539e-311 0 -1.18765e-310 1.8111e-312 0 -2.26964e-310 8.68214e-311 -1.23028e-311 -1.4584e-310 -2.20264e-311 -2.3736e-311 -1.03851e-310 9.88131e-324 4.94066e-324 0 0 0 0 0 0 3.75437e-311  
  0 0 0 -2.40538e-310 -6.37539e-311 0 -1.18765e-310 1.8111e-312 0 -2.26964e-310 8.68214e-311 -1.23028e-311 -1.4584e-310 -2.20264e-311 -2.3736e-311 -1.03851e-310 9.88131e-324 4.94066e-324 0 0 0 0 0 0 3.75437e-311  
  0 0 0 -2.40538e-310 -6.37539e-311 0 -1.18765e-310 1.8111e-312 0 -2.26964e-310 8.68214e-311 -1.23028e-311 -1.4584e-310 -2.20264e-311 -2.3736e-311 -1.03851e-310 9.88131e-324 4.94066e-324 0 0 0 0 0 0 3.75437e-311  
  0 0 0 -2.40538e-310 -6.37539e-311 0 -1.18765e-310 1.8111e-312 0 -2.26964e-310 8.68214e-311 -1.23028e-311 -1.4584e-310 -2.20264e-311 -2.3736e-311 -1.03851e-310 9.88131e-324 4.94066e-324 0 0 0 0 0 0 3.75437e-311  
  0 0 0 -2.40538e-310 -6.37539e-311 0 -1.18765e-310 1.8111e-312 0 -2.26964e-310 8.68214e-311 -1.23028e-311 -1.4584e-310 -2.20264e-311 -2.3736e-311 -1.03851e-310 9.88131e-324 4.94066e-324 0 0 0 0 0 0 3.75437e-311  
  0 0 0 -2.40538e-310 -6.37539e-311 0 -1.18765e-310 1.8111e-312 0 -2.26964e-310 8.68214e-311 -1.23028e-311 -1.4584e-310 -2.20264e-311 -2.3736e-311 -1.03851e-310 9.88131e-324 4.94066e-324 0 0 0 0 0 0 3.75437e-311  
  0 0 0 -2.65946e-310 -7.04882e-311 0 -1.3131e-310 2.0024e-312 0 -2.50938e-310 9.59924e-311 -1.36023e-311 -1.61245e-310 -2.43531e-311 -2.62433e-311 -1.1482e-310 -4.94066e-324 4.94066e-324 4.94066e-324 4.94066e-324 4.94066e-324 0 0 0 4.15094e-311  
  0 0 0 -2.65946e-310 -7.04882e-311 0 -1.3131e-310 2.0024e-312 0 -2.50938e-310 9.59924e-311 -1.36023e-311 -1.61245e-310 -2.43531e-311 -2.62433e-311 -1.1482e-310 -4.94066e-324 4.94066e-324 4.94066e-324 4.94066e-324 4.94066e-324 0 0 0 4.15094e-311  
  0 0 0 -2.65946e-310 -7.04882e-311 0 -1.3131e-310 2.0024e-312 0 -2.50938e-310 9.59924e-311 -1.36023e-311 -1.61245e-310 -2.43531e-311 -2.62433e-311 -1.1482e-310 -4.94066e-324 4.94066e-324 4.94066e-324 4.94066e-324 4.94066e-324 0 0 0 4.15094e-311  
  0 0 0 -2.911e-310 -7.71552e-311 0 -1.4373e-310 2.1918e-312 0 -2.74673e-310 1.05072e-310 -1.48889e-311 -1.76496e-310 -2.66565e-311 -2.87254e-311 -1.25681e-310 4.94066e-324 -4.94066e-324 4.94066e-324 0 0 4.94066e-324 -4.94066e-324 0 4.54355e-311  
  0 0 0 -3.16002e-310 -8.37555e-311 0 -1.56025e-310 2.3793e-312 0 -2.9817e-310 1.1406e-310 -1.61626e-311 -1.91594e-310 -2.89368e-311 -3.11828e-311 -1.36432e-310 -9.88131e-324 0 0 4.94066e-324 9.88131e-324 4.94066e-324 4.94066e-324 0 4.93223e-311  
  0 0 0 -3.16002e-310 -8.37555e-311 0 -1.56025e-310 2.3793e-312 0 -2.9817e-310 1.1406e-310 -1.61626e-311 -1.91594e-310 -2.89368e-311 -3.11828e-311 -1.36432e-310 -9.88131e-324 0 0 4.94066e-324 9.88131e-324 4.94066e-324 4.94066e-324 0 4.93223e-311  
  0 0 0 -3.16002e-310 -8.37555e-311 0 -1.56025e-310 2.3793e-312 0 -2.9817e-310 1.1406e-310 -1.61626e-311 -1.91594e-310 -2.89368e-311 -3.11828e-311 -1.36432e-310 -9.88131e-324 0 0 4.94066e-324 9.88131e-324 4.94066e-324 4.94066e-324 0 4.93223e-311  
  0 0 0 -3.40656e-310 -9.02898e-311 0 -1.68198e-310 2.56492e-312 0 -3.21432e-310 1.22959e-310 -1.74235e-311 -2.06542e-310 -3.11944e-311 -3.36155e-311 -1.47076e-310 0 4.94066e-324 4.94066e-324 -4.94066e-324 -4.94066e-324 4.94066e-324 -4.94066e-324 0 5.31702e-311  
  0 0 0 -3.65063e-310 -9.67588e-311 0 -1.80248e-310 2.74869e-312 0 -3.44461e-310 1.31768e-310 -1.86718e-311 -2.2134e-310 -3.34293e-311 -3.6024e-311 -1.57613e-310 4.94066e-324 0 9.88131e-324 4.94066e-324 0 4.94066e-324 0 0 5.69797e-311  
  0 0 0 -3.65063e-310 -9.67588e-311 0 -1.80248e-310 2.74869e-312 0 -3.44461e-310 1.31768e-310 -1.86718e-311 -2.2134e-310 -3.34293e-311 -3.6024e-311 -1.57613e-310 4.94066e-324 0 9.88131e-324 4.94066e-324 0 4.94066e-324 0 0 5.69797e-311  
  0 0 0 -3.89226e-310 -1.03163e-310 0 -1.92179e-310 2.93062e-312 0 -3.67261e-310 1.4049e-310 -1.99077e-311 -2.3599e-310 -3.5642e-311 -3.84083e-311 -1.68046e-310 0 0 -4.94066e-324 -4.94066e-324 -4.94066e-324 4.94066e-324 -4.94066e-324 0 6.07511e-311  
  0 0 0 -3.89226e-310 -1.03163e-310 0 -1.92179e-310 2.93062e-312 0 -3.67261e-310 1.4049e-310 -1.99077e-311 -2.3599e-310 -3.5642e-311 -3.84083e-311 -1.68046e-310 0 0 -4.94066e-324 -4.94066e-324 -4.94066e-324 4.94066e-324 -4.94066e-324 0 6.07511e-311  
  0 0 0 -4.13147e-310 -1.09503e-310 0 -2.0399e-310 3.11073e-312 0 -3.89832e-310 1.49124e-310 -2.11312e-311 -2.50493e-310 -3.78325e-311 -4.07689e-311 -1.78373e-310 0 4.94066e-324 0 0 9.88131e-324 -4.94066e-324 0 0 6.44847e-311  
  0 0 0 -4.13147e-310 -1.09503e-310 0 -2.0399e-310 3.11073e-312 0 -3.89832e-310 1.49124e-310 -2.11312e-311 -2.50493e-310 -3.78325e-311 -4.07689e-311 -1.78373e-310 0 4.94066e-324 0 0 9.88131e-324 -4.94066e-324 0 0 6.44847e-311  
  0 0 0 -4.36829e-310 -1.1578e-310 0 -2.15683e-310 3.28904e-312 0 -4.12177e-310 1.57672e-310 -2.23424e-311 -2.64852e-310 -4.0001e-311 -4.31058e-311 -1.88598e-310 -4.94066e-324 0 -4.94066e-324 0 -4.94066e-324 4.94066e-324 0 0 6.81811e-311  
  0 0 0 -4.60274e-310 -1.21994e-310 0 -2.27259e-310 3.46557e-312 0 -4.343e-310 1.66134e-310 -2.35416e-311 -2.79067e-310 -4.21479e-311 -4.54193e-311 -1.9872e-310 -4.94066e-324 0 4.94066e-324 0 -4.94066e-324 -9.88131e-324 0 0 7.18404e-311  
  0 0 0 -4.60274e-310 -1.21994e-310 0 -2.27259e-310 3.46557e-312 0 -4.343e-310 1.66134e-310 -2.35416e-311 -2.79067e-310 -4.21479e-311 -4.54193e-311 -1.9872e-310 -4.94066e-324 0 4.94066e-324 0 -4.94066e-324 -9.88131e-324 0 0 7.18404e-311  
  0 0 0 -4.83484e-310 -1.28146e-310 0 -2.38719e-310 3.64033e-312 0 -4.562e-310 1.74512e-310 -2.47287e-311 -2.9314e-310 -4.42734e-311 -4.77097e-311 -2.08741e-310 -4.94066e-324 -9.88131e-324 4.94066e-324 -4.94066e-324 -4.94066e-324 0 4.94066e-324 0 7.54632e-311  
  0 0 0 -5.06463e-310 -1.34237e-310 0 -2.50064e-310 3.81334e-312 0 -4.77882e-310 1.82806e-310 -2.5904e-311 -3.07072e-310 -4.63776e-311 -4.99772e-311 -2.18662e-310 -4.94066e-324 0 0 0 0 0 4.94066e-324 0 7.90497e-311  
  0 0 0 -5.06463e-310 -1.34237e-310 0 -2.50064e-310 3.81334e-312 0 -4.77882e-310 1.82806e-310 -2.5904e-311 -3.07072e-310 -4.63776e-311 -4.99772e-311 -2.18662e-310 -4.94066e-324 0 0 0 0 0 4.94066e-324 0 7.90497e-311  
  0 0 0 -5.29212e-310 -1.40266e-310 0 -2.61296e-310 3.98463e-312 0 -4.99347e-310 1.91017e-310 -2.70676e-311 -3.20864e-310 -4.84607e-311 -5.2222e-311 -2.28484e-310 0 0 0 0 4.94066e-324 0 0 0 8.26004e-311  
  0 0 0 -5.29212e-310 -1.40266e-310 0 -2.61296e-310 3.98463e-312 0 -4.99347e-310 1.91017e-310 -2.70676e-311 -3.20864e-310 -4.84607e-311 -5.2222e-311 -2.28484e-310 0 0 0 0 4.94066e-324 0 0 0 8.26004e-311  
  0 0 0 -5.51733e-310 -1.46235e-310 0 -2.72416e-310 4.1542e-312 0 -5.20598e-310 1.99146e-310 -2.82194e-311 -3.34519e-310 -5.0523e-311 -5.44444e-311 -2.38207e-310 0 0 0 4.94066e-324 4.94066e-324 4.94066e-324 0 0 8.61156e-311  
  0 0 0 -5.74029e-310 -1.52145e-310 0 -2.83425e-310 4.32207e-312 0 -5.41635e-310 2.07194e-310 -2.93598e-311 -3.48037e-310 -5.25647e-311 -5.66446e-311 -2.47833e-310 4.94066e-324 -4.94066e-324 0 -4.94066e-324 0 -4.94066e-324 0 0 8.95956e-311  
  0 0 0 -5.74029e-310 -1.52145e-310 0 -2.83425e-310 4.32207e-312 0 -5.41635e-310 2.07194e-310 -2.93598e-311 -3.48037e-310 -5.25647e-311 -5.66446e-311 -2.47833e-310 4.94066e-324 -4.94066e-324 0 -4.94066e-324 0 -4.94066e-324 0 0 8.95956e-311  
  0 0 0 -5.96102e-310 -1.57995e-310 0 -2.94323e-310 4.48827e-312 0 -5.62463e-310 2.15161e-310 -3.04888e-311 -3.6142e-310 -5.4586e-311 -5.88227e-311 -2.57363e-310 -4.94066e-324 0 0 4.94066e-324 0 0 -4.94066e-324 0 9.30408e-311  
  0 0 0 -5.96102e-310 -1.57995e-310 0 -2.94323e-310 4.48827e-312 0 -5.62463e-310 2.15161e-310 -3.04888e-311 -3.6142e-310 -5.4586e-311 -5.88227e-311 -2.57363e-310 -4.94066e-324 0 0 4.94066e-324 0 0 -4.94066e-324 0 9.30408e-311  
  0 0 0 -6.17955e-310 -1.63787e-310 0 -3.05113e-310 4.6528e-312 0 -5.83082e-310 2.23049e-310 -3.16065e-311 -3.7467e-310 -5.6587e-311 -6.09791e-311 -2.66798e-310 4.94066e-324 4.94066e-324 4.94066e-324 0 4.94066e-324 4.94066e-324 -9.88131e-324 0 9.64516e-311  
  0 0 0 -6.39589e-310 -1.69521e-310 0 -3.15795e-310 4.81569e-312 0 -6.03495e-310 2.30857e-310 -3.2713e-311 -3.87786e-310 -5.85681e-311 -6.31139e-311 -2.76138e-310 0 0 4.94066e-324 4.94066e-324 -4.94066e-324 -4.94066e-324 4.94066e-324 0 9.98282e-311  
  0 0 0 -6.61006e-310 -1.75198e-310 0 -3.26369e-310 4.97695e-312 0 -6.23704e-310 2.38588e-310 -3.38084e-311 -4.00772e-310 -6.05293e-311 -6.52274e-311 -2.85385e-310 0 -9.88131e-324 0 4.94066e-324 -4.94066e-324 4.94066e-324 4.94066e-324 0 1.03171e-310  
