  -3.54153 -7.71011 7.90322 -1.6217 -0.0569305 0.219133  
  2.88675 -11.4562 -5.46522 -1.95457 -0.590386 0.199285  
  3.0002 -9.35258 -7.09252 -1.78045 -0.600894 0.201521  
  -3.49508 -0.0877078 8.51528 -0.979867 -0.0737324 0.228482  
  10.8441 -10.024 -2.37773 -1.81512 -1.28631 0.182183  
  13.3578 -1.43622 3.22036 -1.07922 -1.51696 0.186677  
  -3.43734 -9.53116 -2.9577 -1.7942 -0.0491282 0.21672  
  -2.18629 -12.0495 3.5162 -1.98971 -0.160334 0.210623  
  13.4681 -3.09556 3.96726 -1.21797 -1.52606 0.184168  
  12.8227 -2.45012 -2.18919 -1.17495 -1.46271 0.186602  
  5.52907 -13.0873 6.39596 -2.06159 -0.830908 0.191655  
  1.64325 -10.2207 9.64264 -1.82186 -0.504653 0.204828  
  -0.866551 -8.85702 -6.29948 -1.74022 -0.266647 0.211204  
  -0.301108 0.449941 -7.10515 -0.957594 -0.325042 0.221127  
  -3.82872 -1.758 8.50426 -1.12164 -0.0392846 0.226743  
  2.9804 -7.39501 11.5912 -1.57981 -0.625186 0.204243  
  11.8743 -8.58958 5.55856 -1.67543 -1.38479 0.181366  
  5.9103 -14.071 3.20935 -2.15189 -0.860717 0.189049  
  13.0361 -1.38987 -0.943116 -1.08357 -1.48847 0.186535  
  3.37028 -12.9703 -3.98615 -2.07441 -0.631419 0.195684  
  -6.04016 -2.98262 4.2518 -1.23304 0.157886 0.230584  
  8.0155 -4.45899 -7.80417 -1.36218 -1.03994 0.195204  
  2.2181 -11.8693 -5.2545 -1.98799 -0.530257 0.199923  
  -3.57792 -10.0036 -2.28116 -1.83259 -0.0363847 0.216083  
  1.39039 -10.6417 9.03654 -1.85949 -0.480579 0.203489  
  -6.11036 -5.48635 2.83496 -1.44744 0.168238 0.227382  
  0.102451 -2.88442 -8.42998 -1.24183 -0.357683 0.215649  
  11.1762 0.357716 7.26871 -0.926014 -1.33956 0.194225  
  0.465202 -9.20151 -7.03831 -1.77206 -0.3824 0.206794  
  9.0748 -11.654 5.93536 -1.94048 -1.14003 0.183893  
  -3.26008 -2.78218 9.03709 -1.20669 -0.0896187 0.223851  
  2.24952 -10.2611 9.47902 -1.8278 -0.555522 0.201578  
  -6.10999 -3.01383 3.78544 -1.2383 0.165079 0.229669  
  0.253302 -4.44682 11.3386 -1.33817 -0.392797 0.213508  
  -5.10437 -0.721324 5.88156 -1.04103 0.0709279 0.230358  
  0.973084 -13.159 -2.8265 -2.09423 -0.425137 0.200563  
  3.80256 -13.5926 5.22684 -2.11066 -0.680594 0.19354  
  -4.01184 -10.2702 -0.339277 -1.8539 -0.00366127 0.215887  
  -1.16953 -12.8828 2.19335 -2.06784 -0.246176 0.205916  
  9.59009 0.971013 -5.6255 -0.90154 -1.18614 0.196993  
  10.4358 -9.52935 6.80068 -1.7577 -1.26025 0.18276  
  1.17838 3.8535 -5.74539 -0.665997 -0.460196 0.220292  
  -5.01369 -8.2119 -1.42453 -1.68512 0.0847566 0.220289  
  1.13201 -11.0094 -5.99596 -1.92159 -0.437866 0.201868  
  -2.80981 -8.95177 -4.99758 -1.75177 -0.101824 0.214001  
  9.15554 0.778013 -6.26002 -0.920181 -1.14539 0.197697  
  2.21722 -11.4182 -5.99977 -1.9536 -0.531476 0.199025  
  -0.0594397 -13.4951 1.74571 -2.11977 -0.341678 0.202612  
  10.9274 -6.24033 -5.62575 -1.50806 -1.28842 0.184738  
  8.24273 -11.0314 7.3262 -1.89038 -1.06831 0.186584  
  -1.9006 -12.4314 0.43336 -2.03385 -0.179929 0.208173  
  10.2842 -11.6596 2.89541 -1.94436 -1.238 0.179516  
  13.5947 -2.24235 1.94981 -1.15402 -1.53319 0.183291  
  4.82866 -3.3574 -9.26241 -1.28097 -0.762199 0.202913  
  12.036 -8.01355 -2.92777 -1.65123 -1.38698 0.179816  
  13.6536 -4.99483 2.01224 -1.38423 -1.53528 0.179583  
  5.89555 -4.77071 -8.99921 -1.39753 -0.851466 0.198234  
  1.02476 -12.9478 -3.38066 -2.08192 -0.42737 0.199854  
  9.13262 -12.7246 0.158664 -2.04153 -1.13467 0.180466  
  13.0983 -1.9383 4.53699 -1.12451 -1.4977 0.184745  
  -0.416636 -9.47426 8.70692 -1.76768 -0.325545 0.208007  
  10.0799 -6.60919 8.90843 -1.51421 -1.23582 0.186489  
  11.8023 -10.0893 0.565295 -1.81872 -1.36835 0.177522  
  -4.52408 -9.5925 1.20366 -1.79832 0.0422993 0.217033  
  -0.30659 -6.31241 -8.11159 -1.53678 -0.314457 0.210511  
  3.96072 -14.1438 -1.08679 -2.17621 -0.68118 0.191183  
  -5.83474 -6.52983 -0.203962 -1.54658 0.154714 0.223435  
  10.7966 -11.1068 3.1324 -1.90203 -1.28253 0.178491  
  1.9323 -0.45062 -8.70917 -1.04078 -0.517119 0.212023  
  -2.23289 -8.37423 -6.02586 -1.70867 -0.147317 0.212082  
  -5.69803 -6.76706 -0.684274 -1.56862 0.142155 0.222208  
  -0.658295 -1.27903 10.5913 -1.07981 -0.317041 0.217606  
  4.17044 -6.84954 -8.90893 -1.57833 -0.700273 0.198906  
  -5.5118 0.880377 1.48145 -0.918152 0.114859 0.231246  
  -5.13775 -8.4568 0.5025 -1.70833 0.0967455 0.21831  
  2.67465 -7.47333 11.0026 -1.59561 -0.595875 0.202104  
  9.17744 -4.3565 10.1619 -1.32617 -1.16317 0.191168  
  5.10624 -10.4439 9.16855 -1.84591 -0.800456 0.193197  
  8.76895 -12.8712 -0.566235 -2.0581 -1.1 0.180918  
  11.0955 -7.45484 7.40088 -1.58814 -1.31897 0.182218  
  -5.3261 -1.14427 -3.08842 -1.09858 0.1064 0.228374  
  -5.44023 -5.38146 -3.02216 -1.45661 0.120897 0.223177  
  0.251148 -0.380167 10.6933 -1.00441 -0.396185 0.217004  
  8.00148 -3.9235 10.7991 -1.29205 -1.06324 0.194048  
  3.79893 -14.34 0.752005 -2.18511 -0.671129 0.190288  
  11.5257 -10.248 3.02912 -1.82901 -1.34743 0.177394  
  5.45451 -2.76393 11.6762 -1.19384 -0.845333 0.201326  
  -2.75644 -7.47133 8.10062 -1.60796 -0.122785 0.214965  
  -4.01455 -9.49207 4.26053 -1.78672 -0.00563828 0.215381  
  -3.80825 -9.07711 -3.37444 -1.76482 -0.0131725 0.215077  
  11.7132 -1.23991 -4.52635 -1.08925 -1.36456 0.187825  
  4.58081 -13.3973 5.30736 -2.10237 -0.745748 0.190634  
  11.2644 -9.87398 4.91473 -1.80047 -1.32268 0.177522  
  10.202 -11.9178 1.27343 -1.97826 -1.22452 0.177216  
  6.35684 -13.6444 -1.38723 -2.13481 -0.886484 0.184064  
  3.28372 6.49619 -2.3072 -0.446936 -0.645398 0.216323  
  8.39082 -7.12285 -7.26944 -1.59652 -1.06153 0.187296  
  13.6124 -2.06721 0.525317 -1.15113 -1.5297 0.181877  
  9.54751 -4.62209 10.1257 -1.35394 -1.18823 0.188878  
  0.510405 -2.33044 11.4432 -1.1687 -0.411253 0.212175  
  10.2016 -11.7156 3.29368 -1.95916 -1.22525 0.17794  
  5.07434 -5.72395 11.7757 -1.44693 -0.802413 0.197565  
  -1.84543 -10.888 6.07162 -1.90148 -0.188007 0.207655  
  4.44115 6.75534 4.27894 -0.412781 -0.749266 0.21373  
  8.3968 -11.1106 -4.48476 -1.9272 -1.0611 0.182441  
  8.43559 -2.48474 10.8572 -1.17338 -1.09607 0.193738  
  6.12026 -6.10896 11.4403 -1.47927 -0.890928 0.19457  
  13.6019 -1.77043 1.17067 -1.12405 -1.52848 0.181157  
  1.36517 5.56861 -3.6164 -0.530315 -0.473975 0.219513  
  12.7466 -8.33121 0.139391 -1.67487 -1.44561 0.175135  
  8.50353 -1.92809 10.7487 -1.12765 -1.10056 0.193723  
  0.805132 -12.3076 -3.98741 -2.03748 -0.402839 0.198995  
  9.89639 2.8926 6.84126 -0.729227 -1.2216 0.196114  
  11.0755 -7.97817 -4.52669 -1.65932 -1.29505 0.179584  
  9.51302 1.19687 8.74183 -0.865859 -1.19113 0.19508  
  4.89554 -0.297418 11.4986 -0.99309 -0.792553 0.204164  
  11.5621 -4.9624 -5.07323 -1.40675 -1.34314 0.181644  
  11.1217 -10.2174 -2.02637 -1.8437 -1.29837 0.176821  
  2.04473 -0.833536 11.617 -1.04218 -0.545938 0.210152  
  -1.6226 -1.71828 -7.4851 -1.15719 -0.201032 0.216652  
  -1.37412 -1.78297 -7.64556 -1.16616 -0.223112 0.215686  
  5.9892 4.0329 -5.64631 -0.661392 -0.868881 0.205445  
  5.57726 -4.19008 -8.98661 -1.35969 -0.818075 0.196475  
  5.31801 0.817107 11.0398 -0.902722 -0.828983 0.204141  
  6.04498 6.78661 -0.00399565 -0.417859 -0.883376 0.209368  
  10.21 0.111015 8.6741 -0.959136 -1.24708 0.192127  
  7.95962 -5.18596 -8.05594 -1.43912 -1.02641 0.189896  
  12.0977 -9.64634 1.25691 -1.79108 -1.38924 0.174746  
  1.18629 -11.5968 -5.21339 -1.98264 -0.437099 0.1982  
  13.6219 -5.50805 0.997781 -1.44187 -1.52699 0.175898  
  4.47375 -6.05306 -8.90588 -1.51899 -0.723104 0.196894  
  13.0508 -6.46128 4.38037 -1.51712 -1.48106 0.176334  
  2.51986 -5.19114 11.7477 -1.41077 -0.58157 0.203015  
  11.1665 -10.6429 3.16432 -1.87241 -1.31151 0.175394  
  0.772907 5.2261 -4.07195 -0.564724 -0.424121 0.219324  
  8.40717 -7.76445 9.76609 -1.62366 -1.08337 0.186586  
  -4.45938 -9.45324 1.16617 -1.79952 0.0441791 0.213998  
  9.12943 -9.48324 8.20911 -1.77174 -1.14043 0.182149  
  2.75403 2.6501 -7.21198 -0.785846 -0.58673 0.21146  
  0.971656 6.64165 -1.32208 -0.44507 -0.441246 0.220617  
  7.31862 2.10803 -6.71815 -0.826853 -0.981337 0.200084  
  10.2692 3.51918 -2.39327 -0.694426 -1.24495 0.195563  
  6.64561 -12.8847 -3.1374 -2.0798 -0.907817 0.183752  
  6.27057 5.53044 -3.55698 -0.531115 -0.897054 0.206953  
  11.1347 -9.14384 -3.56536 -1.75906 -1.29799 0.177392  
  -0.527706 5.90175 -1.5652 -0.507896 -0.313534 0.223281  
  5.97782 -13.7973 -1.0421 -2.15244 -0.850307 0.183391  
  0.133442 -5.7995 -8.34834 -1.50614 -0.346855 0.207431  
  9.91204 3.19419 -3.52717 -0.727588 -1.21089 0.195464  
  9.19314 -0.126998 9.69101 -0.983618 -1.16253 0.193363  
  12.5711 -0.986428 -2.9617 -1.07454 -1.43253 0.184116  
  9.21945 -0.28639 -6.76496 -1.02583 -1.14246 0.192219  
  3.06082 -8.36253 10.7069 -1.68037 -0.620436 0.197531  
  11.281 -1.56551 8.15287 -1.10214 -1.33732 0.186351  
  8.97365 1.33936 9.14887 -0.859987 -1.14327 0.195557  
  12.2206 -1.531 -3.90685 -1.12136 -1.40021 0.182915  
  5.11695 -12.4745 -4.44274 -2.05142 -0.774406 0.186683  
  5.57845 6.62879 -1.4507 -0.439042 -0.842058 0.209159  
  0.153781 1.33809 -7.38939 -0.904595 -0.358575 0.2152  
  9.39415 -8.78738 8.35134 -1.71479 -1.16487 0.182287  
  12.1837 -4.42782 7.0525 -1.3459 -1.40762 0.180879  
  13.0778 -0.384348 3.65987 -1.00778 -1.48714 0.183538  
  0.489122 -0.644267 -8.30226 -1.07184 -0.384557 0.211971  
  8.00992 -5.57132 10.7704 -1.44116 -1.05337 0.189472  
  13.376 -6.62438 0.514221 -1.53947 -1.50204 0.174359  
  4.47213 -4.93298 -9.12038 -1.42859 -0.722988 0.197264  
  5.57739 -11.374 -5.77835 -1.9619 -0.813724 0.187096  
  8.73968 -4.03046 10.5991 -1.30975 -1.11738 0.189162  
  6.3902 -11.3761 -5.4543 -1.96094 -0.883989 0.185471  
  -0.338498 4.07618 -4.95899 -0.666904 -0.321379 0.219604  
  5.35943 -7.22228 11.1241 -1.58411 -0.820002 0.193219  
  7.48982 -13.2969 -0.874011 -2.11072 -0.980564 0.180187  
  7.66058 -6.05515 10.8409 -1.48282 -1.02237 0.18917  
  6.48888 0.837705 10.7598 -0.904106 -0.929677 0.200352  
  8.66249 -12.9058 2.08937 -2.07283 -1.08582 0.17821  
  12.5543 -2.5496 -3.43878 -1.20682 -1.43196 0.181007  
  8.85741 -8.65157 8.97144 -1.7022 -1.11937 0.183179  
  12.5128 -1.7045 -3.478 -1.13723 -1.42575 0.182334  
  7.39073 -6.5268 -8.0291 -1.55849 -0.972991 0.188564  
  11.5708 -1.48164 -4.90541 -1.1247 -1.34362 0.184378  
  7.80935 -12.5329 4.89513 -2.03887 -1.01923 0.180618  
  9.09715 -1.43069 10.2089 -1.09396 -1.15253 0.190939  
  11.7911 -9.56302 -1.22854 -1.79109 -1.35716 0.174213  
  6.37562 -3.99169 -8.79193 -1.34855 -0.887442 0.193845  
  5.85932 5.50431 6.95879 -0.522105 -0.875245 0.207852  
  13.2809 -6.72788 3.01929 -1.547 -1.49379 0.174001  
  9.48998 2.03109 -5.4321 -0.834223 -1.16507 0.193481  
  12.1665 2.28208 1.22171 -0.794981 -1.40518 0.187624  
  9.23853 1.27297 -5.96851 -0.898111 -1.14301 0.193792  
  3.09587 -2.38426 -9.09454 -1.22186 -0.604834 0.203009  
  4.05453 -10.0274 -7.05331 -1.85935 -0.680528 0.191693  
  -0.349985 -4.90394 10.8358 -1.39867 -0.328762 0.209282  
  10.0921 -10.074 6.63566 -1.82635 -1.21739 0.178057  
  13.6442 -3.78041 -0.673559 -1.30497 -1.52296 0.176462  
  13.0265 -7.51776 -0.0735461 -1.61653 -1.46692 0.173626  
  6.40688 -13.4622 -1.66103 -2.12938 -0.886258 0.181796  
  9.27918 -8.49627 8.74695 -1.69196 -1.15456 0.181501  
  8.08991 -11.7643 -3.73909 -1.99135 -1.03082 0.180215  
  7.02422 6.66708 1.75218 -0.433903 -0.965855 0.204423  
  9.26892 -12.1848 -1.30001 -2.01748 -1.13412 0.17633  
  9.78232 -11.6898 4.13082 -1.96914 -1.18616 0.176247  
  6.36596 5.88159 -3.0174 -0.509873 -0.903521 0.205521  
  5.22149 -13.9884 2.29356 -2.17201 -0.787038 0.184147  
  10.0278 -11.9109 0.556891 -1.99193 -1.20138 0.174998  
  7.49944 -7.89385 -7.39018 -1.67672 -0.979755 0.185765  
  12.3093 -0.99929 6.48318 -1.06374 -1.42287 0.1833  
  2.32284 -8.37931 -7.91547 -1.72534 -0.530355 0.19737  
  8.69733 -8.4454 -6.38459 -1.72037 -1.08411 0.18248  
  10.1314 -1.72057 -6.47941 -1.15273 -1.21638 0.187068  
  9.63994 -12.2175 2.31787 -2.01802 -1.16912 0.17555  
  5.96385 -3.32925 11.8817 -1.25843 -0.876499 0.195529  
  5.91269 4.66828 8.21325 -0.593383 -0.879154 0.205482  
  9.71254 -0.41237 -6.37525 -1.04244 -1.1808 0.190056  
  5.51149 2.52478 -7.10214 -0.804486 -0.819404 0.203013  
  5.57649 6.97432 -0.496226 -0.417163 -0.836217 0.20824  
  10.9174 -2.00429 8.80962 -1.14829 -1.2999 0.186119  
  7.11342 -12.4344 -3.29014 -2.05231 -0.94383 0.181257  
  10.871 -8.2497 -4.44188 -1.69602 -1.27373 0.177086  
  3.18942 -13.8765 3.38387 -2.16601 -0.612726 0.189142  
  9.27877 -6.43228 9.9022 -1.52035 -1.15641 0.183957  
  -3.87575 3.56372 2.84964 -0.707703 -0.0207341 0.226433  
  5.35102 1.25412 11.0182 -0.878359 -0.827808 0.20263  
  8.12654 3.88806 7.79323 -0.658475 -1.06734 0.199174  
  10.3171 -9.39884 7.00049 -1.77302 -1.23645 0.177923  
  -0.178533 6.35388 -0.516212 -0.471769 -0.338772 0.221119  
  10.0613 0.606216 -5.67323 -0.958752 -1.21355 0.18961  
  6.02976 -5.82897 -8.60881 -1.51154 -0.853346 0.191325  
  9.80113 -5.10122 -6.86887 -1.44162 -1.18079 0.183477  
  1.09706 -8.24842 -7.63851 -1.71944 -0.422413 0.20031  
  9.00908 -6.84556 9.94214 -1.5567 -1.13267 0.184051  
  2.80201 -8.08222 10.8652 -1.66681 -0.593588 0.197135  
  11.461 -10.4911 1.50686 -1.87389 -1.32772 0.172731  
  11.6412 -8.3715 -3.1642 -1.70307 -1.34105 0.1749  
  5.26484 6.91715 4.32886 -0.414597 -0.817993 0.208737  
  5.84156 7.11857 2.04535 -0.400014 -0.863487 0.207753  
  3.50745 -0.53697 11.7831 -1.02892 -0.665754 0.204346  
  10.7527 -9.0774 -3.98324 -1.76465 -1.26052 0.175924  
  5.94234 4.54647 -5.22219 -0.631802 -0.860767 0.204281  
  10.2857 -3.05926 -6.46307 -1.26999 -1.22841 0.184148  
  10.0987 -1.57534 -6.50128 -1.14579 -1.21101 0.186885  
  9.06717 -2.64372 10.5849 -1.20607 -1.14437 0.188809  
  9.89011 -9.82974 -4.25216 -1.83107 -1.18437 0.177097  
  4.94455 4.20628 -5.80721 -0.662524 -0.775087 0.206023  
  4.3857 -13.9417 -0.426079 -2.17901 -0.709187 0.185387  
  13.1975 0.208408 1.9006 -0.974544 -1.49201 0.181683  
  12.3877 1.16949 -1.22538 -0.900267 -1.4194 0.18473  
  9.23364 -4.20251 10.5193 -1.33473 -1.15564 0.186049  
  11.0984 -0.221669 8.21193 -1.00244 -1.31604 0.186563  
  9.37511 4.35496 6.04858 -0.622959 -1.17156 0.19629  
  11.2587 0.293176 -4.40207 -0.984714 -1.31575 0.185691  
  9.88378 2.28107 7.98269 -0.794338 -1.21688 0.192  
  11.1426 -10.6692 3.02286 -1.88701 -1.30071 0.172905  
  7.48055 -2.23258 11.481 -1.17073 -1.00821 0.191771  
  8.58636 -1.97687 -7.54519 -1.1825 -1.07711 0.189084  
  6.33486 -13.4169 4.11859 -2.12733 -0.88127 0.181164  
  9.26389 -12.4538 2.06315 -2.04425 -1.13457 0.175217  
  11.604 2.70647 -1.08463 -0.774463 -1.35012 0.187812  
  6.96705 6.47352 -0.832865 -0.461772 -0.958112 0.204051  
  -2.56745 3.65126 6.17694 -0.69742 -0.13733 0.222844  
  -4.96564 1.94704 0.376401 -0.853141 0.0803717 0.226163  
  10.0579 -9.25415 -4.51696 -1.78749 -1.19813 0.177173  
  4.08243 -4.22696 12.1362 -1.34107 -0.711809 0.197966  
  7.96668 -12.2675 5.62955 -2.02394 -1.02653 0.178988  
  0.271877 -13.2805 0.540998 -2.12877 -0.354018 0.195507  
  12.3812 -8.622 3.70331 -1.71737 -1.40974 0.172396  
  9.8488 -10.8104 -2.8718 -1.91529 -1.1794 0.175615  
  -0.406541 4.30519 7.85878 -0.63882 -0.32858 0.218182  
  6.19713 7.02092 0.84742 -0.41249 -0.889822 0.206098  
  10.5287 2.28216 7.03862 -0.79792 -1.26675 0.190922  
  9.90911 -0.95859 -6.40646 -1.09264 -1.19171 0.187675  
  13.6576 -2.63532 3.61737 -1.21243 -1.52492 0.176169  
  -1.34735 -7.54334 -6.56847 -1.6663 -0.212379 0.205494  
  12.9659 0.808903 2.4557 -0.928447 -1.46736 0.18159  
  9.19265 -0.381049 10.169 -1.01868 -1.15637 0.190382  
  8.49651 5.12988 -2.47271 -0.580506 -1.08398 0.198195  
  1.97602 -2.18562 11.9478 -1.17745 -0.529061 0.205056  
  13.2392 -0.0916823 0.327624 -1.00461 -1.49009 0.180703  
  6.05437 1.88345 -7.19577 -0.861578 -0.86235 0.199754  
  13.1812 -1.73792 -1.64482 -1.14868 -1.48165 0.178405  
  9.68799 -0.659407 9.90699 -1.04011 -1.19566 0.188487  
  6.40902 -2.54873 -8.49363 -1.23882 -0.886835 0.193194  
  10.8711 -3.67499 -5.79244 -1.32126 -1.27599 0.181122  
  8.1292 1.72768 9.88609 -0.841307 -1.06471 0.194816  
  13.2807 -6.90804 0.4237 -1.57615 -1.48568 0.171955  
  -1.25403 -2.81797 10.7769 -1.23363 -0.246979 0.211095  
  13.1533 -7.27934 0.500719 -1.60747 -1.47534 0.171985  
  6.42399 6.18013 5.6266 -0.477259 -0.915191 0.203904  
  10.6147 -10.7189 -1.64132 -1.90359 -1.24656 0.17331  
