0 0 0.2 1.05818 0.858177 0.2 0.2 
1 0 0.2 1.06487 0.864871 0.2 0.2 
2 0 0.2 1.08316 0.883157 0.2 0.2 
3 0 0.2 1.10662 0.906617 0.2 0.2 
4 0 0.2 1.13063 0.930634 0.2 0.2 
5 0 0.2 1.15209 0.952085 0.2 0.2 
6 0 0.2 1.16905 0.969052 0.2 0.2 
7 0 0.2 1.18055 0.980547 0.2 0.2 
8 0 0.2 1.18627 0.986271 0.2 0.2 
9 0 0.2 1.18641 0.986405 0.2 0.2 
10 0 0.2 1.18144 0.981438 0.2 0.2 
11 0 0.2 1.17203 0.972034 0.2 0.2 
12 0 0.2 1.15893 0.958932 0.2 0.2 
13 0 0.2 1.14288 0.942882 0.2 0.2 
14 0 0.2 1.12459 0.924592 0.2 0.2 
15 0 0.2 1.10471 0.904706 0.2 0.2 
16 0 0.2 1.08379 0.883793 0.2 0.2 
17 0 0.2 1.06234 0.862339 0.2 0.2 
18 0 0.2 1.04075 0.840753 0.2 0.2 
19 0 0.2 1.01938 0.819376 0.2 0.2 
20 0 0.2 0.998485 0.798485 0.2 0.2 
21 0 0.2 0.978305 0.778305 0.2 0.2 
22 0 0.2 0.95902 0.75902 0.2 0.2 
23 0 0.2 0.940773 0.740773 0.2 0.2 
24 0 0.2 0.923667 0.723667 0.2 0.2 
25 0 0.2 0.907764 0.707764 0.2 0.2 
26 0 0.2 0.893087 0.693087 0.2 0.2 
27 0 0.2 0.879622 0.679622 0.2 0.2 
28 0 0.2 0.867325 0.667325 0.2 0.2 
29 0 0.2 0.856134 0.656134 0.2 0.2 
30 0 0.2 0.84597 0.64597 0.2 0.2 
31 0 0.2 0.836749 0.636749 0.2 0.2 
32 0 0.2 0.828383 0.628383 0.2 0.2 
33 0 0.2 0.82079 0.62079 0.2 0.2 
34 0 0.2 0.813891 0.613891 0.2 0.2 
35 0 0.2 0.807618 0.607618 0.2 0.2 
36 0 0.2 0.802348 0.602348 0.2 0.2 
37 0 0.2 0.798474 0.598474 0.2 0.2 
38 0 0.2 0.795767 0.595767 0.2 0.2 
39 0 0.2 0.794023 0.594023 0.2 0.2 
40 0 0.2 0.793065 0.593065 0.2 0.2 
41 0 0.2 0.792737 0.592737 0.2 0.2 
42 0 0.2 0.792906 0.592906 0.2 0.2 
43 0 0.2 0.793457 0.593457 0.2 0.2 
44 0 0.2 0.794296 0.594296 0.2 0.2 
45 0 0.2 0.79534 0.59534 0.2 0.2 
46 582.444 0.2 0.796522 0.596522 0.2 0.2 
47 2032.06 0.2 0.797785 0.597785 0.2 0.2 
48 2776.68 0.2 0.799079 0.599079 0.2 0.2 
49 3022.54 0.2 0.800374 0.600374 0.2 0.2 
50 2938.68 0.2 0.801642 0.601642 0.2 0.2 
51 2652.55 0.2 0.802863 0.602863 0.2 0.2 
52 2254.76 0.2 0.804024 0.604024 0.2 0.2 
53 1808.8 0.2 0.805112 0.605112 0.2 0.2 
54 1353.19 0.2 0.806122 0.606122 0.2 0.2 
55 903.465 0.2 0.807047 0.607047 0.2 0.2 
56 457.89 0.2 0.807884 0.607884 0.2 0.2 
57 0 0.2 0.808648 0.608648 0.2 0.2 
58 0 0.2 0.809357 0.609357 0.2 0.2 
59 0 0.2 0.810007 0.610007 0.2 0.2 
60 0 0.2 0.810589 0.610589 0.2 0.2 
61 0 0.2 0.8111 0.6111 0.2 0.2 
62 0 0.2 0.811535 0.611535 0.2 0.2 
63 0 0.2 0.810387 0.610387 0.2 0.2 
64 0 0.2 0.806476 0.606476 0.2 0.2 
65 0 0.2 0.802057 0.602057 0.2 0.2 
66 0 0.2 0.798807 0.598807 0.2 0.2 
67 0 0.2 0.796527 0.596527 0.2 0.2 
68 0 0.2 0.795041 0.595041 0.2 0.2 
69 0 0.2 0.794195 0.594195 0.2 0.2 
70 0 0.2 0.793842 0.593842 0.2 0.2 
71 0 0.2 0.793865 0.593865 0.2 0.2 
72 0 0.2 0.794194 0.594194 0.2 0.2 
73 0 0.2 0.794758 0.594758 0.2 0.2 
74 0 0.2 0.795494 0.595494 0.2 0.2 
75 0 0.2 0.796348 0.596348 0.2 0.2 
76 0 0.2 0.797274 0.597274 0.2 0.2 
77 0 0.2 0.798201 0.598201 0.2 0.2 
78 0 0.2 0.799071 0.599071 0.2 0.2 
79 0 0.2 0.799872 0.599872 0.2 0.2 
80 0 0.2 0.800601 0.600601 0.2 0.2 
81 0 0.2 0.801252 0.601252 0.2 0.2 
82 0 0.2 0.801826 0.601826 0.2 0.2 
83 0 0.2 0.80232 0.60232 0.2 0.2 
84 0 0.2 0.802737 0.602737 0.2 0.2 
85 135.782 0.2 0.803078 0.603078 0.2 0.2 
86 551.175 0.2 0.802228 0.602228 0.2 0.2 
87 837.958 0.2 0.800193 0.600193 0.2 0.2 
88 772.796 0.2 0.798627 0.598627 0.2 0.2 
89 208.307 0.2 0.797464 0.597464 0.2 0.2 
90 0 0.2 0.796652 0.596652 0.2 0.2 
91 0 0.2 0.796148 0.596148 0.2 0.2 
92 0 0.2 0.795903 0.595903 0.2 0.2 
93 56.029 0.2 0.795857 0.595857 0.2 0.2 
94 102.157 0.2 0.795941 0.595941 0.2 0.2 
95 76.0446 0.2 0.796104 0.596104 0.2 0.2 
96 15.5979 0.2 0.79632 0.59632 0.2 0.2 
97 0 0.2 0.796568 0.596568 0.2 0.2 
98 0 0.2 0.796843 0.596843 0.2 0.2 
99 0 0.2 0.797128 0.597128 0.2 0.2 
100 0 0.2 0.797391 0.597391 0.2 0.2 
101 0 0.2 0.797627 0.597627 0.2 0.2 
102 0 0.2 0.797835 0.597835 0.2 0.2 
103 0 0.2 0.798014 0.598014 0.2 0.2 
104 0 0.2 0.798167 0.598167 0.2 0.2 
105 0 0.2 0.798295 0.598295 0.2 0.2 
106 0 0.2 0.798401 0.598401 0.2 0.2 
107 0 0.2 0.798487 0.598487 0.2 0.2 
108 0 0.2 0.798556 0.598556 0.2 0.2 
109 0 0.2 0.798609 0.598609 0.2 0.2 
110 61.5167 0.2 0.798648 0.598648 0.2 0.2 
111 399.058 0.2 0.798649 0.598649 0.2 0.2 
112 791.98 0.2 0.798587 0.598587 0.2 0.2 
113 1231.48 0.2 0.798481 0.598481 0.2 0.2 
114 1706.91 0.2 0.798341 0.598341 0.2 0.2 
115 2197.12 0.2 0.798178 0.598178 0.2 0.2 
116 2682.02 0.2 0.798 0.598 0.2 0.2 
117 3146.8 0.2 0.797811 0.597811 0.2 0.2 
118 3563.96 0.2 0.797616 0.597616 0.2 0.2 
119 3893.1 0.2 0.797419 0.597419 0.2 0.2 
120 4071.76 0.2 0.797219 0.597219 0.2 0.2 
121 3999.19 0.2 0.797018 0.597018 0.2 0.2 
122 3521.68 0.2 0.796818 0.596818 0.2 0.2 
123 2416.89 0.2 0.796618 0.596618 0.2 0.2 
124 396.678 0.2 0.796418 0.596418 0.2 0.2 
125 0 0.2 0.796221 0.596221 0.2 0.2 
126 0 0.2 0.795009 0.595009 0.2 0.2 
127 0 0.2 0.792828 0.592828 0.2 0.2 
128 0 0.2 0.791226 0.591226 0.2 0.2 
129 0 0.2 0.790113 0.590113 0.2 0.2 
130 0 0.2 0.789352 0.589352 0.2 0.2 
131 0 0.2 0.788809 0.588809 0.2 0.2 
132 0 0.2 0.788443 0.588443 0.2 0.2 
133 0 0.2 0.788226 0.588226 0.2 0.2 
134 0 0.2 0.788134 0.588134 0.2 0.2 
135 0 0.2 0.788135 0.588135 0.2 0.2 
136 0 0.2 0.788312 0.588312 0.2 0.2 
137 0 0.2 0.788772 0.588772 0.2 0.2 
138 0 0.2 0.789465 0.589465 0.2 0.2 
139 0 0.2 0.790348 0.590348 0.2 0.2 
140 0 0.2 0.791383 0.591383 0.2 0.2 
141 0 0.2 0.792535 0.592535 0.2 0.2 
142 0 0.2 0.793793 0.593793 0.2 0.2 
143 0 0.2 0.795147 0.595147 0.2 0.2 
144 0 0.2 0.796569 0.596569 0.2 0.2 
145 0 0.2 0.798031 0.598031 0.2 0.2 
146 0 0.2 0.799506 0.599506 0.2 0.2 
147 0 0.2 0.800971 0.600971 0.2 0.2 
148 0 0.2 0.8024 0.6024 0.2 0.2 
149 0 0.2 0.803773 0.603773 0.2 0.2 
150 0 0.2 0.805068 0.605068 0.2 0.2 
151 0 0.2 0.806266 0.606266 0.2 0.2 
152 0 0.2 0.807349 0.607349 0.2 0.2 
153 0 0.2 0.808304 0.608304 0.2 0.2 
154 0 0.2 0.80912 0.60912 0.2 0.2 
155 0 0.2 0.80981 0.60981 0.2 0.2 
156 0 0.2 0.810396 0.610396 0.2 0.2 
157 0 0.2 0.810868 0.610868 0.2 0.2 
158 0 0.2 0.811221 0.611221 0.2 0.2 
159 0 0.2 0.811454 0.611454 0.2 0.2 
160 0 0.2 0.811573 0.611573 0.2 0.2 
161 0 0.2 0.811589 0.611589 0.2 0.2 
162 0 0.2 0.811519 0.611519 0.2 0.2 
163 0 0.2 0.811383 0.611383 0.2 0.2 
164 0 0.2 0.811205 0.611205 0.2 0.2 
165 0 0.2 0.811008 0.611008 0.2 0.2 
166 0 0.2 0.81082 0.61082 0.2 0.2 
167 0 0.2 0.810663 0.610663 0.2 0.2 
168 0 0.2 0.81056 0.61056 0.2 0.2 
169 0 0.2 0.810526 0.610526 0.2 0.2 
170 0 0.2 0.810575 0.610575 0.2 0.2 
171 0 0.2 0.810714 0.610714 0.2 0.2 
172 0 0.2 0.810944 0.610944 0.2 0.2 
173 0 0.2 0.811263 0.611263 0.2 0.2 
174 0 0.2 0.811662 0.611662 0.2 0.2 
175 0 0.2 0.812131 0.612131 0.2 0.2 
176 0 0.2 0.812657 0.612657 0.2 0.2 
177 0 0.2 0.813224 0.613224 0.2 0.2 
178 0 0.2 0.813817 0.613817 0.2 0.2 
179 0 0.2 0.814422 0.614422 0.2 0.2 
180 0 0.2 0.815024 0.615024 0.2 0.2 
181 0 0.2 0.818267 0.618267 0.2 0.2 
182 0 0.2 0.825423 0.625423 0.2 0.2 
183 0 0.2 0.832631 0.632631 0.2 0.2 
184 0 0.2 0.837116 0.637116 0.2 0.2 
185 183844 0.2 0.836965 0.636965 0.2 0.2 
186 294894 0.2 0.83188 0.63188 0.2 0.2 
187 294894 0.2 0.822334 0.622334 0.2 0.2 
188 294894 0.2 0.808016 0.608016 0.2 0.2 
189 294894 0.2 0.792733 0.592733 0.2 0.2 
190 294894 0.2 0.781083 0.581083 0.2 0.2 
191 294894 0.2 0.7727 0.5727 0.2 0.2 
192 294894 0.2 0.767244 0.567244 0.2 0.2 
193 294894 0.2 0.764151 0.564151 0.2 0.2 
194 294895 0.2 0.762917 0.562917 0.2 0.2 
195 294905 0.2 0.756492 0.556492 0.2 0.2 
196 73719.8 0.2 0.737233 0.537233 0.2 0.2 
197 0 0.2 0.707967 0.507967 0.2 0.2 
198 0 0.2 0.667205 0.467205 0.2 0.2 
199 0 0.2 0.620417 0.420417 0.2 0.2 
200 0 0.2 0.579092 0.379092 0.2 0.2 
201 0 0.2 0.538304 0.338304 0.2 0.2 
202 0 0.2 0.493566 0.293566 0.2 0.2 
203 0 0.2 0.454206 0.254206 0.2 0.2 
204 0 0.2 0.425683 0.225683 0.2 0.2 
205 0 0.2 0.403871 0.203871 0.2 0.2 
206 0 0.2 0.387742 0.187742 0.2 0.2 
207 0 0.2 0.375396 0.175396 0.2 0.2 
208 0 0.2 0.366162 0.166162 0.2 0.2 
209 0 0.2 0.359732 0.159732 0.2 0.2 
210 0 0.2 0.355904 0.155904 0.2 0.2 
211 0 0.2 0.35446 0.15446 0.2 0.2 
212 0 0.2 0.355124 0.155124 0.2 0.2 
213 0 0.2 0.357645 0.157645 0.2 0.2 
214 0 0.2 0.361947 0.161947 0.2 0.2 
215 0 0.2 0.367967 0.167967 0.2 0.2 
216 0 0.2 0.375616 0.175616 0.2 0.2 
217 0 0.2 0.384687 0.184687 0.2 0.2 
218 0 0.2 0.394735 0.194735 0.2 0.2 
219 0 0.2 0.405367 0.205367 0.2 0.2 
220 0 0.2 0.416174 0.216174 0.2 0.2 
221 0 0.2 0.426812 0.226812 0.2 0.2 
222 0 0.2 0.437003 0.237003 0.2 0.2 
223 0 0.2 0.44653 0.24653 0.2 0.2 
224 0 0.2 0.455235 0.255235 0.2 0.2 
225 0 0.2 0.46302 0.26302 0.2 0.2 
226 0 0.2 0.469873 0.269873 0.2 0.2 
227 0 0.2 0.475935 0.275935 0.2 0.2 
228 0 0.2 0.472582 0.272582 0.2 0.2 
229 0 0.2 0.452684 0.252684 0.2 0.2 
230 0 0.2 0.428298 0.228298 0.2 0.2 
231 0 0.2 0.40843 0.20843 0.2 0.2 
232 0 0.2 0.392458 0.192458 0.2 0.2 
233 0 0.2 0.379977 0.179977 0.2 0.2 
234 0 0.2 0.37059 0.17059 0.2 0.2 
235 0 0.2 0.363888 0.163888 0.2 0.2 
236 0 0.2 0.359392 0.159392 0.2 0.2 
237 0 0.2 0.356757 0.156757 0.2 0.2 
238 0 0.2 0.355668 0.155668 0.2 0.2 
239 0 0.2 0.355844 0.155844 0.2 0.2 
240 0 0.2 0.357034 0.157034 0.2 0.2 
241 0 0.2 0.35902 0.15902 0.2 0.2 
242 0 0.2 0.361618 0.161618 0.2 0.2 
243 0 0.2 0.364674 0.164674 0.2 0.2 
244 0 0.2 0.368059 0.168059 0.2 0.2 
245 0 0.2 0.37166 0.17166 0.2 0.2 
246 0 0.2 0.375394 0.175394 0.2 0.2 
247 0 0.2 0.3792 0.1792 0.2 0.2 
248 0 0.2 0.383031 0.183031 0.2 0.2 
249 0 0.2 0.386852 0.186852 0.2 0.2 
250 0 0.2 0.390636 0.190636 0.2 0.2 
251 0 0.2 0.394359 0.194359 0.2 0.2 
252 0 0.2 0.398005 0.198005 0.2 0.2 
253 0 0.2 0.401558 0.201558 0.2 0.2 
254 0 0.2 0.405005 0.205005 0.2 0.2 
255 0 0.2 0.408337 0.208337 0.2 0.2 
256 0 0.2 0.411545 0.211545 0.2 0.2 
257 0 0.2 0.414624 0.214624 0.2 0.2 
258 0 0.2 0.417567 0.217567 0.2 0.2 
259 0 0.2 0.420371 0.220371 0.2 0.2 
260 0 0.2 0.423038 0.223038 0.2 0.2 
261 0 0.2 0.425588 0.225588 0.2 0.2 
262 0 0.2 0.428041 0.228041 0.2 0.2 
263 0 0.2 0.430379 0.230379 0.2 0.2 
264 0 0.2 0.432598 0.232598 0.2 0.2 
265 0 0.2 0.434697 0.234697 0.2 0.2 
266 0 0.2 0.436678 0.236678 0.2 0.2 
267 0 0.2 0.438545 0.238545 0.2 0.2 
268 0 0.2 0.440302 0.240302 0.2 0.2 
269 0 0.2 0.441953 0.241953 0.2 0.2 
270 0 0.2 0.443504 0.243504 0.2 0.2 
271 0 0.2 0.444961 0.244961 0.2 0.2 
272 0 0.2 0.446329 0.246329 0.2 0.2 
273 0 0.2 0.447614 0.247614 0.2 0.2 
274 0 0.2 0.448815 0.248815 0.2 0.2 
275 0 0.2 0.449913 0.249913 0.2 0.2 
276 0 0.2 0.450912 0.250912 0.2 0.2 
277 0 0.2 0.451816 0.251816 0.2 0.2 
278 0 0.2 0.452603 0.252603 0.2 0.2 
279 0 0.2 0.453279 0.253279 0.2 0.2 
280 0 0.2 0.453856 0.253856 0.2 0.2 
281 0 0.2 0.454349 0.254349 0.2 0.2 
282 0 0.2 0.454772 0.254772 0.2 0.2 
283 0 0.2 0.455139 0.255139 0.2 0.2 
284 0 0.2 0.455462 0.255462 0.2 0.2 
285 0 0.2 0.455751 0.255751 0.2 0.2 
286 0 0.2 0.456013 0.256013 0.2 0.2 
287 0 0.2 0.456258 0.256258 0.2 0.2 
288 0 0.2 0.456484 0.256484 0.2 0.2 
289 0 0.2 0.456677 0.256677 0.2 0.2 
290 0 0.2 0.456846 0.256846 0.2 0.2 
291 0 0.2 0.456997 0.256997 0.2 0.2 
292 0 0.2 0.457125 0.257125 0.2 0.2 
293 0 0.2 0.457241 0.257241 0.2 0.2 
294 0 0.2 0.457356 0.257356 0.2 0.2 
295 0 0.2 0.45748 0.25748 0.2 0.2 
296 0 0.2 0.45762 0.25762 0.2 0.2 
297 0 0.2 0.457779 0.257779 0.2 0.2 
298 0 0.2 0.45795 0.25795 0.2 0.2 
299 0 0.2 0.458107 0.258107 0.2 0.2 
300 0 0.2 0.458249 0.258249 0.2 0.2 
