0 0 0 0.768917 0.768917 0.4 0.4 
1 0 0 0.76569 0.76569 0.4 0.4 
2 0 0 0.756626 0.756626 0.4 0.4 
3 0 0 0.744306 0.744306 0.4 0.4 
4 0 0 0.730532 0.730532 0.4 0.4 
5 0 0 0.716489 0.716489 0.4 0.4 
6 0 0 0.7029 0.7029 0.4 0.4 
7 0 0 0.690147 0.690147 0.4 0.4 
8 0 0 0.678378 0.678378 0.4 0.4 
9 0 0 0.667589 0.667589 0.4 0.4 
10 0 0 0.657685 0.657685 0.4 0.4 
11 0 0 0.648527 0.648527 0.4 0.4 
12 0 0 0.639959 0.639959 0.4 0.4 
13 0 0 0.631836 0.631836 0.4 0.4 
14 0 0 0.624026 0.624026 0.4 0.4 
15 0 0 0.616427 0.616427 0.4 0.4 
16 0 0 0.608958 0.608958 0.4 0.4 
17 0 0 0.601569 0.601569 0.4 0.4 
18 0 0 0.59423 0.59423 0.4 0.4 
19 0 0 0.586931 0.586931 0.4 0.4 
20 0 0 0.579679 0.579679 0.4 0.4 
21 0 0 0.572492 0.572492 0.4 0.4 
22 0 0 0.565399 0.565399 0.4 0.4 
23 0 0 0.558431 0.558431 0.4 0.4 
24 0 0 0.55233 0.55233 0.4 0.4 
25 0 0 0.54785 0.54785 0.4 0.4 
26 0 0 0.544726 0.544726 0.4 0.4 
27 0 0 0.542721 0.542721 0.4 0.4 
28 0 0 0.54163 0.54163 0.4 0.4 
29 0 0 0.541275 0.541275 0.4 0.4 
30 0 0 0.5415 0.5415 0.4 0.4 
31 0 0 0.542174 0.542174 0.4 0.4 
32 0 0 0.543183 0.543183 0.4 0.4 
33 0 0 0.544435 0.544435 0.4 0.4 
34 0 0 0.54585 0.54585 0.4 0.4 
35 0 0 0.547364 0.547364 0.4 0.4 
36 0 0 0.548925 0.548925 0.4 0.4 
37 0 0 0.550491 0.550491 0.4 0.4 
38 0 0 0.552031 0.552031 0.4 0.4 
39 0 0 0.55352 0.55352 0.4 0.4 
40 0 0 0.554939 0.554939 0.4 0.4 
41 0 0 0.556276 0.556276 0.4 0.4 
42 0 0 0.557523 0.557523 0.4 0.4 
43 0 0 0.558674 0.558674 0.4 0.4 
44 0 0 0.559728 0.559728 0.4 0.4 
45 0 0 0.560684 0.560684 0.4 0.4 
46 0 0 0.561544 0.561544 0.4 0.4 
47 0 0 0.562311 0.562311 0.4 0.4 
48 0 0 0.562985 0.562985 0.4 0.4 
49 0 0 0.563572 0.563572 0.4 0.4 
50 0 0 0.560299 0.560299 0.4 0.4 
51 0 0 0.553258 0.553258 0.4 0.4 
52 0 0 0.54805 0.54805 0.4 0.4 
53 0 0 0.54439 0.54439 0.4 0.4 
54 0 0 0.542002 0.542002 0.4 0.4 
55 0 0 0.540644 0.540644 0.4 0.4 
56 0 0 0.540105 0.540105 0.4 0.4 
57 0 0 0.540202 0.540202 0.4 0.4 
58 0 0 0.540777 0.540777 0.4 0.4 
59 0.162064 0 0.541695 0.541695 0.4 0.4 
60 0.151197 0 0.542838 0.542838 0.4 0.4 
61 0.0300701 0 0.544105 0.544105 0.4 0.4 
62 0.029298 0 0.545416 0.545416 0.4 0.4 
63 0.0280432 0 0.546702 0.546702 0.4 0.4 
64 0.026572 0 0.547903 0.547903 0.4 0.4 
65 0.0250774 0 0.548971 0.548971 0.4 0.4 
66 0.023687 0 0.549863 0.549863 0.4 0.4 
67 0.0224781 0 0.550582 0.550582 0.4 0.4 
68 0.0214888 0 0.549341 0.549341 0.4 0.4 
69 0.0207258 0 0.544438 0.544438 0.4 0.4 
70 0.0201777 0 0.538536 0.538536 0.4 0.4 
71 0.0198185 0 0.533984 0.533984 0.4 0.4 
72 0.019617 0 0.530534 0.530534 0.4 0.4 
73 0.0195379 0 0.527962 0.527962 0.4 0.4 
74 0.0195464 0 0.526072 0.526072 0.4 0.4 
75 0.0196106 0 0.524691 0.524691 0.4 0.4 
76 0.0197038 0 0.523667 0.523667 0.4 0.4 
77 0.0198025 0 0.522907 0.522907 0.4 0.4 
78 0.0198873 0 0.522332 0.522332 0.4 0.4 
79 0.0199447 0 0.521842 0.521842 0.4 0.4 
80 0.0199635 0 0.521352 0.521352 0.4 0.4 
81 0.0199371 0 0.5196 0.5196 0.4 0.4 
82 0.0198625 0 0.515483 0.515483 0.515483 0.4 
83 0.0197372 0 0.511153 0.511153 0.511153 0.515483 
84 0.0195618 0 0.508469 0.508469 0.508469 0.511153 
85 0.0193384 0 0.507158 0.507158 0.507158 0.508469 
86 0.019069 0 0.506998 0.506998 0.506998 0.507158 
87 0.0187593 0 0.507809 0.507809 0.507809 0.506998 
88 0.0184109 0 0.509437 0.509437 0.509437 0.507809 
89 0.0180298 0 0.511752 0.511752 0.511752 0.509437 
90 0.0176214 0 0.514636 0.514636 0.514636 0.511752 
91 0.0171889 0 0.517986 0.517986 0.517986 0.514636 
92 0.016738 0 0.521706 0.521706 0.521706 0.517986 
93 0.0162731 0 0.525713 0.525713 0.521706 0.521706 
94 0.0157986 0 0.529925 0.529925 0.521706 0.521706 
95 0.0153184 0 0.534275 0.534275 0.521706 0.521706 
96 0.0148365 0 0.5387 0.5387 0.521706 0.521706 
97 0.014357 0 0.543105 0.543105 0.521706 0.521706 
98 0.0138808 0 0.547406 0.547406 0.521706 0.521706 
99 0.0134134 0 0.551527 0.551527 0.521706 0.521706 
100 0.012956 0 0.555169 0.555169 0.521706 0.521706 
101 0.0125092 0 0.558045 0.558045 0.521706 0.521706 
102 0.0120764 0 0.560226 0.560226 0.521706 0.521706 
103 0.0116565 0 0.561788 0.561788 0.521706 0.521706 
104 0.0112515 0 0.562806 0.562806 0.521706 0.521706 
105 0.0108614 0 0.563356 0.563356 0.521706 0.521706 
106 0.0104867 0 0.563514 0.563514 0.521706 0.521706 
107 0.0101263 0 0.56335 0.56335 0.521706 0.521706 
108 0.00978286 0 0.56293 0.56293 0.521706 0.521706 
109 0.00945614 0 0.562498 0.562498 0.521706 0.521706 
110 0.00914874 0 0.562257 0.562257 0.521706 0.521706 
111 0.00886426 0 0.562109 0.562109 0.521706 0.521706 
112 0.00860832 0 0.561977 0.561977 0.521706 0.521706 
113 0.0083887 0 0.561805 0.561805 0.521706 0.521706 
114 0.00821343 0 0.561557 0.561557 0.521706 0.521706 
115 0.00809646 0 0.561209 0.561209 0.521706 0.521706 
116 0.00805206 0 0.560755 0.560755 0.521706 0.521706 
117 0.00809567 0 0.560212 0.560212 0.521706 0.521706 
118 0.00824298 0 0.559609 0.559609 0.521706 0.521706 
119 0.00850965 0 0.558957 0.558957 0.521706 0.521706 
120 0.00890495 0 0.558274 0.558274 0.521706 0.521706 
121 0.00942885 0 0.557581 0.557581 0.521706 0.521706 
122 0.0100696 0 0.556903 0.556903 0.521706 0.521706 
123 0.0107944 0 0.556264 0.556264 0.521706 0.521706 
124 0.0115412 0 0.555688 0.555688 0.521706 0.521706 
125 0.0122133 0 0.555197 0.555197 0.521706 0.521706 
126 0.0126709 0 0.554809 0.554809 0.521706 0.521706 
127 0.0127072 0 0.55454 0.55454 0.521706 0.521706 
128 0.0122161 0 0.554402 0.554402 0.521706 0.521706 
129 0.256548 0 0.5544 0.5544 0.521706 0.521706 
130 0 0 0.554539 0.554539 0.521706 0.521706 
131 0 0 0.554823 0.554823 0.521706 0.521706 
132 0 0 0.555251 0.555251 0.521706 0.521706 
133 0 0 0.555817 0.555817 0.521706 0.521706 
134 0 0 0.556509 0.556509 0.521706 0.521706 
135 0 0 0.557315 0.557315 0.521706 0.521706 
136 0 0 0.558217 0.558217 0.521706 0.521706 
137 0 0 0.5592 0.5592 0.521706 0.521706 
138 0 0 0.560245 0.560245 0.521706 0.521706 
139 0 0 0.561312 0.561312 0.521706 0.521706 
140 0 0 0.562349 0.562349 0.521706 0.521706 
141 0 0 0.563325 0.563325 0.521706 0.521706 
142 0 0 0.564221 0.564221 0.521706 0.521706 
143 0 0 0.565026 0.565026 0.521706 0.521706 
144 0 0 0.565736 0.565736 0.521706 0.521706 
145 0 0 0.566348 0.566348 0.521706 0.521706 
146 0 0 0.566866 0.566866 0.521706 0.521706 
147 0 0 0.567293 0.567293 0.521706 0.521706 
148 0 0 0.567634 0.567634 0.521706 0.521706 
149 0 0 0.567896 0.567896 0.521706 0.521706 
150 0 0 0.568086 0.568086 0.521706 0.521706 
151 0 0 0.568211 0.568211 0.521706 0.521706 
152 0 0 0.568278 0.568278 0.521706 0.521706 
153 0.0159937 0 0.568293 0.568293 0.521706 0.521706 
154 0 0 0.568185 0.568185 0.521706 0.521706 
155 0 0 0.56797 0.56797 0.521706 0.521706 
156 0 0 0.567772 0.567772 0.521706 0.521706 
157 0 0 0.567581 0.567581 0.521706 0.521706 
158 0.00323043 0 0.567392 0.567392 0.521706 0.521706 
159 0.00668559 0 0.567111 0.567111 0.521706 0.521706 
160 0 0 0.566656 0.566656 0.521706 0.521706 
161 0 0 0.566163 0.566163 0.521706 0.521706 
162 0 0 0.565755 0.565755 0.521706 0.521706 
163 0 0 0.565403 0.565403 0.521706 0.521706 
164 0 0 0.565081 0.565081 0.521706 0.521706 
165 0.0109807 0 0.564767 0.564767 0.521706 0.521706 
166 0.0527008 0 0.564361 0.564361 0.521706 0.521706 
167 0 0 0.56377 0.56377 0.521706 0.521706 
168 0.318427 0 0.563118 0.563118 0.521706 0.521706 
169 0.899676 0 0.562582 0.562582 0.521706 0.521706 
170 0.0833043 0 0.562212 0.562212 0.521706 0.521706 
171 0 0 0.561979 0.561979 0.521706 0.521706 
172 0 0 0.56184 0.56184 0.521706 0.521706 
173 0 0 0.561681 0.561681 0.521706 0.521706 
174 0 0 0.561331 0.561331 0.521706 0.521706 
175 0 0 0.560682 0.560682 0.521706 0.521706 
176 0 0 0.559728 0.559728 0.521706 0.521706 
177 0 0 0.558527 0.558527 0.521706 0.521706 
178 0 0 0.55713 0.55713 0.521706 0.521706 
179 0 0 0.555583 0.555583 0.521706 0.521706 
180 0 0 0.553928 0.553928 0.521706 0.521706 
181 0 0 0.552198 0.552198 0.521706 0.521706 
182 0 0 0.550426 0.550426 0.521706 0.521706 
183 0 0 0.548636 0.548636 0.521706 0.521706 
184 0 0 0.546851 0.546851 0.521706 0.521706 
185 0 0 0.545087 0.545087 0.521706 0.521706 
186 0 0 0.54336 0.54336 0.521706 0.521706 
187 0 0 0.54168 0.54168 0.521706 0.521706 
188 0 0 0.540055 0.540055 0.521706 0.521706 
189 0 0 0.538491 0.538491 0.521706 0.521706 
190 0 0 0.53699 0.53699 0.521706 0.521706 
191 0 0 0.535553 0.535553 0.521706 0.521706 
192 0 0 0.534181 0.534181 0.521706 0.521706 
193 0 0 0.53287 0.53287 0.521706 0.521706 
194 0 0 0.531618 0.531618 0.521706 0.521706 
195 0 0 0.530423 0.530423 0.521706 0.521706 
196 0 0 0.529282 0.529282 0.521706 0.521706 
197 0 0 0.528323 0.528323 0.521706 0.521706 
198 0 0 0.527678 0.527678 0.521706 0.521706 
199 0 0 0.527298 0.527298 0.521706 0.521706 
200 0 0 0.52714 0.52714 0.521706 0.521706 
201 0 0 0.527167 0.527167 0.521706 0.521706 
202 0 0 0.527345 0.527345 0.521706 0.521706 
203 0 0 0.527649 0.527649 0.521706 0.521706 
204 0 0 0.528054 0.528054 0.521706 0.521706 
205 0 0 0.528541 0.528541 0.521706 0.521706 
206 0 0 0.529094 0.529094 0.521706 0.521706 
207 0 0 0.529697 0.529697 0.521706 0.521706 
208 0 0 0.530338 0.530338 0.521706 0.521706 
209 0 0 0.530727 0.530727 0.521706 0.521706 
210 0 0 0.530581 0.530581 0.521706 0.521706 
211 0 0 0.530036 0.530036 0.521706 0.521706 
212 0 0 0.529211 0.529211 0.521706 0.521706 
213 0 0 0.528385 0.528385 0.521706 0.521706 
214 0 0 0.527812 0.527812 0.521706 0.521706 
215 0 0 0.527456 0.527456 0.521706 0.521706 
216 0 0 0.527287 0.527287 0.521706 0.521706 
217 0 0 0.527279 0.527279 0.521706 0.521706 
218 0 0 0.527407 0.527407 0.521706 0.521706 
219 0 0 0.527652 0.527652 0.521706 0.521706 
220 0 0 0.527995 0.527995 0.521706 0.521706 
221 0 0 0.528421 0.528421 0.521706 0.521706 
222 0 0 0.528916 0.528916 0.521706 0.521706 
223 0 0 0.529467 0.529467 0.521706 0.521706 
224 0 0 0.530065 0.530065 0.521706 0.521706 
225 0 0 0.530408 0.530408 0.521706 0.521706 
226 0 0 0.530211 0.530211 0.521706 0.521706 
227 0 0 0.52963 0.52963 0.521706 0.521706 
228 0 0 0.528993 0.528993 0.521706 0.521706 
229 0 0 0.528594 0.528594 0.521706 0.521706 
230 0 0 0.5284 0.5284 0.521706 0.521706 
231 0 0 0.528382 0.528382 0.521706 0.521706 
232 0 0 0.528512 0.528512 0.521706 0.521706 
233 0 0 0.528767 0.528767 0.521706 0.521706 
234 0 0 0.529127 0.529127 0.521706 0.521706 
235 0 0 0.529574 0.529574 0.521706 0.521706 
236 0 0 0.530089 0.530089 0.521706 0.521706 
237 0 0 0.530374 0.530374 0.521706 0.521706 
238 0 0 0.530141 0.530141 0.521706 0.521706 
239 0 0 0.529537 0.529537 0.521706 0.521706 
240 0 0 0.528883 0.528883 0.521706 0.521706 
241 0 0 0.528465 0.528465 0.521706 0.521706 
242 0 0 0.528248 0.528248 0.521706 0.521706 
243 0 0 0.5282 0.5282 0.521706 0.521706 
244 0 0 0.528296 0.528296 0.521706 0.521706 
245 0 0 0.528511 0.528511 0.521706 0.521706 
246 0 0 0.528824 0.528824 0.521706 0.521706 
247 0 0 0.529218 0.529218 0.521706 0.521706 
248 0 0 0.529677 0.529677 0.521706 0.521706 
249 0 0 0.530187 0.530187 0.521706 0.521706 
250 0 0 0.530449 0.530449 0.521706 0.521706 
251 0 0 0.530179 0.530179 0.521706 0.521706 
252 0 0 0.529527 0.529527 0.521706 0.521706 
253 0 0 0.528816 0.528816 0.521706 0.521706 
254 0 0 0.528334 0.528334 0.521706 0.521706 
255 0 0 0.528049 0.528049 0.521706 0.521706 
256 0 0 0.527932 0.527932 0.521706 0.521706 
257 0 0 0.527961 0.527961 0.521706 0.521706 
258 0 0 0.528112 0.528112 0.521706 0.521706 
259 0 0 0.528367 0.528367 0.521706 0.521706 
260 0 0 0.528709 0.528709 0.521706 0.521706 
261 0 0 0.529124 0.529124 0.521706 0.521706 
262 0 0 0.529598 0.529598 0.521706 0.521706 
263 0 0 0.530121 0.530121 0.521706 0.521706 
264 0 0 0.530397 0.530397 0.521706 0.521706 
265 0 0 0.530146 0.530146 0.521706 0.521706 
266 0 0 0.529516 0.529516 0.521706 0.521706 
267 0 0 0.528828 0.528828 0.521706 0.521706 
268 0 0 0.52837 0.52837 0.521706 0.521706 
269 0 0 0.528109 0.528109 0.521706 0.521706 
270 0 0 0.528019 0.528019 0.521706 0.521706 
271 0 0 0.528075 0.528075 0.521706 0.521706 
272 0 0 0.528255 0.528255 0.521706 0.521706 
273 0 0 0.528539 0.528539 0.521706 0.521706 
274 0 0 0.52891 0.52891 0.521706 0.521706 
275 0 0 0.529353 0.529353 0.521706 0.521706 
276 0 0 0.529854 0.529854 0.521706 0.521706 
277 0 0 0.530402 0.530402 0.521706 0.521706 
278 0 0 0.530696 0.530696 0.521706 0.521706 
279 0 0 0.530449 0.530449 0.521706 0.521706 
280 0 0 0.529814 0.529814 0.521706 0.521706 
281 0 0 0.529117 0.529117 0.521706 0.521706 
282 0 0 0.528649 0.528649 0.521706 0.521706 
283 0 0 0.528378 0.528378 0.521706 0.521706 
284 0 0 0.528277 0.528277 0.521706 0.521706 
285 0 0 0.52832 0.52832 0.521706 0.521706 
286 0 0 0.528484 0.528484 0.521706 0.521706 
287 0 0 0.528751 0.528751 0.521706 0.521706 
288 0 0 0.529103 0.529103 0.521706 0.521706 
289 0 0 0.529526 0.529526 0.521706 0.521706 
290 0 0 0.530004 0.530004 0.521706 0.521706 
291 0 0 0.530247 0.530247 0.521706 0.521706 
292 0 0 0.529975 0.529975 0.521706 0.521706 
293 0 0 0.529555 0.529555 0.521706 0.521706 
294 0 0 0.529318 0.529318 0.521706 0.521706 
295 0 0 0.529238 0.529238 0.521706 0.521706 
296 0 0 0.529291 0.529291 0.521706 0.521706 
297 0 0 0.529456 0.529456 0.521706 0.521706 
298 0 0 0.529716 0.529716 0.521706 0.521706 
299 0 0 0.530055 0.530055 0.521706 0.521706 
300 0 0 0.530182 0.530182 0.521706 0.521706 
