0 0 0.2 1.05814 0.858145 0.2 0.2 
1 0 0.2 1.06484 0.864838 0.2 0.2 
2 0 0.2 1.08312 0.883122 0.2 0.2 
3 0 0.2 1.10657 0.906571 0.2 0.2 
4 0 0.2 1.13057 0.930565 0.2 0.2 
5 0 0.2 1.15198 0.951977 0.2 0.2 
6 0 0.2 1.16888 0.968883 0.2 0.2 
7 0 0.2 1.1803 0.980295 0.2 0.2 
8 0 0.2 1.18591 0.985912 0.2 0.2 
9 0 0.2 1.18591 0.985913 0.2 0.2 
10 0 0.2 1.18079 0.980787 0.2 0.2 
11 0 0.2 1.1712 0.9712 0.2 0.2 
12 0 0.2 1.15789 0.957893 0.2 0.2 
13 0 0.2 1.14161 0.941615 0.2 0.2 
14 0 0.2 1.12308 0.923078 0.2 0.2 
15 0 0.2 1.10293 0.90293 0.2 0.2 
16 0 0.2 1.08174 0.88174 0.2 0.2 
17 0 0.2 1.06 0.859998 0.2 0.2 
18 0 0.2 1.03812 0.838117 0.2 0.2 
19 0 0.2 1.01644 0.816439 0.2 0.2 
20 0 0.2 0.995245 0.795245 0.2 0.2 
21 0 0.2 0.974765 0.774765 0.2 0.2 
22 0 0.2 0.955183 0.755183 0.2 0.2 
23 0 0.2 0.936646 0.736646 0.2 0.2 
24 0 0.2 0.919262 0.719262 0.2 0.2 
25 0 0.2 0.903093 0.703093 0.2 0.2 
26 0 0.2 0.888164 0.688164 0.2 0.2 
27 0 0.2 0.874463 0.674463 0.2 0.2 
28 0 0.2 0.861948 0.661948 0.2 0.2 
29 0 0.2 0.850557 0.650557 0.2 0.2 
30 0 0.2 0.840214 0.640214 0.2 0.2 
31 0 0.2 0.830835 0.630835 0.2 0.2 
32 0 0.2 0.822334 0.622334 0.2 0.2 
33 0 0.2 0.81463 0.61463 0.2 0.2 
34 0 0.2 0.807647 0.607647 0.2 0.2 
35 0 0.2 0.801795 0.601795 0.2 0.2 
36 0 0.2 0.797499 0.597499 0.2 0.2 
37 0 0.2 0.794502 0.594502 0.2 0.2 
38 0 0.2 0.79258 0.59258 0.2 0.2 
39 0 0.2 0.791533 0.591533 0.2 0.2 
40 0 0.2 0.791192 0.591192 0.2 0.2 
41 0 0.2 0.791408 0.591408 0.2 0.2 
42 0 0.2 0.792056 0.592056 0.2 0.2 
43 5.18838 0.2 0.79303 0.59303 0.2 0.2 
44 0 0.2 0.794238 0.594238 0.2 0.2 
45 0 0.2 0.795607 0.595607 0.2 0.2 
46 0 0.2 0.797082 0.597082 0.2 0.2 
47 0 0.2 0.798615 0.598615 0.2 0.2 
48 0 0.2 0.800166 0.600166 0.2 0.2 
49 0 0.2 0.801706 0.601706 0.2 0.2 
50 0 0.2 0.803213 0.603213 0.2 0.2 
51 0 0.2 0.804671 0.604671 0.2 0.2 
52 0 0.2 0.806068 0.606068 0.2 0.2 
53 0 0.2 0.807397 0.607397 0.2 0.2 
54 0 0.2 0.808655 0.608655 0.2 0.2 
55 0 0.2 0.809842 0.609842 0.2 0.2 
56 0 0.2 0.810957 0.610957 0.2 0.2 
57 0 0.2 0.812002 0.612002 0.2 0.2 
58 0 0.2 0.812982 0.612982 0.2 0.2 
59 0 0.2 0.812281 0.612281 0.2 0.2 
60 0 0.2 0.809956 0.609956 0.2 0.2 
61 0 0.2 0.808417 0.608417 0.2 0.2 
62 0 0.2 0.807529 0.607529 0.2 0.2 
63 0 0.2 0.807174 0.607174 0.2 0.2 
64 0 0.2 0.807248 0.607248 0.2 0.2 
65 0 0.2 0.80766 0.60766 0.2 0.2 
66 0 0.2 0.808332 0.608332 0.2 0.2 
67 0 0.2 0.809196 0.609196 0.2 0.2 
68 0 0.2 0.810196 0.610196 0.2 0.2 
69 0 0.2 0.811283 0.611283 0.2 0.2 
70 0 0.2 0.810893 0.610893 0.2 0.2 
71 0 0.2 0.80776 0.60776 0.2 0.2 
72 0 0.2 0.80413 0.60413 0.2 0.2 
73 0 0.2 0.801726 0.601726 0.2 0.2 
74 0 0.2 0.800325 0.600325 0.2 0.2 
75 0 0.2 0.799732 0.599732 0.2 0.2 
76 0 0.2 0.799777 0.599777 0.2 0.2 
77 0.616983 0.2 0.800312 0.600312 0.2 0.2 
78 0 0.2 0.801192 0.601192 0.2 0.2 
79 0 0.2 0.802315 0.602315 0.2 0.2 
80 0 0.2 0.803616 0.603616 0.2 0.2 
81 0 0.2 0.805013 0.605013 0.2 0.2 
82 0 0.2 0.80644 0.60644 0.2 0.2 
83 0 0.2 0.806899 0.606899 0.2 0.2 
84 0 0.2 0.80556 0.60556 0.2 0.2 
85 0 0.2 0.803142 0.603142 0.2 0.2 
86 0.337701 0.2 0.800733 0.600733 0.2 0.2 
87 0.583095 0.2 0.799151 0.599151 0.2 0.2 
88 0.459931 0.2 0.79821 0.59821 0.2 0.2 
89 0.935469 0.2 0.797779 0.597779 0.2 0.2 
90 2.97869 0.2 0.797742 0.597742 0.2 0.2 
91 2.86733 0.2 0.797998 0.597998 0.2 0.2 
92 0 0.2 0.798458 0.598458 0.2 0.2 
93 0 0.2 0.799069 0.599069 0.2 0.2 
94 0 0.2 0.799781 0.599781 0.2 0.2 
95 0 0.2 0.800526 0.600526 0.2 0.2 
96 0 0.2 0.801248 0.601248 0.2 0.2 
97 0 0.2 0.801901 0.601901 0.2 0.2 
98 0 0.2 0.802448 0.602448 0.2 0.2 
99 0 0.2 0.802861 0.602861 0.2 0.2 
100 0 0.2 0.803125 0.603125 0.2 0.2 
101 61.045 0.2 0.803235 0.603235 0.2 0.2 
102 0 0.2 0.803172 0.603172 0.2 0.2 
103 0 0.2 0.801726 0.601726 0.2 0.2 
104 0 0.2 0.798945 0.598945 0.2 0.2 
105 0 0.2 0.79666 0.59666 0.2 0.2 
106 0 0.2 0.794793 0.594793 0.2 0.2 
107 0 0.2 0.793276 0.593276 0.2 0.2 
108 0 0.2 0.79205 0.59205 0.2 0.2 
109 0 0.2 0.791066 0.591066 0.2 0.2 
110 0 0.2 0.79028 0.59028 0.2 0.2 
111 0 0.2 0.789656 0.589656 0.2 0.2 
112 0 0.2 0.789163 0.589163 0.2 0.2 
113 0 0.2 0.788773 0.588773 0.2 0.2 
114 0 0.2 0.788464 0.588464 0.2 0.2 
115 92.9305 0.2 0.788216 0.588216 0.2 0.2 
116 0 0.2 0.787991 0.587991 0.2 0.2 
117 0 0.2 0.788005 0.588005 0.2 0.2 
