[ 0.031103 -1.46466 1.05814
  0.0298096 -1.46042 1.05043
  0.0279411 -1.45436 1.0395
  0.0255414 -1.44665 1.02577
  0.0226537 -1.43746 1.00966
  0.019322 -1.42693 0.991557
  0.0155926 -1.41523 0.971853
  0.0115149 -1.40249 0.950909
  0.00714228 -1.38888 0.929063
  0.00253287 -1.37456 0.906633
  -0.00225041 -1.35969 0.883911
  -0.00713951 -1.34445 0.861163
  -0.0120612 -1.32901 0.838631
  -0.0169374 -1.31356 0.81653
  -0.0216849 -1.29827 0.79505
  -0.0262162 -1.28333 0.774359
  -0.0304393 -1.26893 0.754601
  -0.0342584 -1.25524 0.735903
  -0.0375742 -1.24245 0.718373
  -0.0402836 -1.23073 0.702106
  -0.0422808 -1.22025 0.687183
  -0.0434568 -1.21117 0.673682
  -0.0438147 -1.20347 0.661553
  -0.0434302 -1.19701 0.65068
  -0.0424205 -1.19159 0.640922
  -0.0409201 -1.18701 0.632133
  -0.0390644 -1.18304 0.624178
  -0.0369784 -1.1795 0.61694
  -0.0347709 -1.17622 0.610325
  -0.0325317 -1.17308 0.604257
  -0.0303316 -1.16997 0.598683
  -0.0282239 -1.16684 0.593561
  -0.026247 -1.16362 0.588869
  -0.0244267 -1.1603 0.58459
  -0.0227796 -1.15687 0.580717
  -0.0213154 -1.15334 0.577248
  -0.0200391 -1.1497 0.574185
  -0.0189528 -1.14599 0.571532
  -0.0180576 -1.14224 0.569296
  -0.0173536 -1.13847 0.567485
  -0.0168415 -1.13474 0.566108
  -0.0165222 -1.13109 0.565178
  -0.016397 -1.12758 0.564706
  -0.0164672 -1.12427 0.564706
  -0.0166769 -1.12066 0.564706
  -0.0170333 -1.1168 0.564706
  -0.0175428 -1.11272 0.564706
  -0.0182113 -1.10846 0.564706
  -0.0190436 -1.10404 0.564706
  -0.0200441 -1.09951 0.564706
  -0.021216 -1.09486 0.564706
  -0.022562 -1.09014 0.564706
  -0.024084 -1.08534 0.564706
  -0.0257831 -1.08049 0.564706
  -0.0276599 -1.07559 0.564706
  -0.0297144 -1.07065 0.564706
  -0.0319457 -1.06568 0.564706
  -0.0343525 -1.06068 0.564706
  -0.0369326 -1.05567 0.564706
  -0.0396831 -1.05063 0.564706
  -0.0426004 -1.04559 0.564706
  -0.04568 -1.04054 0.564706
  -0.0489167 -1.03548 0.564706
  -0.0523041 -1.03042 0.564706
  -0.055835 -1.02534 0.564706
  -0.059501 -1.02026 0.564706
  -0.0632929 -1.01516 0.564706
  -0.0672001 -1.01005 0.564706
  -0.071211 -1.00491 0.564706
  -0.0753129 -0.999763 0.564706
  -0.0795613 -0.995035 0.565071
  -0.0839201 -0.990674 0.565741
  -0.088354 -0.986635 0.566662
  -0.0928281 -0.982884 0.567786
  -0.0973075 -0.9794 0.569065
  -0.101757 -0.976167 0.570457
  -0.106143 -0.973171 0.571917
  -0.110429 -0.9704 0.5734
  -0.11458 -0.967834 0.574854
  -0.118562 -0.965443 0.576222
  -0.122343 -0.963183 0.577437
  -0.125869 -0.961082 0.578491
  -0.129083 -0.959174 0.579382
  -0.131923 -0.957489 0.580114
  -0.134321 -0.956121 0.580742
  -0.13621 -0.955105 0.581285
  -0.137541 -0.95435 0.581664
  -0.138255 -0.953844 0.581874
  -0.138299 -0.953572 0.581909
  -0.137621 -0.953497 0.58176
  -0.136175 -0.953565 0.581406
  -0.133923 -0.953695 0.580819
  -0.130829 -0.953787 0.57996
  -0.126862 -0.953765 0.57882
  -0.121994 -0.953533 0.577383
  -0.116205 -0.952916 0.575577
  -0.109489 -0.951609 0.573233
  -0.101814 -0.949569 0.570396
  -0.0931296 -0.946838 0.567174
  -0.082998 -0.945697 0.565406
  -0.0714829 -0.945486 0.564701
  -0.058657 -0.945597 0.5647
  -0.0446573 -0.945685 0.565243
  -0.0296267 -0.945507 0.566226
  -0.0136992 -0.944872 0.567567
  0.00300075 -0.94363 0.569197
  0.0203581 -0.941669 0.571056
  0.038266 -0.938899 0.573093
  0.0566238 -0.935249 0.575258
  0.0753353 -0.930657 0.577503
  0.094307 -0.92507 0.579777
  0.113446 -0.918433 0.582026
  0.132658 -0.910686 0.584187
  0.151848 -0.901762 0.586191
  0.170914 -0.891578 0.587956
  0.189752 -0.88003 0.589385
  0.208352 -0.866529 0.590005
  0.226537 -0.851425 0.590094
  0.244151 -0.835057 0.589913
  0.261059 -0.817764 0.589707
  0.277147 -0.79989 0.589706
  0.292337 -0.78121 0.589706
  0.306538 -0.761779 0.589706
  0.319673 -0.741659 0.589706
  0.331675 -0.720925 0.589706
  0.342489 -0.699656 0.589706
  0.352071 -0.677935 0.589706
  0.36039 -0.655851 0.589706
  0.367429 -0.633492 0.589706
  0.373179 -0.610944 0.589706
  0.377645 -0.588293 0.589706
  0.38084 -0.565624 0.589706
  0.382786 -0.543013 0.589706
  0.383516 -0.520536 0.589706
  0.383066 -0.498262 0.589706
  0.381483 -0.476255 0.589706
  0.378815 -0.454575 0.589706
  0.375119 -0.433276 0.589706
  0.370534 -0.412696 0.589874
  0.365119 -0.392837 0.590175
  0.358933 -0.3737 0.590577
  0.352039 -0.35529 0.59105
  0.344499 -0.337607 0.591564
  0.336373 -0.320658 0.592094
  0.327726 -0.304444 0.592614
  0.318616 -0.28897 0.593101
  0.309104 -0.274237 0.593528
  0.299244 -0.260245 0.593873
  0.289091 -0.246992 0.594109
  0.278694 -0.234473 0.594211
  0.268099 -0.222681 0.594152
  0.257345 -0.211606 0.593906
  0.246469 -0.201234 0.593442
  0.235501 -0.191548 0.592732
  0.224467 -0.182527 0.591743
  0.213388 -0.174146 0.590444
  0.202282 -0.166378 0.588803
  0.191162 -0.159193 0.586785
  0.180045 -0.152559 0.58436
  0.168949 -0.146445 0.581495
  0.157902 -0.140826 0.578165
  0.146964 -0.135731 0.574399
  0.13631 -0.131213 0.570184
  0.126142 -0.127348 0.565518
  0.116562 -0.124154 0.560409
  0.107374 -0.121392 0.554808
  0.0984157 -0.118852 0.548679
  0.0895456 -0.116347 0.541996
  0.0810101 -0.11409 0.534875
  0.0730541 -0.112334 0.527435
  0.0657084 -0.111141 0.51972
  0.0586565 -0.110209 0.511639
  0.0504852 -0.10797 0.502628
  0.0416851 -0.10525 0.493027
  0.0326556 -0.10293 0.483171
  0.023698 -0.101839 0.473362
  0.0149252 -0.101182 0.463429
  0.00647241 -0.100943 0.45342
  -0.00158351 -0.100894 0.443313
  -0.00918752 -0.100875 0.433104
  -0.0163006 -0.100787 0.422805
  -0.0228958 -0.100555 0.412431
  -0.028942 -0.100294 0.402054
  -0.0344217 -0.0999978 0.39171
  -0.0393113 -0.099676 0.381442
  -0.0435777 -0.0993057 0.371286
  -0.0471674 -0.0988855 0.361287
  -0.0500397 -0.0974803 0.351234
  -0.0520478 -0.0951447 0.341207
  -0.0536248 -0.0929096 0.331485
  -0.0548175 -0.0909902 0.322172
  -0.0554561 -0.0891306 0.313272
  -0.0524012 -0.0816794 0.303712
  -0.0464931 -0.0704333 0.294007
  -0.0385782 -0.0569338 0.284601
  -0.0295174 -0.0425249 0.275844
  -0.0202024 -0.0284328 0.267997
  -0.0115773 -0.0158535 0.26124
  -0.00465602 -0.00603456 0.255705
  -0.000530344 -0.000340028 0.251505
  -0.00035779 -0.000282639 0.248788 ]