# Format: weights, reward
+ -0.0224679010602, -0.0944141972468
0.124029004564, 0.0704276972357, 0.57323275697, 0.955953773985, 0.494084521443, 0.834960983571, 0.155461624349, 0.0961954982491, 0.821479776715, 1.21572359633, 1.46236560391, 0.891047021953, -0.134717612432, 0.31851074583, -0.243272285885
0.295733828747, 0.282885029325, 0.162696850016, 0.264156434198, 0.494084521443, 0.834960983571, 0.155461624349, 0.0961954982491, 0.821479776715, 1.21572359633, 1.46236560391, 0.891047021953, -0.133839830824, 0.311991912402, -0.241714689235
0.604847410017, 0.34122307192, -0.40711282621, 1.30640777905, 0.494084521443, 0.834960983571, 0.155461624349, 0.0961954982491, 0.821479776715, 1.21572359633, 1.46236560391, 0.891047021953, -0.422978091966, 0.127372580665, -0.727812439793
0.295733828747, 0.282885029325, 0.162696850016, 0.264156434198, 1.28618719789, 2.08777096886, -2.23505908714, -0.954998866108, 0.821479776715, 1.21572359633, 1.46236560391, 0.891047021953, -0.0445680095343, 0.182215048828, -0.147695676202
0.295733828747, 0.282885029325, 0.162696850016, 0.264156434198, 1.68295837873, 2.76316776534, -1.99914796656, -1.21453218734, 0.821479776715, 1.21572359633, 1.46236560391, 0.891047021953, -0.0916512442116, 0.196200416071, -0.309490730915
1.02214501106, -0.641389838662, -0.906836627882, -0.724846981835, 1.28618719789, 2.08777096886, -2.23505908714, -0.954998866108, 0.821479776715, 1.21572359633, 1.46236560391, 0.891047021953, -0.0835278139331, 0.186254907322, -0.297664498157
0.295733828747, 0.282885029325, 0.162696850016, 0.264156434198, -1.21078111813, 0.931018941925, -4.48756352516, -1.16174615674, 0.821479776715, 1.21572359633, 1.46236560391, 0.891047021953, -0.117913253408, 0.290653460162, -0.23214113667
0.295733828747, 0.282885029325, 0.162696850016, 0.264156434198, 1.28618719789, 2.08777096886, -2.23505908714, -0.954998866108, -0.964453318154, -5.52509056413, -7.97647250593, 2.97947042288, -0.121088973842, 0.297295163038, -0.235057931268
0.295733828747, 0.282885029325, 0.162696850016, 0.264156434198, 1.28618719789, 2.08777096886, -2.23505908714, -0.954998866108, 0.00522039605051, -102.034590426, -71.9212435562, -8.60557726668, -0.303630142388, 0.413123842099, -0.43410220968
