# Format: weights, reward
# 0.0062530444179, -0.113656431944
0.981723168447, 0.296893903828, 0.845851024217, 0.94347604448, 0.826396891836, 0.809048519587, 0.0500641308517, 0.999239672148, 1.38869606276, 0.599622080336, 1.02581695606, -0.0479968825052, -1.08028006842, 0.0966072049048, -1.12961513562
0.369225326056, -0.585198972427, 0.762082826496, 1.35339689772, 0.826396891836, 0.809048519587, 0.0500641308517, 0.999239672148, 1.38869606276, 0.599622080336, 1.02581695606, -0.0479968825052, -1.093072583, 0.100271325885, -1.13291007012
0.981723168447, 0.296893903828, 0.845851024217, 0.94347604448, 0.521290039278, -0.248151141897, -0.0857572457802, 0.530734837122, 1.38869606276, 0.599622080336, 1.02581695606, -0.0479968825052, -0.564928984909, 0.420819799461, -0.701480476599
0.981723168447, 0.296893903828, 0.845851024217, 0.94347604448, 0.933330005049, 0.121356238521, -0.132745800027, 0.660856209828, 1.38869606276, 0.599622080336, 1.02581695606, -0.0479968825052, -0.558279758025, 0.317861344807, -0.759918794036
0.981723168447, 0.296893903828, 0.845851024217, 0.94347604448, 0.933330005049, 0.121356238521, -0.132745800027, 0.660856209828, 0.87445048756, 1.06173222813, 0.655656386201, -0.417573780633, -0.317591733374, 0.414056910678, -0.454981941137
0.981723168447, 0.296893903828, 0.845851024217, 0.94347604448, 0.556152489525, 1.09922323034, -0.67295081241, 0.780927962724, 0.87445048756, 1.06173222813, 0.655656386201, -0.417573780633, -1.07711686338, 0.0601563668476, -1.130032557
0.981723168447, 0.296893903828, 0.845851024217, 0.94347604448, 1.3604177663, 0.157608373851, 0.223868882495, 1.24148983706, 0.87445048756, 1.06173222813, 0.655656386201, -0.417573780633, -0.425034310101, 0.177639406378, -0.714898438491
1.11930263615, 0.494930066446, 0.85115454298, 0.443919671845, 0.933330005049, 0.121356238521, -0.132745800027, 0.660856209828, 0.87445048756, 1.06173222813, 0.655656386201, -0.417573780633, -0.428238784323, 0.324802796822, -0.64923839812
0.779798186815, 1.27462594916, 2.16743577316, 2.22028626647, 0.933330005049, 0.121356238521, -0.132745800027, 0.660856209828, 0.87445048756, 1.06173222813, 0.655656386201, -0.417573780633, -0.519326804637, 0.326489667456, -0.725029017695
0.452242246574, -0.0447550555484, 1.01155929678, 0.876217518917, 0.933330005049, 0.121356238521, -0.132745800027, 0.660856209828, 0.87445048756, 1.06173222813, 0.655656386201, -0.417573780633, -0.523556197495, 0.32833553768, -0.727402838293
0.981723168447, 0.296893903828, 0.845851024217, 0.94347604448, 0.933330005049, 0.121356238521, -0.132745800027, 0.660856209828, 0.606877798768, -0.000968713851472, 1.14999966551, -0.430133180406, -0.580573757006, 0.234742281104, -0.817064669307
2.15368658293, -0.471108682117, -0.273731940157, 0.747084094656, 0.933330005049, 0.121356238521, -0.132745800027, 0.660856209828, 0.87445048756, 1.06173222813, 0.655656386201, -0.417573780633, -0.250282259999, 0.412380242912, -0.348919333822
2.15368658293, -0.471108682117, -0.273731940157, 0.747084094656, 0.933330005049, 0.121356238521, -0.132745800027, 0.660856209828, 0.873959903139, 0.985766398731, 0.227117389538, 0.0511722464689, -0.249101642416, 0.430955359698, -0.311899804419
2.15368658293, -0.471108682117, -0.273731940157, 0.747084094656, 0.535705025046, 0.67375481933, -0.914568957505, 1.41373276288, 0.873959903139, 0.985766398731, 0.227117389538, 0.0511722464689, -0.137724383394, 0.195311251384, -0.395244167522
2.15368658293, -0.471108682117, -0.273731940157, 0.747084094656, 0.535705025046, 0.67375481933, -0.914568957505, 1.41373276288, 1.52359422042, 0.471593603373, 0.197717861884, -0.499560359548, -0.0991353487125, 0.0168046207257, -0.409662435364
0.74903015994, -1.01776942251, -0.537252347841, 0.692868282254, 0.535705025046, 0.67375481933, -0.914568957505, 1.41373276288, 1.52359422042, 0.471593603373, 0.197717861884, -0.499560359548, -1.0494603863, 0.103596724588, -1.11254979579
2.15368658293, -0.471108682117, -0.273731940157, 0.747084094656, 0.555160790401, 0.261021773552, -1.02953190788, -0.00514523668083, 1.52359422042, 0.471593603373, 0.197717861884, -0.499560359548, -0.193347777029, 0.276885884098, -0.420908120163
2.024024589, -0.562579738623, -0.512152828996, 0.5446089633, 0.535705025046, 0.67375481933, -0.914568957505, 1.41373276288, 1.52359422042, 0.471593603373, 0.197717861884, -0.499560359548, -0.0778494948969, 0.0993251139487, -0.347357340862
2.024024589, -0.562579738623, -0.512152828996, 0.5446089633, -0.298090454926, 0.739637313992, -1.97056271189, 0.628341489987, 1.52359422042, 0.471593603373, 0.197717861884, -0.499560359548, -0.126686675036, 0.17204600744, -0.394834870936
2.024024589, -0.562579738623, -0.512152828996, 0.5446089633, 0.465323098767, 0.846692263533, -0.659797800075, 2.90301953554, 1.52359422042, 0.471593603373, 0.197717861884, -0.499560359548, -0.574700746752, 0.041721762626, -0.850010816339
2.024024589, -0.562579738623, -0.512152828996, 0.5446089633, 0.535705025046, 0.67375481933, -0.914568957505, 1.41373276288, 0.885313602479, 0.331743608903, 1.26269957848, -1.05130099604, -0.0863662780367, 0.168972192065, -0.318628042122
1.35095167884, -0.221823081947, -0.826040905221, -1.28174475002, 0.535705025046, 0.67375481933, -0.914568957505, 1.41373276288, 1.52359422042, 0.471593603373, 0.197717861884, -0.499560359548, -0.0702131039779, 0.112659737886, -0.326385174401
1.35095167884, -0.221823081947, -0.826040905221, -1.28174475002, 0.793798496753, 0.245495820243, -0.184294294103, 1.68803019353, 1.52359422042, 0.471593603373, 0.197717861884, -0.499560359548, -0.0738412282977, 0.115451278363, -0.332194600366
