# Format: weights, reward
# -0.0228160328267, -0.0975298845824
1.25142534819, 0.0029128094865, -0.082745601504, 0.581385354699, 0.124438216544, 0.306452398513, 0.842553905145, 0.374932491724, 0.425428083174, 0.673921011462, 0.315992956102, 0.39136588626, -0.433882891355, 0.262978536003, -0.690900179194
1.25142534819, 0.0029128094865, -0.082745601504, 0.581385354699, 0.124438216544, 0.306452398513, 0.842553905145, 0.374932491724, 1.03850915957, 1.19419944974, -0.595098139882, 0.608869457424, -0.396742579358, 0.394554598464, -0.570666272234
1.25142534819, 0.0029128094865, -0.082745601504, 0.581385354699, 0.251956839255, -1.08167170901, 1.97629834516, 0.804649639346, 1.03850915957, 1.19419944974, -0.595098139882, 0.608869457424, -0.140963923606, 0.129822404247, -0.440367244656
1.25142534819, 0.0029128094865, -0.082745601504, 0.581385354699, 0.846790954353, -0.841885559262, 1.85554683945, 0.783991165438, 1.03850915957, 1.19419944974, -0.595098139882, 0.608869457424, -0.141844054079, 0.336948300395, -0.212247085551
1.25142534819, 0.0029128094865, -0.082745601504, 0.581385354699, 0.720841610393, -0.7474814436, 1.36644610056, 0.608454689461, 1.03850915957, 1.19419944974, -0.595098139882, 0.608869457424, -0.154804528738, 0.299282656068, -0.323709151396
1.25142534819, 0.0029128094865, -0.082745601504, 0.581385354699, 0.251956839255, -1.08167170901, 1.97629834516, 0.804649639346, 0.31895019456, 1.36609393132, -1.10565157696, -1.6127934497, -0.200820228839, 0.14135512564, -0.513598100207
-5.93219382051, -0.0110472378006, 3.02716039555, 0.790485408483, 0.251956839255, -1.08167170901, 1.97629834516, 0.804649639346, 1.03850915957, 1.19419944974, -0.595098139882, 0.608869457424, -1.0500059386, 0.172812454105, -1.10254098326
1.25142534819, 0.0029128094865, -0.082745601504, 0.581385354699, 0.251956839255, -1.08167170901, 1.97629834516, 0.804649639346, -6.29801805393, -2.37036415869, -16.5402602109, 5.20056369792, -1.05669071489, 0.172547802645, -1.10539352817
-3.81975262269, 26.7188028989, -7.26457122029, 7.79723315973, 0.251956839255, -1.08167170901, 1.97629834516, 0.804649639346, 1.03850915957, 1.19419944974, -0.595098139882, 0.608869457424, -0.296380723149, 0.333631598358, -0.50859485887
29.8052116838, 16.7799362681, -14.7185573079, -35.595492886, 0.251956839255, -1.08167170901, 1.97629834516, 0.804649639346, 1.03850915957, 1.19419944974, -0.595098139882, 0.608869457424, -0.182999335004, 0.318034091457, -0.355028245856
-18.7755377365, -57.9585038245, 14.9382618783, -54.5700205249, 0.251956839255, -1.08167170901, 1.97629834516, 0.804649639346, 1.03850915957, 1.19419944974, -0.595098139882, 0.608869457424, -0.180142145891, 0.291548820172, -0.382536796575
1.25142534819, 0.0029128094865, -0.082745601504, 0.581385354699, 0.251956839255, -1.08167170901, 1.97629834516, 0.804649639346, -163.910771506, 324.710971416, 85.8327037317, 36.0648231906, -0.54163455115, 0.513037849013, -0.60237659128
1.25142534819, 0.0029128094865, -0.082745601504, 0.581385354699, 114.235471628, -274.516298574, -272.466538608, 317.467349913, 1.03850915957, 1.19419944974, -0.595098139882, 0.608869457424, -0.670572448487, 0.242894484898, -0.871035855297
1.25142534819, 0.0029128094865, -0.082745601504, 0.581385354699, 0.251956839255, -1.08167170901, 1.97629834516, 0.804649639346, 294.191606703, -370.687836547, 36.2793038296, -611.498080286, -0.542059994049, 0.511769605277, -0.604165316026
267.607641294, -1095.76578743, 924.290207431, -1224.04830237, 0.251956839255, -1.08167170901, 1.97629834516, 0.804649639346, 1.03850915957, 1.19419944974, -0.595098139882, 0.608869457424, -0.227536883282, 0.343225317385, -0.403235970825
1.25142534819, 0.0029128094865, -0.082745601504, 0.581385354699, 0.251956839255, -1.08167170901, 1.97629834516, 0.804649639346, -3112.95200775, 1071.67853902, -1041.48522717, -4227.95698685, -0.399121778719, 0.480173860382, -0.479437713254
1.25142534819, 0.0029128094865, -0.082745601504, 0.581385354699, -3536.01638399, 3223.00314322, 2476.70643011, -2779.7992116, 1.03850915957, 1.19419944974, -0.595098139882, 0.608869457424, -0.674847611297, 0.255777172588, -0.870509999055
1.25142534819, 0.0029128094865, -0.082745601504, 0.581385354699, -4306.70793569, -1543.39759728, -12262.0553199, 188.789980073, 1.03850915957, 1.19419944974, -0.595098139882, 0.608869457424, -0.625171611954, 0.302471503439, -0.817165483257
1.25142534819, 0.0029128094865, -0.082745601504, 0.581385354699, -397.887930896, -11713.3269132, 11591.13021, 18761.4093935, 1.03850915957, 1.19419944974, -0.595098139882, 0.608869457424, -0.739491134459, 0.33179629991, -0.881015362316
36159.2990781, 41241.1285617, 7333.50986556, -25218.4414832, 0.251956839255, -1.08167170901, 1.97629834516, 0.804649639346, 1.03850915957, 1.19419944974, -0.595098139882, 0.608869457424, -0.314204935134, 0.351882069565, -0.514183874784
-18277.3385832, 7865.1603081, -21357.5276038, 75130.8056322, 0.251956839255, -1.08167170901, 1.97629834516, 0.804649639346, 1.03850915957, 1.19419944974, -0.595098139882, 0.608869457424, -0.336883686552, 0.438654263814, -0.449750472402
1.25142534819, 0.0029128094865, -0.082745601504, 0.581385354699, -16065.8447856, 29635.6971157, -143399.884669, 158683.016816, 1.03850915957, 1.19419944974, -0.595098139882, 0.608869457424, -0.338521760566, 0.44027969867, -0.450541077395
-207328.318597, -41309.4795136, -33898.7821263, 279768.589726, 0.251956839255, -1.08167170901, 1.97629834516, 0.804649639346, 1.03850915957, 1.19419944974, -0.595098139882, 0.608869457424, -0.181889618713, 0.311810215182, -0.370245157232
1.25142534819, 0.0029128094865, -0.082745601504, 0.581385354699, 0.251956839255, -1.08167170901, 1.97629834516, 0.804649639346, 47244.0585237, 524495.256107, 119286.903173, 132155.250797, -0.488596613752, 0.497266946939, -0.563875146849
1.25142534819, 0.0029128094865, -0.082745601504, 0.581385354699, 0.251956839255, -1.08167170901, 1.97629834516, 0.804649639346, -1759654.57049, -818280.632698, 2299681.20141, 910727.420265, -0.226310233612, 0.39490358744, -0.326277284636
1.25142534819, 0.0029128094865, -0.082745601504, 0.581385354699, 0.251956839255, -1.08167170901, 1.97629834516, 0.804649639346, 426721.682344, 275760.046901, -84337.6539, -1738152.14341, -0.417358135192, 0.496199057235, -0.482618125545
1.25142534819, 0.0029128094865, -0.082745601504, 0.581385354699, -3807415.81016, -1476277.54657, 3782851.89907, -3325251.15106, 1.03850915957, 1.19419944974, -0.595098139882, 0.608869457424, -0.789810406816, 0.282383874275, -0.932217870775
1.25142534819, 0.0029128094865, -0.082745601504, 0.581385354699, -12291555.4579, 8747175.87929, 3539023.13158, 2168936.60631, 1.03850915957, 1.19419944974, -0.595098139882, 0.608869457424, -0.77798914851, 0.321530569661, -0.909263894036
-27910772.9032, -5139498.47846, -1002875.82019, 5555587.24666, 0.251956839255, -1.08167170901, 1.97629834516, 0.804649639346, 1.03850915957, 1.19419944974, -0.595098139882, 0.608869457424, -0.366267170109, 0.413983641928, -0.516363955383
