  0.241463 0.630987 0.539583 0.180947 0.059277 0.0246234 0.0122846 0.00694842 0.00429469 0.00283381 0.0019657 0.00141829 0.00105638 0.000807692 0.000631246 0.000502626 0.000406678 0.000333661 0.000277118 0.000232655
 0.0821041 0.250493 0.569258 0.447487 0.161684 0.0572056 0.0246993 0.012576 0.00719965 0.00448507 0.00297567 0.00207239 0.00149985 0.00111981 0.000857852 0.000671516 0.000535402 0.000433686 0.000356164 0.000296056
 0.0367798 0.0887372 0.240461 0.46153 0.357712 0.146079 0.0568421 0.0257715 0.0134704 0.00783274 0.00492886 0.00329293 0.00230496 0.00167453 0.00125394 0.000962879 0.000755183 0.000603072 0.000489158 0.000402181
 0.0200409 0.0403979 0.0936334 0.230152 0.395302 0.306928 0.135684 0.056303 0.0264757 0.014132 0.00832516 0.00528441 0.00355215 0.00249765 0.00182079 0.00136717 0.00105211 0.000826645 0.000661126 0.000536922
 0.0117784 0.021147 0.0425685 0.0975847 0.231655 0.380459 0.290616 0.129539 0.0546014 0.0260094 0.014011 0.00830787 0.00529862 0.00357454 0.00252045 0.00184151 0.00138524 0.00106762 0.000839894 0.000672446
 0.00699775 0.0115982 0.0210668 0.0431827 0.101858 0.250607 0.415943 0.302081 0.125819 0.0513583 0.0242115 0.0130053 0.00770904 0.00491942 0.00332151 0.00234412 0.00171416 0.00129047 0.000995317 0.000783531
 0.0041484 0.00646995 0.010858 0.0201194 0.0426951 0.107379 0.291948 0.508873 0.334427 0.121702 0.0466827 0.0215062 0.0114464 0.00675838 0.00430547 0.00290506 0.0020499 0.00149916 0.00112888 0.000870943
 0.00255693 0.00379415 0.00596828 0.0101466 0.0192047 0.0423618 0.115103 0.35514 0.641068 0.362875 0.114575 0.04175 0.0189127 0.0100046 0.00589341 0.00375158 0.00253113 0.00178645 0.00130697 0.000984578
 0.0017678 0.00251489 0.00374717 0.00592815 0.0101635 0.0194969 0.0440464 0.125352 0.409082 0.69181 0.34563 0.105547 0.0385892 0.0175816 0.00934346 0.00552352 0.00352582 0.00238403 0.00168563 0.00123502
 0.00141248 0.00193898 0.00276175 0.00412054 0.00652819 0.0112069 0.0215073 0.0484175 0.134869 0.401396 0.588598 0.293087 0.0982744 0.038032 0.0178268 0.00962488 0.00574604 0.00369218 0.00250833 0.00177978
 0.0012256 0.00163316 0.00224224 0.00319339 0.00476176 0.00753206 0.0128809 0.0244938 0.0538345 0.139921 0.354329 0.461968 0.24658 0.093421 0.0388022 0.01886 0.0103927 0.00628333 0.00407166 0.00278271
 0.00106017 0.00137865 0.00183772 0.00252368 0.00359425 0.00535705 0.00846139 0.0144174 0.0271693 0.0583355 0.142419 0.319818 0.389658 0.218855 0.0897303 0.039185 0.0195886 0.010976 0.00670764 0.0043787
 0.000868352 0.00110683 0.00144074 0.00192266 0.00264377 0.00377091 0.00562989 0.00890865 0.0152049 0.0286671 0.0612809 0.146609 0.314797 0.370724 0.207587 0.0862825 0.0382455 0.0193323 0.0109175 0.00670949
 0.000663537 0.000831772 0.00106179 0.00138461 0.00185184 0.00255344 0.00365505 0.00548266 0.00873201 0.0150431 0.0287663 0.0628884 0.155582 0.344324 0.398976 0.208518 0.0822412 0.0357484 0.0179633 0.0101305
 0.000482004 0.000595613 0.000747823 0.000956473 0.00125023 0.00167709 0.00232131 0.00333956 0.00504421 0.00811432 0.0141946 0.0278419 0.0637216 0.171259 0.416661 0.474292 0.215371 0.0767297 0.0320654 0.0158734
 0.000353293 0.000431041 0.000533347 0.000670707 0.000859482 0.00112609 0.00151503 0.00210499 0.00304371 0.00462972 0.00752425 0.0133753 0.0269678 0.0650668 0.19397 0.527784 0.566959 0.216021 0.0700466 0.0283953
 0.000284425 0.000343031 0.000418891 0.000518846 0.000653257 0.00083832 0.00110027 0.00148346 0.00206669 0.00299886 0.00458322 0.00749923 0.0134689 0.0276284 0.0688466 0.217677 0.601963 0.574273 0.200615 0.0645587
 0.000259953 0.00031023 0.000374337 0.000457372 0.000566855 0.000714194 0.00091723 0.0012049 0.00162614 0.00226803 0.0032952 0.00504318 0.00826358 0.0148574 0.0304547 0.0752484 0.22756 0.550194 0.476305 0.177744
 0.000253662 0.000299849 0.000357948 0.000432052 0.000528062 0.000654689 0.000825141 0.00106007 0.00139296 0.00188036 0.00262275 0.00380951 0.00582475 0.00952142 0.017022 0.0344047 0.081786 0.221589 0.450817 0.378251
 0.000242802 0.000284577 0.000336494 0.000401822 0.000485173 0.000593201 0.000735725 0.000927635 0.00119221 0.00156716 0.00211616 0.00295208 0.00428716 0.00654971 0.0106825 0.0189928 0.0378611 0.0867455 0.214376 0.388455  