0 0 0 0.763452 0.763452 0.5 0.5 
1 0 0 0.763452 0.763452 0.5 0.5 
2 0 0 0.759375 0.759375 0.5 0.5 
3 0 0 0.754548 0.754548 0.5 0.5 
4 0 0 0.749071 0.749071 0.5 0.5 
5 0 0 0.743037 0.743037 0.5 0.5 
6 0 0 0.736539 0.736539 0.5 0.5 
7 0 0 0.729659 0.729659 0.5 0.5 
8 0 0 0.72248 0.72248 0.5 0.5 
9 0 0 0.715075 0.715075 0.5 0.5 
10 0 0 0.707516 0.707516 0.5 0.5 
11 0 0 0.699867 0.699867 0.5 0.5 
12 0 0 0.692189 0.692189 0.5 0.5 
13 0 0 0.684539 0.684539 0.5 0.5 
14 0 0 0.676968 0.676968 0.5 0.5 
15 0 0 0.669525 0.669525 0.5 0.5 
16 0 0 0.662254 0.662254 0.5 0.5 
17 0 0 0.655196 0.655196 0.5 0.5 
18 0 0 0.648388 0.648388 0.5 0.5 
19 0 0 0.641866 0.641866 0.5 0.5 
20 0 0 0.635661 0.635661 0.5 0.5 
21 0 0 0.629779 0.629779 0.5 0.5 
22 0 0 0.624209 0.624209 0.5 0.5 
23 0 0 0.61893 0.61893 0.5 0.5 
24 0 0 0.613921 0.613921 0.5 0.5 
25 0 0 0.609159 0.609159 0.5 0.5 
26 0 0 0.604627 0.604627 0.5 0.5 
27 0 0 0.600309 0.600309 0.5 0.5 
28 0 0 0.596194 0.596194 0.5 0.5 
29 0 0 0.592275 0.592275 0.5 0.5 
30 0 0 0.588547 0.588547 0.5 0.5 
31 0 0 0.585009 0.585009 0.5 0.5 
32 0 0 0.58166 0.58166 0.5 0.5 
33 0 0 0.578501 0.578501 0.5 0.5 
34 0 0 0.575533 0.575533 0.5 0.5 
35 0 0 0.572757 0.572757 0.5 0.5 
36 0 0 0.570174 0.570174 0.5 0.5 
37 0 0 0.567783 0.567783 0.5 0.5 
38 0 0 0.565585 0.565585 0.5 0.5 
39 0 0 0.563577 0.563577 0.5 0.5 
40 0 0 0.561757 0.561757 0.5 0.5 
41 0 0 0.560122 0.560122 0.5 0.5 
42 0 0 0.558667 0.558667 0.5 0.5 
43 0 0 0.557385 0.557385 0.5 0.5 
44 0 0 0.556271 0.556271 0.5 0.5 
45 0 0 0.555318 0.555318 0.5 0.5 
46 0 0 0.554515 0.554515 0.5 0.5 
47 0 0 0.553856 0.553856 0.5 0.5 
48 0 0 0.553328 0.553328 0.5 0.5 
49 0 0 0.552921 0.552921 0.5 0.5 
50 0 0 0.552622 0.552622 0.5 0.5 
51 0 0 0.552417 0.552417 0.5 0.5 
52 0 0 0.552291 0.552291 0.5 0.5 
53 0 0 0.552227 0.552227 0.5 0.5 
54 0 0 0.552209 0.552209 0.5 0.5 
55 0.0136616 0 0.552209 0.552209 0.5 0.5 
56 0.119641 0 0.552206 0.552206 0.5 0.5 
57 0.0141551 0 0.552206 0.552206 0.5 0.5 
58 0.0138127 0 0.552206 0.552206 0.5 0.5 
59 0.0131546 0 0.552206 0.552206 0.5 0.5 
60 0.0123328 0 0.552206 0.552206 0.5 0.5 
61 0.0114622 0 0.552206 0.552206 0.5 0.5 
62 0.0106204 0 0.552206 0.552206 0.5 0.5 
63 0.0098546 0 0.552206 0.552206 0.5 0.5 
64 0.00919553 0 0.552206 0.552206 0.5 0.5 
65 0.00865492 0 0.552206 0.552206 0.5 0.5 
66 0.00823036 0 0.552206 0.552206 0.5 0.5 
67 0.00791412 0 0.552206 0.552206 0.5 0.5 
68 0.00769735 0 0.552206 0.552206 0.5 0.5 
69 0.00756347 0 0.552206 0.552206 0.5 0.5 
70 0.00749965 0 0.552206 0.552206 0.5 0.5 
71 0.00749369 0 0.552206 0.552206 0.5 0.5 
72 0.00753143 0 0.552206 0.552206 0.5 0.5 
73 0.00760286 0 0.552206 0.552206 0.5 0.5 
74 0.00769858 0 0.552206 0.552206 0.5 0.5 
75 0.00780633 0 0.552206 0.552206 0.5 0.5 
76 0.00791816 0 0.552206 0.552206 0.5 0.5 
77 0.00802186 0 0.552206 0.552206 0.5 0.5 
78 0.00810006 0 0.552206 0.552206 0.5 0.5 
79 0.0081358 0 0.552206 0.552206 0.5 0.5 
80 0.00810698 0 0.552206 0.552206 0.5 0.5 
81 0.00798657 0 0.552207 0.552207 0.5 0.5 
82 0.0223863 0 0.552212 0.552212 0.5 0.5 
83 0.0150238 0 0.552224 0.552224 0.5 0.5 
84 0 0 0.552244 0.552244 0.5 0.5 
85 0 0 0.552274 0.552274 0.5 0.5 
86 0 0 0.552312 0.552312 0.5 0.5 
87 0 0 0.552359 0.552359 0.5 0.5 
88 0 0 0.552413 0.552413 0.5 0.5 
89 0 0 0.552474 0.552474 0.5 0.5 
90 0 0 0.552538 0.552538 0.5 0.5 
91 0 0 0.552604 0.552604 0.5 0.5 
92 0 0 0.552669 0.552669 0.5 0.5 
93 0 0 0.552728 0.552728 0.5 0.5 
94 0 0 0.552779 0.552779 0.5 0.5 
95 0 0 0.552817 0.552817 0.5 0.5 
96 0 0 0.552838 0.552838 0.5 0.5 
97 0 0 0.552836 0.552836 0.5 0.5 
98 0 0 0.552805 0.552805 0.5 0.5 
99 0 0 0.552737 0.552737 0.5 0.5 
100 0 0 0.552625 0.552625 0.5 0.5 
101 0 0 0.552459 0.552459 0.5 0.5 
102 0 0 0.552225 0.552225 0.5 0.5 
103 0.113716 0 0.55191 0.55191 0.5 0.5 
104 0.172033 0 0.551496 0.551496 0.5 0.5 
105 0 0 0.550963 0.550963 0.5 0.5 
106 0 0 0.550312 0.550312 0.5 0.5 
107 0 0 0.549574 0.549574 0.5 0.5 
108 0 0 0.548778 0.548778 0.5 0.5 
109 0 0 0.547947 0.547947 0.5 0.5 
110 0 0 0.547102 0.547102 0.5 0.5 
111 0 0 0.546261 0.546261 0.5 0.5 
112 0 0 0.545438 0.545438 0.5 0.5 
113 0 0 0.544645 0.544645 0.5 0.5 
114 0 0 0.543895 0.543895 0.5 0.5 
115 0 0 0.543194 0.543194 0.5 0.5 
116 0 0 0.542552 0.542552 0.5 0.5 
117 0 0 0.541972 0.541972 0.5 0.5 
118 0 0 0.54146 0.54146 0.5 0.5 
119 0 0 0.541017 0.541017 0.5 0.5 
120 0 0 0.540644 0.540644 0.5 0.5 
121 0 0 0.540341 0.540341 0.5 0.5 
122 0 0 0.540105 0.540105 0.5 0.5 
123 0 0 0.539931 0.539931 0.5 0.5 
124 0 0 0.539814 0.539814 0.5 0.5 
125 0 0 0.539745 0.539745 0.5 0.5 
126 0 0 0.539714 0.539714 0.5 0.5 
127 0 0 0.539706 0.539706 0.5 0.5 
128 0 0 0.539706 0.539706 0.5 0.5 
129 0 0 0.539706 0.539706 0.5 0.5 
130 0 0 0.539706 0.539706 0.5 0.5 
131 0.0186112 0 0.539706 0.539706 0.5 0.5 
132 0 0 0.539714 0.539714 0.5 0.5 
133 0 0 0.539739 0.539739 0.5 0.5 
134 0 0 0.539788 0.539788 0.5 0.5 
135 0 0 0.539864 0.539864 0.5 0.5 
136 0 0 0.539973 0.539973 0.5 0.5 
137 0 0 0.540115 0.540115 0.5 0.5 
138 0 0 0.540293 0.540293 0.5 0.5 
139 0 0 0.540506 0.540506 0.5 0.5 
140 0 0 0.540755 0.540755 0.5 0.5 
141 0 0 0.54104 0.54104 0.5 0.5 
142 0 0 0.541358 0.541358 0.5 0.5 
143 0 0 0.541709 0.541709 0.5 0.5 
144 0 0 0.54209 0.54209 0.5 0.5 
145 0 0 0.542498 0.542498 0.5 0.5 
146 0 0 0.542932 0.542932 0.5 0.5 
147 0 0 0.543387 0.543387 0.5 0.5 
148 0 0 0.54386 0.54386 0.5 0.5 
149 0 0 0.544347 0.544347 0.5 0.5 
150 0 0 0.544844 0.544844 0.5 0.5 
151 0 0 0.545345 0.545345 0.5 0.5 
152 0.237591 0 0.545847 0.545847 0.5 0.5 
153 0.575407 0 0.546343 0.546343 0.5 0.5 
154 0 0 0.546828 0.546828 0.5 0.5 
155 0 0 0.547297 0.547297 0.5 0.5 
156 0 0 0.547742 0.547742 0.5 0.5 
157 0 0 0.548158 0.548158 0.5 0.5 
158 0 0 0.548539 0.548539 0.5 0.5 
159 0 0 0.548877 0.548877 0.5 0.5 
160 0 0 0.549167 0.549167 0.5 0.5 
161 0 0 0.549402 0.549402 0.5 0.5 
162 0 0 0.549577 0.549577 0.5 0.5 
163 0 0 0.549684 0.549684 0.5 0.5 
164 0 0 0.54972 0.54972 0.5 0.5 
165 0 0 0.549678 0.549678 0.5 0.5 
166 0 0 0.549555 0.549555 0.5 0.5 
167 0 0 0.549346 0.549346 0.5 0.5 
168 0 0 0.549048 0.549048 0.5 0.5 
169 0 0 0.548656 0.548656 0.5 0.5 
170 0 0 0.548167 0.548167 0.5 0.5 
171 0 0 0.547575 0.547575 0.5 0.5 
172 0 0 0.546871 0.546871 0.5 0.5 
173 0 0 0.546045 0.546045 0.5 0.5 
174 0 0 0.545077 0.545077 0.5 0.5 
175 0 0 0.543942 0.543942 0.5 0.5 
176 0 0 0.542606 0.542606 0.5 0.5 
177 0 0 0.541018 0.541018 0.5 0.5 
178 0 0 0.539118 0.539118 0.5 0.5 
179 0 0 0.536973 0.536973 0.5 0.5 
180 0 0 0.534663 0.534663 0.5 0.5 
181 0 0 0.532258 0.532258 0.5 0.5 
182 0 0 0.529812 0.529812 0.5 0.5 
183 0 0 0.527365 0.527365 0.5 0.5 
184 0 0 0.524947 0.524947 0.5 0.5 
185 0 0 0.522575 0.522575 0.5 0.5 
186 0 0 0.520262 0.520262 0.5 0.5 
187 0 0 0.518014 0.518014 0.5 0.5 
188 0 0 0.515833 0.515833 0.5 0.5 
189 0 0 0.513719 0.513719 0.5 0.5 
190 0 0 0.511672 0.511672 0.5 0.5 
191 0 0 0.509694 0.509694 0.5 0.5 
192 0 0 0.507792 0.507792 0.5 0.5 
193 0 0 0.505983 0.505983 0.5 0.5 
194 0 0 0.504296 0.504296 0.5 0.5 
195 0 0 0.502775 0.502775 0.5 0.5 
196 0 0 0.501486 0.501486 0.5 0.5 
197 0 0 0.500522 0.500522 0.5 0.5 
198 0 0 0.5 0.5 0.5 0.5 
199 0 0 0.5 0.5 0.5 0.5 
200 0 0 0.5 0.5 0.5 0.5 
201 0 0 0.5 0.5 0.5 0.5 
202 0 0 0.5 0.5 0.5 0.5 
203 0 0 0.5 0.5 0.5 0.5 
204 0 0 0.5 0.5 0.5 0.5 
205 0 0 0.5 0.5 0.5 0.5 
206 0 0 0.5 0.5 0.5 0.5 
207 0 0 0.5 0.5 0.5 0.5 
208 0 0 0.5 0.5 0.5 0.5 
209 0 0 0.5 0.5 0.5 0.5 
210 0 0 0.5 0.5 0.5 0.5 
211 0 0 0.5 0.5 0.5 0.5 
212 0 0 0.5 0.5 0.5 0.5 
213 0 0 0.5 0.5 0.5 0.5 
214 0 0 0.5 0.5 0.5 0.5 
215 0 0 0.5 0.5 0.5 0.5 
216 0 0 0.5 0.5 0.5 0.5 
217 0 0 0.5 0.5 0.5 0.5 
218 0 0 0.5 0.5 0.5 0.5 
219 0 0 0.5 0.5 0.5 0.5 
220 0 0 0.5 0.5 0.5 0.5 
221 0 0 0.5 0.5 0.5 0.5 
222 0 0 0.5 0.5 0.5 0.5 
223 0 0 0.5 0.5 0.5 0.5 
224 0 0 0.5 0.5 0.5 0.5 
225 0 0 0.5 0.5 0.5 0.5 
226 0 0 0.5 0.5 0.5 0.5 
227 0 0 0.5 0.5 0.5 0.5 
228 0 0 0.5 0.5 0.5 0.5 
229 0 0 0.5 0.5 0.5 0.5 
230 0 0 0.5 0.5 0.5 0.5 
231 0 0 0.5 0.5 0.5 0.5 
232 0 0 0.5 0.5 0.5 0.5 
233 0 0 0.5 0.5 0.5 0.5 
234 0 0 0.5 0.5 0.5 0.5 
235 0 0 0.5 0.5 0.5 0.5 
236 0 0 0.5 0.5 0.5 0.5 
237 0 0 0.5 0.5 0.5 0.5 
238 0 0 0.5 0.5 0.5 0.5 
239 0 0 0.5 0.5 0.5 0.5 
240 0 0 0.5 0.5 0.5 0.5 
241 0 0 0.5 0.5 0.5 0.5 
242 0 0 0.5 0.5 0.5 0.5 
243 0 0 0.5 0.5 0.5 0.5 
244 0 0 0.5 0.5 0.5 0.5 
245 0 0 0.5 0.5 0.5 0.5 
246 0 0 0.5 0.5 0.5 0.5 
247 0 0 0.5 0.5 0.5 0.5 
248 0 0 0.5 0.5 0.5 0.5 
249 0 0 0.5 0.5 0.5 0.5 
250 0 0 0.5 0.5 0.5 0.5 
251 0 0 0.5 0.5 0.5 0.5 
252 0 0 0.5 0.5 0.5 0.5 
253 0 0 0.5 0.5 0.5 0.5 
254 0 0 0.5 0.5 0.5 0.5 
255 0 0 0.5 0.5 0.5 0.5 
256 0 0 0.5 0.5 0.5 0.5 
257 0 0 0.5 0.5 0.5 0.5 
258 0 0 0.5 0.5 0.5 0.5 
259 0 0 0.5 0.5 0.5 0.5 
260 0 0 0.5 0.5 0.5 0.5 
261 0 0 0.5 0.5 0.5 0.5 
262 0 0 0.5 0.5 0.5 0.5 
263 0 0 0.5 0.5 0.5 0.5 
264 0 0 0.5 0.5 0.5 0.5 
265 0 0 0.5 0.5 0.5 0.5 
266 0 0 0.5 0.5 0.5 0.5 
267 0 0 0.5 0.5 0.5 0.5 
268 0 0 0.5 0.5 0.5 0.5 
269 0 0 0.5 0.5 0.5 0.5 
270 0 0 0.5 0.5 0.5 0.5 
271 0 0 0.5 0.5 0.5 0.5 
272 0 0 0.5 0.5 0.5 0.5 
273 0 0 0.5 0.5 0.5 0.5 
274 0 0 0.5 0.5 0.5 0.5 
275 0 0 0.5 0.5 0.5 0.5 
276 0 0 0.5 0.5 0.5 0.5 
277 0 0 0.5 0.5 0.5 0.5 
278 0 0 0.5 0.5 0.5 0.5 
279 0 0 0.5 0.5 0.5 0.5 
280 0 0 0.5 0.5 0.5 0.5 
281 0 0 0.5 0.5 0.5 0.5 
282 0 0 0.5 0.5 0.5 0.5 
283 0 0 0.5 0.5 0.5 0.5 
284 0 0 0.5 0.5 0.5 0.5 
285 0 0 0.5 0.5 0.5 0.5 
286 0 0 0.5 0.5 0.5 0.5 
287 0 0 0.5 0.5 0.5 0.5 
288 0 0 0.5 0.5 0.5 0.5 
289 0 0 0.5 0.5 0.5 0.5 
290 0 0 0.5 0.5 0.5 0.5 
291 0 0 0.5 0.5 0.5 0.5 
292 0 0 0.5 0.5 0.5 0.5 
293 0 0 0.5 0.5 0.5 0.5 
294 0 0 0.5 0.5 0.5 0.5 
295 0 0 0.5 0.5 0.5 0.5 
296 0 0 0.5 0.5 0.5 0.5 
297 0 0 0.5 0.5 0.5 0.5 
298 0 0 0.5 0.5 0.5 0.5 
299 0 0 0.5 0.5 0.5 0.5 
300 0 0 0.5 0.5 0.5 0.5 
