[ 0.0309786 -1.46449 1.05806
  0.029438 -1.4599 1.05018
  0.0272028 -1.45334 1.03901
  0.0243206 -1.44496 1.025
  0.0208391 -1.43495 1.00856
  0.0168075 -1.42344 0.99011
  0.0122776 -1.4106 0.970044
  0.00730484 -1.39657 0.94874
  0.00194908 -1.38153 0.92655
  -0.00372521 -1.36563 0.903804
  -0.00964841 -1.34904 0.880805
  -0.0157458 -1.33194 0.857828
  -0.0219375 -1.31453 0.835122
  -0.0281389 -1.29697 0.812907
  -0.0342604 -1.27947 0.791375
  -0.0402083 -1.26222 0.770694
  -0.0458852 -1.24541 0.751005
  -0.0511898 -1.22923 0.732428
  -0.0560179 -1.21386 0.715064
  -0.0602625 -1.1995 0.698993
  -0.0638142 -1.1863 0.684284
  -0.0665614 -1.17444 0.670995
  -0.0685021 -1.1639 0.659064
  -0.0697049 -1.15454 0.648372
  -0.0702779 -1.14618 0.638775
  -0.0703454 -1.1386 0.630131
  -0.0700314 -1.13159 0.622311
  -0.0694491 -1.12497 0.615204
  -0.0686953 -1.11859 0.608722
  -0.0678477 -1.11232 0.602796
  -0.066965 -1.10607 0.597376
  -0.066089 -1.09979 0.592426
  -0.0652464 -1.09345 0.587921
  -0.0644519 -1.08701 0.583847
  -0.0637112 -1.08049 0.580191
  -0.063023 -1.0739 0.576947
  -0.0623821 -1.06724 0.574107
  -0.0617802 -1.06055 0.571667
  -0.0612081 -1.05384 0.569616
  -0.0606562 -1.04714 0.567948
  -0.0601152 -1.0405 0.566651
  -0.0595767 -1.03393 0.565711
  -0.0590329 -1.02747 0.565113
  -0.0584766 -1.02116 0.564839
  -0.0579005 -1.01503 0.564867
  -0.0572481 -1.00876 0.564878
  -0.0565206 -1.0024 0.564884
  -0.0557164 -0.996017 0.564885
  -0.0548283 -0.989597 0.564856
  -0.0538567 -0.983199 0.564815
  -0.0527996 -0.976861 0.564777
  -0.0516528 -0.970611 0.564746
  -0.05041 -0.964461 0.564722
  -0.0490633 -0.958415 0.564696
  -0.0476078 -0.952496 0.564679
  -0.046036 -0.946712 0.564673
  -0.0443404 -0.941073 0.56468
  -0.0425128 -0.935584 0.564699
  -0.0405421 -0.930231 0.564718
  -0.0384209 -0.925028 0.564744
  -0.0361409 -0.919982 0.564781
  -0.0336934 -0.915099 0.564835
  -0.0310685 -0.910379 0.564904
  -0.0282555 -0.905818 0.564985
  -0.0252426 -0.901405 0.565072
  -0.0220172 -0.89712 0.565153
  -0.0185658 -0.892939 0.565213
  -0.0148751 -0.888832 0.565236
  -0.010942 -0.88482 0.565254
  -0.00676799 -0.880939 0.565315
  -0.00234899 -0.877199 0.565442
  0.00232022 -0.873597 0.56565
  0.0072448 -0.870129 0.565951
  0.0124298 -0.866786 0.566356
  0.0178799 -0.863558 0.56687
  0.0235998 -0.860434 0.567498
  0.0295935 -0.857401 0.568243
  0.035865 -0.854445 0.569105
  0.0424181 -0.851553 0.57008
  0.0492561 -0.848709 0.571165
  0.0563826 -0.845897 0.572352
  0.0638008 -0.843098 0.573632
  0.0715155 -0.840293 0.574991
  0.0795257 -0.837467 0.576421
  0.0878331 -0.834601 0.577908
  0.0964448 -0.831659 0.579424
  0.105363 -0.828613 0.580944
  0.114592 -0.825429 0.582443
  0.124133 -0.822073 0.583895
  0.133983 -0.818516 0.58528
  0.144139 -0.814733 0.586583
  0.154596 -0.810679 0.587777
  0.165353 -0.806306 0.588831
  0.176403 -0.801555 0.589713
  0.187742 -0.796356 0.590384
  0.199366 -0.790616 0.590794
  0.211233 -0.784351 0.590985
  0.223292 -0.777656 0.59106
  0.235505 -0.77053 0.591046
  0.247833 -0.762966 0.590968
  0.260238 -0.754959 0.590844
  0.27268 -0.746505 0.590692
  0.285122 -0.737597 0.590527
  0.297524 -0.728233 0.590361
  0.309851 -0.718412 0.590202
  0.322064 -0.708134 0.590057
  0.33413 -0.6974 0.589931
  0.346013 -0.686212 0.589825
  0.35768 -0.674571 0.589737
  0.3691 -0.662475 0.589661
  0.380239 -0.649953 0.58961
  0.391068 -0.63701 0.58958
  0.401555 -0.623668 0.589572
  0.411673 -0.609948 0.589589
  0.421395 -0.595853 0.58962
  0.430696 -0.581397 0.589659
  0.439549 -0.566603 0.589704
  0.447931 -0.551502 0.589759
  0.455818 -0.536125 0.589826
  0.46319 -0.520481 0.58989
  0.470028 -0.504609 0.589958
  0.476313 -0.488551 0.590033
  0.482032 -0.472339 0.590115
  0.487171 -0.456006 0.590201
  0.49172 -0.439576 0.590285
  0.495669 -0.42307 0.590358
  0.499011 -0.406504 0.590408
  0.501739 -0.389903 0.590428
  0.503849 -0.373307 0.590422
  0.505339 -0.356806 0.590414
  0.506211 -0.340441 0.590405
  0.506466 -0.324253 0.590394
  0.506108 -0.308285 0.590381
  0.505144 -0.292583 0.590366
  0.503582 -0.277194 0.59035
  0.501433 -0.262168 0.590332
  0.498711 -0.247555 0.590313
  0.495432 -0.233409 0.590293
  0.491618 -0.219762 0.590263
  0.487291 -0.206692 0.590235
  0.482444 -0.193938 0.590074
  0.477062 -0.181341 0.589696
  0.471174 -0.169033 0.589153
  0.464802 -0.157096 0.588471
  0.457974 -0.145596 0.587673
  0.450718 -0.134588 0.586776
  0.443063 -0.124117 0.585797
  0.435041 -0.114217 0.584748
  0.426684 -0.104916 0.583639
  0.418028 -0.0962353 0.58248
  0.409105 -0.0881911 0.58128
  0.39995 -0.0807958 0.580047
  0.390599 -0.0740588 0.57879
  0.381086 -0.0679875 0.577515
  0.371444 -0.062588 0.576233
  0.361706 -0.0578658 0.574952
  0.351902 -0.053826 0.573684
  0.342064 -0.0504747 0.572439
  0.332217 -0.0478185 0.57123
  0.322388 -0.0458654 0.570071
  0.3126 -0.044624 0.568978
  0.302877 -0.0441034 0.567966
  0.293239 -0.0443112 0.567054
  0.283708 -0.0452512 0.566258
  0.274305 -0.0469193 0.565594
  0.265054 -0.0492985 0.565076
  0.255983 -0.0523509 0.564712
  0.247124 -0.0560096 0.564502
  0.238517 -0.0601676 0.564432
  0.230209 -0.0646583 0.564469
  0.222299 -0.0693812 0.564613
  0.214898 -0.074159 0.56484
  0.2081 -0.0786059 0.565039
  0.202197 -0.0830493 0.565424
  0.196819 -0.086941 0.565794
  0.191893 -0.0901495 0.566142
  0.187394 -0.0924732 0.566437
  0.183432 -0.0938817 0.566711
  0.181572 -0.0974436 0.567835
  0.180932 -0.102387 0.569632
  0.180176 -0.107673 0.571815
  0.179295 -0.113958 0.574486
  0.178808 -0.122747 0.577978
  0.175665 -0.131888 0.581547
  0.168783 -0.140033 0.584007
  0.158458 -0.146755 0.584603
  0.144961 -0.151902 0.582782
  0.128511 -0.159559 0.579074
  0.110649 -0.176464 0.576452
  0.0837859 -0.16827 0.554062
  0.0478911 -0.115932 0.501728
  0.0136945 -0.0801132 0.449557
  -0.0069304 -0.0541719 0.398747
  -0.020329 -0.0367605 0.351057
  -0.0291174 -0.0254102 0.308621
  -0.0348123 -0.0285753 0.276905
  -0.035412 -0.0358425 0.25304
  -0.027198 -0.0315294 0.232413
  -0.0144777 -0.0192731 0.215468
  -0.00327867 -0.00298509 0.202418
  -0.00274672 -0.00254619 0.197834 ]