#Psas
[ <8 2 8>
   0 .75 0  0  0  0  0 .25
   0 .25 0  0  0  0  0 .75

   0  0 .75 0  0  0  0  0
   0  0 .25 0  0  0  0  0

   0 .25 0 .75 0  0  0  0
   0 .75 0 .25 0  0  0  0

   1  0 .25 0 .75 0  0  0
   1  0 .75 0 .25 0  0  0

   0  0  0 .25 0 .75 0  0
   0  0  0 .75 0 .25 0  0

   0  0  0  0 .25 0 .75 0
   0  0  0  0 .75 0 .25 0

   0  0  0  0  0 .25 0 .75
   0  0  0  0  0 .75 0 .25

   0  0  0  0  0  0 .25 0
   0  0  0  0  0  0 .75 0
]

#Ps
[ <8>   0 0 0 1 0 0 0 0 ]

#Ras
[ <2 8>
  4096 -512 0 0 0 0 0 0
  4096 -512 0 0 0 0 0 0 ]

0.5  #gamma


