  -3.54153 -7.71011 7.90322 -1.6217 -0.0569305 0.219133  
  2.88675 -11.4562 -5.46522 -1.95457 -0.590386 0.199285  
  3.0002 -9.35258 -7.09252 -1.78045 -0.600894 0.201521  
  -3.49508 -0.0877078 8.51528 -0.979867 -0.0737324 0.228482  
  10.8441 -10.024 -2.37773 -1.81512 -1.28631 0.182183  
  13.3578 -1.43622 3.22036 -1.07922 -1.51696 0.186677  
  -3.43734 -9.53116 -2.9577 -1.7942 -0.0491282 0.21672  
  -2.18629 -12.0495 3.5162 -1.98971 -0.160334 0.210623  
  13.4681 -3.09556 3.96726 -1.21797 -1.52606 0.184168  
  12.8227 -2.45012 -2.18919 -1.17495 -1.46271 0.186602  
  5.52907 -13.0873 6.39596 -2.06159 -0.830908 0.191655  
  1.64325 -10.2207 9.64264 -1.82186 -0.504653 0.204828  
  -0.866551 -8.85702 -6.29948 -1.74022 -0.266647 0.211204  
  -0.301108 0.449941 -7.10515 -0.957594 -0.325042 0.221127  
  -3.82872 -1.758 8.50426 -1.12164 -0.0392846 0.226743  
  2.9804 -7.39501 11.5912 -1.57981 -0.625186 0.204243  
  11.8743 -8.58958 5.55856 -1.67543 -1.38479 0.181366  
  5.9103 -14.071 3.20935 -2.15189 -0.860717 0.189049  
  13.0361 -1.38987 -0.943116 -1.08357 -1.48847 0.186535  
  3.37028 -12.9703 -3.98615 -2.07441 -0.631419 0.195684  
  -6.04016 -2.98262 4.2518 -1.23304 0.157886 0.230584  
  8.0155 -4.45899 -7.80417 -1.36218 -1.03994 0.195204  
  2.2181 -11.8693 -5.2545 -1.98799 -0.530257 0.199923  
  -3.57792 -10.0036 -2.28116 -1.83259 -0.0363847 0.216083  
  1.39039 -10.6417 9.03654 -1.85949 -0.480579 0.203489  
  -6.11036 -5.48635 2.83496 -1.44744 0.168238 0.227382  
  0.102451 -2.88442 -8.42998 -1.24183 -0.357683 0.215649  
  11.1762 0.357716 7.26871 -0.926014 -1.33956 0.194225  
  0.465202 -9.20151 -7.03831 -1.77206 -0.3824 0.206794  
  9.0748 -11.654 5.93536 -1.94048 -1.14003 0.183893  
  -3.26008 -2.78218 9.03709 -1.20669 -0.0896187 0.223851  
  2.24952 -10.2611 9.47902 -1.8278 -0.555522 0.201578  
  -6.10999 -3.01383 3.78544 -1.2383 0.165079 0.229669  
  0.253302 -4.44682 11.3386 -1.33817 -0.392797 0.213508  
  -5.10437 -0.721324 5.88156 -1.04103 0.0709279 0.230358  
  0.973084 -13.159 -2.8265 -2.09423 -0.425137 0.200563  
  3.80256 -13.5926 5.22684 -2.11066 -0.680594 0.19354  
  -4.01184 -10.2702 -0.339277 -1.8539 -0.00366127 0.215887  
  -1.16953 -12.8828 2.19335 -2.06784 -0.246176 0.205916  
  9.59009 0.971013 -5.6255 -0.90154 -1.18614 0.196993  
  10.4358 -9.52935 6.80068 -1.7577 -1.26025 0.18276  
  1.17838 3.8535 -5.74539 -0.665997 -0.460196 0.220292  
  -5.01369 -8.2119 -1.42453 -1.68512 0.0847566 0.220289  
  1.13201 -11.0094 -5.99596 -1.92159 -0.437866 0.201868  
  -2.80981 -8.95177 -4.99758 -1.75177 -0.101824 0.214001  
  9.15554 0.778013 -6.26002 -0.920181 -1.14539 0.197697  
  2.21722 -11.4182 -5.99977 -1.9536 -0.531476 0.199025  
  -0.0594397 -13.4951 1.74571 -2.11977 -0.341678 0.202612  
  10.9274 -6.24033 -5.62575 -1.50806 -1.28842 0.184738  
  8.24273 -11.0314 7.3262 -1.89038 -1.06831 0.186584  
  -1.9006 -12.4314 0.43336 -2.03385 -0.179929 0.208173  
  10.2842 -11.6596 2.89541 -1.94436 -1.238 0.179516  
  13.5947 -2.24235 1.94981 -1.15402 -1.53319 0.183291  
  4.82866 -3.3574 -9.26241 -1.28097 -0.762199 0.202913  
  12.036 -8.01355 -2.92777 -1.65123 -1.38698 0.179816  
  13.6536 -4.99483 2.01224 -1.38423 -1.53528 0.179583  
  5.89555 -4.77071 -8.99921 -1.39753 -0.851466 0.198234  
  1.02476 -12.9478 -3.38066 -2.08192 -0.42737 0.199854  
  9.13262 -12.7246 0.158664 -2.04153 -1.13467 0.180466  
  13.0983 -1.9383 4.53699 -1.12451 -1.4977 0.184745  
  -0.416636 -9.47426 8.70692 -1.76768 -0.325545 0.208007  
  10.0799 -6.60919 8.90843 -1.51421 -1.23582 0.186489  
  11.8023 -10.0893 0.565295 -1.81872 -1.36835 0.177522  
  -4.52408 -9.5925 1.20366 -1.79832 0.0422993 0.217033  
  -0.30659 -6.31241 -8.11159 -1.53678 -0.314457 0.210511  
  3.96072 -14.1438 -1.08679 -2.17621 -0.68118 0.191183  
  -5.83474 -6.52983 -0.203962 -1.54658 0.154714 0.223435  
  10.7966 -11.1068 3.1324 -1.90203 -1.28253 0.178491  
  1.9323 -0.45062 -8.70917 -1.04078 -0.517119 0.212023  
  -2.23289 -8.37423 -6.02586 -1.70867 -0.147317 0.212082  
  -5.69803 -6.76706 -0.684274 -1.56862 0.142155 0.222208  
  -0.658295 -1.27903 10.5913 -1.07981 -0.317041 0.217606  
  4.17044 -6.84954 -8.90893 -1.57833 -0.700273 0.198906  
  -5.5118 0.880377 1.48145 -0.918152 0.114859 0.231246  
  -5.13775 -8.4568 0.5025 -1.70833 0.0967455 0.21831  
  2.67465 -7.47333 11.0026 -1.59561 -0.595875 0.202104  
  9.17744 -4.3565 10.1619 -1.32617 -1.16317 0.191168  
  5.10624 -10.4439 9.16855 -1.84591 -0.800456 0.193197  
  8.76895 -12.8712 -0.566235 -2.0581 -1.1 0.180918  
  11.0955 -7.45484 7.40088 -1.58814 -1.31897 0.182218  
  -5.3261 -1.14427 -3.08842 -1.09858 0.1064 0.228374  
  -5.44023 -5.38146 -3.02216 -1.45661 0.120897 0.223177  
  0.251148 -0.380167 10.6933 -1.00441 -0.396185 0.217004  
  8.00148 -3.9235 10.7991 -1.29205 -1.06324 0.194048  
  3.79893 -14.34 0.752005 -2.18511 -0.671129 0.190288  
  11.5257 -10.248 3.02912 -1.82901 -1.34743 0.177394  
  5.45451 -2.76393 11.6762 -1.19384 -0.845333 0.201326  
  -2.75644 -7.47133 8.10062 -1.60796 -0.122785 0.214965  
  -4.01455 -9.49207 4.26053 -1.78672 -0.00563828 0.215381  
  -3.80825 -9.07711 -3.37444 -1.76482 -0.0131725 0.215077  
  11.7132 -1.23991 -4.52635 -1.08925 -1.36456 0.187825  
  4.58081 -13.3973 5.30736 -2.10237 -0.745748 0.190634  
