  -0.528949 8.52471 24.4856 0.604445 -1.29657 0.0875181  
  -5.93943 16.1538 15.9359 1.3666 -0.707015 0.117307  
  -13.9202 -1.0398 22.1333 -0.380301 0.128524 0.13836  
  2.45366 10.0848 5.55549 0.683219 -1.61246 0.0749276  
  -13.8986 5.32152 3.89073 0.204501 0.137302 0.142795  
  -14.906 3.74943 21.4766 0.108501 0.239771 0.145961  
  4.02431 8.66507 6.56253 0.541262 -1.77899 0.0668158  
  -15.4351 1.37439 5.73712 -0.199457 0.304615 0.147608  
  -6.53133 14.6075 6.59324 1.16736 -0.641708 0.11831  
  -13.3654 0.155782 22.9257 -0.259517 0.0804363 0.137733  
  -10.9704 12.0858 20.5473 0.971541 -0.174936 0.136232  
  -11.8486 5.83559 2.22891 0.248626 -0.0804063 0.134205  
  -14.7799 10.9514 9.81085 0.809207 0.231358 0.151419  
  -5.56538 -1.3686 0.646328 -0.515325 -0.754845 0.101321  
  -2.4124 15.8307 15.6777 1.3323 -1.08345 0.101727  
  -4.38106 -4.29568 2.0523 -0.811673 -0.883821 0.0934465  
  -6.22648 7.69978 25.6632 0.534655 -0.681953 0.111875  
  -8.15652 8.56749 1.41936 0.521377 -0.468711 0.119911  
  -4.39687 4.52137 -0.111717 0.0936748 -0.873756 0.10022  
  -17.2794 2.20159 9.82874 -0.0936404 0.502036 0.155471  
  -6.55498 16.1357 15.0741 1.36627 -0.640781 0.11988  
  -11.3483 8.62069 2.87656 0.535259 -0.127991 0.133476  
  -12.9458 10.0404 20.419 0.760704 0.0371415 0.142237  
  -13.9879 11.4403 8.36152 0.851651 0.148852 0.147644  
  -7.99589 6.11455 0.395155 0.26509 -0.48622 0.11709  
  4.03075 11.4194 16.1943 0.868072 -1.77216 0.0690782  
  -15.1917 7.40032 19.2512 0.480865 0.273737 0.149364  
  -14.0888 10.1188 18.6938 0.763286 0.161665 0.147167  
  -7.13405 15.6915 8.99164 1.29038 -0.575168 0.120797  
  -7.86323 -1.81291 0.85406 -0.562995 -0.499871 0.111132  
  5.5709 9.4366 11.4327 0.642016 -1.93592 0.0601989  
  4.93846 9.32314 8.77416 0.622156 -1.87601 0.0621879  
  -11.2832 12.456 5.94589 0.951083 -0.133406 0.136314  
  -14.292 5.24021 3.87486 0.198896 0.182272 0.143547  
  -17.3313 4.1671 10.0805 0.113783 0.508849 0.156085  
  -16.4089 5.13967 7.28853 0.201949 0.409936 0.153013  
  -14.9169 -5.1615 14.7162 -0.836727 0.249581 0.13921  
  -12.761 9.92607 4.67636 0.684403 0.0240302 0.140211  
  -13.249 8.68039 4.48741 0.554486 0.0786748 0.141701  
  -9.52705 13.3431 5.38719 1.03564 -0.319396 0.129143  
  -12.4844 -7.85572 12.6881 -1.13338 -0.0134925 0.126453  
  0.250563 14.6595 16.25 1.20837 -1.36217 0.0877413  
  5.68634 9.18279 11.0242 0.617074 -1.9453 0.0593102  
  -10.2457 14.8415 15.6771 1.23821 -0.240463 0.133767  
  -13.6559 12.4897 10.7949 0.975745 0.119793 0.146774  
  -11.3976 -7.02618 6.85167 -1.06728 -0.128215 0.122387  
  -13.5961 11.0129 18.4451 0.853335 0.111495 0.145499  
  -16.666 2.99226 17.4636 0.0157468 0.434272 0.152667  
  -7.78081 11.3775 2.61797 0.819096 -0.507728 0.119763  
  -3.06938 13.0475 21.3467 1.06869 -1.01219 0.100954  
  -9.03334 14.9021 7.79448 1.20925 -0.376226 0.12821  
  -14.5965 -4.47071 17.3078 -0.757904 0.214735 0.137695  
  -11.3417 13.7577 16.7292 1.13142 -0.129138 0.137912  
  -13.2197 -1.42757 21.8234 -0.42166 0.0643166 0.134271  
  -17.187 2.68716 9.0153 -0.0446173 0.495139 0.154509  
  0.457095 13.2844 18.8136 1.07707 -1.38737 0.0848368  
  0.601882 14.5501 15.5739 1.19628 -1.40325 0.0852916  
  -9.99091 14.0359 17.8534 1.16384 -0.273748 0.131498  
  -14.4098 9.90302 18.1129 0.740246 0.198149 0.14748  
  -11.431 -7.65026 16.422 -1.07806 -0.123853 0.120347  
  -17.2438 3.81234 15.6708 0.102337 0.497792 0.155286  
  -3.09345 2.54403 -0.396569 -0.109608 -1.01276 0.0911081  
  5.84195 8.12588 15.6492 0.530312 -1.96269 0.0565317  
  -6.45167 15.2538 6.8428 1.2413 -0.648872 0.116666  
  0.215275 10.748 21.9692 0.828649 -1.36282 0.0836039  
  -15.8916 8.51409 16.4691 0.590593 0.356955 0.151968  
  -8.61001 15.3463 15.9538 1.28798 -0.42201 0.126021  
  -16.0363 -3.32338 14.1115 -0.650307 0.364759 0.14451  
  -11.0279 13.685 7.3954 1.08302 -0.158533 0.135191  
  2.60695 13.2568 10.4358 1.03756 -1.62197 0.0746692  
  -13.4665 4.53276 22.2406 0.203787 0.0933949 0.138794  
  -12.927 13.3937 11.6384 1.07132 0.0441401 0.14335  
  -10.1941 8.84764 23.3368 0.650867 -0.251389 0.127855  
  -13.0084 11.5227 18.3875 0.908481 0.0528303 0.142316  
  -16.173 8.56794 14.9608 0.594141 0.38554 0.153012  
  -16.0064 -3.73405 13.2631 -0.692141 0.360109 0.143117  
  -1.11933 8.63273 1.33087 0.526526 -1.22341 0.0860548  
  -9.09938 5.07931 0.0795669 0.162438 -0.367756 0.119103  
  -16.6816 -2.10984 13.4078 -0.524257 0.434658 0.14719  
  -1.41039 6.85881 0.554685 0.340021 -1.18652 0.0864111  
  -12.0815 9.19623 21.3544 0.67959 -0.0531963 0.135687  
  -8.6117 11.3359 22.3353 0.90241 -0.415273 0.122735  
  -15.5639 -0.598075 18.6058 -0.345656 0.31803 0.144066  
  -13.0309 13.3136 12.3363 1.06784 0.0491718 0.143414  
  -17.43 4.20702 10.6022 0.117693 0.523393 0.155418  
  -13.5826 12.3761 9.22941 0.956343 0.111264 0.144722  
  -16.4586 5.92546 17.373 0.327548 0.416343 0.152439  
  4.27852 3.82443 4.23028 0.0382386 -1.80507 0.058395  
  -8.95666 15.7322 12.1733 1.31437 -0.37616 0.12726  
  -13.4565 12.8193 13.7284 1.02484 0.100544 0.144625  
  -15.3069 1.14799 20.0141 -0.157388 0.292801 0.143915  
  -10.5273 12.898 19.2471 1.05334 -0.212174 0.13206  
