  0 0 0 0.0966282 0.171768 0.0604808 -0.536994 1.4643 1.09045 -0.0691577 -0.20032 -0.791373 1.16153 -0.218953 -1.39267 -2.91763 0.389422 -1.64642 -1.82925 0.185379 2.93396 0.213753 0.125277 0.0380984 0.0223476  
  0 0 0 0.0966282 0.167474 0.0604808 -1.51405 0.328561 0.860168 -0.0563585 0.364706 0.36068 -0.309568 -2.12202 -1.70537 -0.506568 0.905765 -1.41496 -1.14048 0.281382 2.65374 0.213753 0.125277 0.0380984 0.0223476  
  0 0 0 0.0966282 0.152081 0.0604808 -0.166733 0.122787 0.718796 0.513397 -0.0853558 0.0930318 -0.228749 -0.150245 -1.50896 -2.31955 1.94105 -0.742076 -0.751584 0.266528 2.69274 0.213755 0.125277 0.0380987 0.0223476  
  0 0 0 0.0966282 0.154385 0.0605846 -0.154289 0.463699 0.439771 0.1029 0.946787 -1.52054 0.148565 -0.24536 -0.334973 -3.83706 1.90814 -1.80237 -0.957869 0.243451 2.65064 0.213755 0.125277 0.0380987 0.0223476  
  0 0 0 0.0966282 0.159244 0.0604808 -0.238025 0.291585 0.187972 0.928834 -0.342947 0.262912 1.01336 -1.88807 -1.25079 -2.61116 3.39313 -0.153065 -1.50845 0.272136 2.69427 0.213757 0.125277 0.0380991 0.0223476  
  0 0 0 0.0966282 0.165485 0.0604808 -1.02114 0.742597 0.924885 -0.10874 0.498755 -0.0595138 1.57492 -0.149956 -1.0526 -2.40951 3.37676 -1.16591 -1.81991 0.270239 2.69367 0.213757 0.125277 0.0380991 0.0223476  
  0 0 0 0.0966282 0.142865 0.0604808 0.101586 0.264225 0.0427152 -0.263616 0.594136 -1.22314 -0.271644 -0.32979 -1.35498 -3.8171 1.445 -0.552564 -1.33047 0.269326 2.69448 0.213761 0.125277 0.0380998 0.0223476  
  0 0 0 0.0966282 0.16182 0.0604808 -0.371339 0.886274 0.212058 0.398678 0.147323 -0.255884 0.594352 -0.451658 -1.57062 -0.628278 0.576002 -2.00176 -1.52004 0.158117 2.71107 0.213765 0.125277 0.0381004 0.0223476  
  0 0 0 0.0966282 0.156165 0.0604808 0.0804112 0.496115 0.450609 0.465846 0.0880638 -0.667194 1.21837 -2.03866 -0.216695 -4.07575 3.27107 -1.42379 -1.89815 0.219551 2.75112 0.213767 0.125277 0.0381008 0.0223476  
  0 0 0 0.0966282 0.166741 0.0603769 -1.25919 0.490743 0.305572 0.424521 -0.0558575 -0.779635 1.50533 -1.15608 -0.230014 -1.54278 3.6229 -1.8395 -0.958038 0.260019 2.68841 0.213767 0.125277 0.0381008 0.0223476  
  0 0 0 0.0966282 0.162113 0.0604808 -0.279072 0.717584 0.823726 -0.0133081 1.05972 -0.381121 0.932861 -0.257347 -1.32797 -2.77834 2.99786 -0.819491 -0.564935 0.260754 2.66086 0.213767 0.125277 0.0381008 0.0223476  
  0 0 0 0.0966282 0.166008 0.0604808 -0.454245 0.682655 -0.200434 0.404684 0.00182776 0.533382 0.245259 -0.79918 -0.27359 -0.694235 2.66923 -1.83033 -1.17543 0.486348 2.7218 0.213769 0.125277 0.0381011 0.0223476  
  0 0 0 0.0966282 0.145808 0.0604808 -0.0900448 0.2401 0.603919 -0.2346 0.375602 -0.0442159 -0.49093 -0.366098 -1.01526 -2.62875 0.760164 -0.367434 -1.68694 0.142932 2.31819 0.213769 0.125277 0.0381011 0.0223476  
  0 0 0 0.0966282 0.157044 0.0604808 -0.688216 -0.422573 0.359503 1.01757 0.303349 -0.072695 -0.0978197 -0.695017 -1.04118 -0.15156 0.924507 -1.62119 -0.745628 0.177652 1.81727 0.213769 0.125277 0.0381011 0.0223476  
  0 0 0 0.0966282 0.149986 0.0605846 -0.581515 0.552326 -0.0942478 -0.351172 0.494712 -0.766005 0.0957927 -0.366677 -0.295885 -3.3932 2.1713 -1.30352 -1.56676 0.28133 2.76018 0.213771 0.125277 0.0381015 0.0223476  
  0 0 0 0.0966282 0.166532 0.0604808 -0.0840175 0.324913 -0.176662 0.487638 0.0563407 0.135702 1.51046 -0.285027 -1.70436 -0.382891 1.43339 -1.23664 -1.29536 0.251461 3.12806 0.213773 0.125277 0.0381018 0.0223476  
  0 0 0 0.0966282 0.151829 0.0605846 -0.295943 0.00505925 0.757543 -0.329262 -0.187656 -0.572745 1.06932 -0.417521 -0.245215 -2.53952 3.09892 -1.85449 -1.37324 0.0675834 2.67004 0.215426 0.125285 0.0383928 0.022349  
  0 0 0 0.0966282 0.158071 0.0605846 0.164064 0.645347 0.394165 0.159426 -0.187546 -1.35593 0.615519 -1.49719 -1.27656 -4.84186 2.1533 -1.83586 -1.15796 0.232473 2.67844 0.215469 0.125285 0.0384004 0.022349  
  0 0 0 0.0966282 0.151138 0.0604808 -0.748075 0.637686 -0.240855 0.125774 0.0565945 0.172985 1.55841 -0.922134 -0.269392 -0.0502122 3.41882 -0.827584 -1.9577 0.263626 3.04509 0.215469 0.125285 0.0384004 0.022349  
  0 0 0 0.0966282 0.152814 0.0603769 -0.331137 0.398866 0.0176976 0.0525575 -0.195693 0.144794 -0.282388 -0.838977 -0.532396 -1.61683 0.263431 -1.33552 -1.86882 0.422446 2.6532 0.215469 0.125285 0.0384004 0.022349  
  0 0 0 0.0966282 0.160458 0.0604808 -0.814897 0.531964 0.869876 -0.206624 0.364875 -0.0538052 1.31755 -1.89314 -0.760063 -1.42043 0.727266 -1.59058 -1.90387 0.241985 2.91035 0.215469 0.125285 0.0384004 0.022349  
  0 0 0 0.0966282 0.149044 0.0605846 -0.0538146 0.801303 -0.19614 -0.277236 0.883857 -0.707764 1.59333 -1.4207 -1.38007 -4.69898 5.13387 -1.34421 -1.80228 0.256316 2.72635 0.215469 0.125285 0.0384004 0.022349  
  0 0 0 0.0966282 0.167454 0.0604808 -0.248645 0.316125 1.14134 -0.0366479 -0.352591 -0.338178 -0.141244 -0.584702 -1.13175 -2.51435 1.95262 -1.18379 -0.945943 0.270022 2.69276 0.215469 0.125285 0.0384004 0.022349  
  0 0 0 0.0966282 0.145379 0.0604808 -0.732654 0.629844 0.0256563 -0.283327 0.569874 0.082304 0.431624 -1.03957 -1.11398 -2.35478 0.517125 -1.07371 -1.87558 0.213547 2.75413 0.215469 0.125285 0.0384004 0.022349  
  0 0 0 0.0966282 0.171873 0.0605846 -0.246962 1.03098 -0.0069115 0.116807 -0.160138 -1.58362 1.18789 -0.294524 -1.18763 -4.81762 1.32367 -1.9827 -1.21143 0.117653 2.70211 0.215469 0.125285 0.0384004 0.022349  
  0 0 0 0.0966282 0.137724 0.0605846 -0.220374 0.434018 0.959442 0.344715 0.97335 -1.54241 0.664267 -1.10342 -1.19872 -3.25164 1.32047 -0.752357 -1.71889 0.244961 2.84248 0.215469 0.125285 0.0384004 0.022349  
  0 0 0 0.0966282 -0.522943 0.0604808 -0.917138 -0.349367 -0.131528 0.314759 -0.352422 0.204975 0.266907 -0.710479 -1.57682 -2.67888 4.69006 -1.07119 -0.275644 0.0971172 2.663 0.215469 0.125285 0.0384004 0.022349  
  0 0 0 0.0966282 0.167998 0.0604808 -0.261247 0.304974 0.621302 -0.316962 0.45859 -0.0430935 1.20165 -0.904949 -0.420214 -2.27189 2.94239 -1.75071 -1.84718 0.282639 2.69649 0.215469 0.125285 0.0384004 0.022349  
  0 0 0 0.0966282 0.155118 0.0605846 -0.862983 0.0683999 0.0892212 -0.178463 -0.229759 0.277295 -0.267074 -2.09061 -1.09922 -1.88449 2.0973 -1.73655 -0.677841 0.341951 2.72304 0.215469 0.125283 0.0384004 0.0223487  
  0 0 0 0.0966282 0.170208 0.0604808 -0.325831 1.17371 0.541401 0.981503 -0.273918 0.0891191 0.391503 -0.959369 -1.87197 -0.437441 1.60578 -1.39859 -1.62148 0.238304 2.71928 0.215469 0.125283 0.0384004 0.0223487  
  0 0 0 0.0966282 0.157945 0.0604808 -0.330806 0.182728 -0.187134 0.662918 0.796216 -2.11271 0.164922 -2.03154 -0.16064 -4.06168 1.96315 -1.71735 -0.633288 0.188429 2.65395 0.215469 0.125283 0.0384004 0.0223487  
  0 0 0 0.0966282 0.165799 0.0604808 -0.126938 0.522314 1.03285 0.158766 0.163861 -1.41493 0.393267 -0.216116 -1.13367 -3.65761 2.30399 -1.50504 -1.74916 0.277958 2.69689 0.215469 0.125283 0.0384004 0.0223487  
  0 0 0 0.0966282 0.146949 0.0604808 -1.26375 0.468399 0.37563 0.221079 0.478055 -0.888211 -0.164768 -2.10818 -0.289167 -4.58126 1.85764 -1.89851 -0.618886 0.223598 2.67766 0.215469 0.125283 0.0384004 0.0223487  
  0 0 0 0.0966282 0.163924 0.0603769 0.17349 -0.0220263 0.80718 -0.32268 0.160562 -1.26607 0.35382 -0.586439 -0.35165 -5.29735 2.41578 -1.78888 -1.64748 0.334733 2.69554 0.215469 0.125283 0.0384004 0.0223487  
  0 0 0 0.0966282 0.172396 0.0604808 -1.90027 0.224099 0.261276 0.839265 0.42196 -1.04036 0.710449 -2.04955 -0.326721 -0.852337 1.42685 -1.0426 -1.88578 0.180524 2.79983 0.215469 0.125283 0.0384004 0.0223487  
  0 0 0 0.0966282 0.155222 0.0605846 -0.359077 1.36755 -0.155614 0.169789 0.594424 0.44663 -0.316624 -0.770443 -1.98246 -1.29618 1.81761 -1.90066 -1.37076 0.277523 2.68388 0.215469 0.125283 0.0384004 0.0223487  
  0 0 0 0.0966282 0.150929 0.0604808 -1.23316 0.448311 0.4036 0.331509 -0.222374 -0.0716366 0.460456 -0.318831 -0.419229 -1.65755 2.6507 -1.90481 -0.993454 0.21815 2.68423 0.215469 0.125283 0.0384004 0.0223487  
  0 0 0 0.0966282 0.161715 0.0604808 -0.0150226 0.681329 0.553863 -0.280789 0.897553 -0.811337 0.0808957 -1.85159 -1.60287 -4.35323 1.25993 -1.84836 -1.59801 0.267485 2.69593 0.215469 0.125283 0.0384004 0.0223487  
  0 0 0 0.0966282 0.855064 0.0603769 0.294144 1.2305 1.21496 0.00406767 0.802358 -0.996563 0.655287 -1.53147 -2.06901 -5.02645 1.49274 -1.80976 -1.20204 0.299347 2.63567 0.215469 0.125283 0.0384004 0.0223487  
  0 0 0 0.0966282 0.146928 0.0604808 -1.13793 -0.0733621 1.17642 -0.0496839 0.282065 0.301718 1.78973 -1.92499 -0.153141 -2.06051 3.8998 -1.4173 -1.36324 0.269795 2.69863 0.215469 0.125283 0.0384004 0.0223487  
  0 0 0 0.0966282 0.154898 0.0603769 -0.393151 1.30128 0.637419 0.780285 -0.256745 0.208712 0.316778 -0.470912 -2.11623 -1.73877 1.5389 -1.65208 -1.84384 0.267107 2.69916 0.215469 0.125283 0.0384004 0.0223487  
  0 0 0 0.0966282 0.156898 0.0604808 -0.850299 0.258231 1.08511 -0.158465 0.496733 -0.939637 -0.471527 -1.97753 -0.226699 -2.56563 0.704225 -1.82211 -1.06615 0.277201 2.69436 0.215469 0.125283 0.0384004 0.0223487  
  0 0 0 0.0966282 0.15784 0.0605846 0.209687 0.790599 -0.268083 0.151627 1.00795 -1.31636 0.90374 -0.150824 -1.84696 -3.60804 0.947241 -1.18117 -1.24501 0.260267 2.67996 0.215469 0.125283 0.0384004 0.0223487  
  0 0 0 0.0966282 0.161233 0.0605846 0.41149 0.136549 1.20983 -0.211945 0.80125 -0.170415 -0.0526799 -1.40671 -1.80538 -4.16412 2.85191 -1.92035 -0.272947 0.104992 2.63689 0.215469 0.125283 0.0384004 0.0223487  
  0 0 0 0.0966282 0.152918 0.0604808 0.205484 0.0557981 0.369158 0.13085 -0.339225 0.241376 -0.143874 -1.28697 -0.572976 -0.198995 1.63227 -1.84316 -0.848161 0.557168 2.67663 0.215469 0.125283 0.0384004 0.0223487  
  0 0 0 0.0966282 0.152185 0.0604808 -0.338334 0.661016 -0.100112 0.507382 0.365704 0.435646 2.26223 -0.276876 -1.1496 -1.42547 4.12206 -1.41505 -1.88856 0.255694 2.5949 0.215469 0.125283 0.0384004 0.0223487  
  0 0 0 0.0966282 0.162867 0.0605846 0.342894 1.23414 0.879646 0.126612 0.701182 0.104754 -0.227002 -2.12159 -1.2506 -5.22284 0.350086 -1.68928 -1.80155 0.135492 2.73814 0.215469 0.125283 0.0384004 0.0223487  
  0 0 0 0.0966282 0.172983 0.0604808 -0.817128 0.552135 0.87996 -0.302293 0.0873871 0.0792092 0.205972 -0.403883 -0.541199 -1.96958 2.52566 -1.78356 -0.544486 0.284162 2.69236 0.215469 0.125283 0.0384004 0.0223487  
  0 0 0 0.0966282 0.169569 0.0604808 -0.876928 0.0853958 -0.0325678 0.768104 -0.0660935 0.461062 1.5993 -1.37182 -0.372193 -0.177482 3.83869 -1.73283 -1.82094 0.19697 2.72608 0.215469 0.125283 0.0384004 0.0223487  
  0 0 0 0.0966282 0.150615 0.0604808 -0.514444 0.597759 0.503388 0.0992708 -0.286573 -0.695257 0.508883 -0.896495 -0.388248 -3.05369 3.15538 -1.60296 -1.46596 0.27533 2.69145 0.215469 0.125283 0.0384004 0.0223487  
  0 0 0 0.0966282 0.15983 0.0604808 -0.497647 -0.139447 -0.167761 -0.170815 -0.181439 -0.000423035 -0.0909245 -2.11363 -0.821373 -2.66762 1.93325 -1.82329 -1.34461 0.282813 2.70403 0.215469 0.125283 0.0384004 0.0223487  
  0 0 0 0.0966282 0.155149 0.0604808 -0.471664 0.588722 1.1936 0.774922 -0.279679 0.225886 0.827027 -0.648401 -0.812137 -2.04657 3.05322 -1.11211 -1.39718 0.268825 2.69203 0.215469 0.125283 0.0384004 0.0223487  
  0 0 0 0.0966282 0.150929 0.0605846 -0.171542 0.573633 -0.224268 -0.212022 0.43245 -0.490323 1.0509 -0.286764 -0.651774 -2.67578 3.69637 -0.753836 -1.90812 0.244961 2.82274 0.215469 0.125283 0.0384004 0.0223487  
  0 0 0 0.0966282 0.157003 0.0605846 -0.543544 0.352853 0.860168 0.436745 -0.23426 0.0202627 2.03995 -0.227118 -0.32549 -2.33026 4.06682 -1.06629 -1.47968 0.272241 2.68556 0.215469 0.125283 0.0384004 0.0223487  
  0 0 0 0.0966282 0.156374 0.0604808 -0.653478 -0.323168 -0.240437 0.697636 -0.22959 0.0130307 1.23798 -1.15582 -0.616624 -1.03784 3.69908 -1.93141 -1.53221 0.284945 2.69282 0.215469 0.125283 0.0384004 0.0223487  
  0 0 0 0.0966282 0.165904 0.0604808 -0.749277 -0.214063 0.746233 0.808379 0.0444636 -1.47017 1.32814 -1.84797 -0.335769 -3.37359 3.29473 -1.39142 -1.34854 0.268864 2.69372 0.215469 0.125283 0.0384004 0.0223487  
  0 0 0 0.0966282 0.134069 0.0604808 -0.864061 0.228575 0.583415 0.237947 0.0865411 -1.19492 1.96041 -1.93092 -0.247068 -3.0943 4.11292 -1.72296 -1.85758 0.297428 2.68479 0.215469 0.125283 0.0384004 0.0223487  
  0 0 0 0.0966282 0.1525 0.0604808 -0.921109 -0.0642507 0.279706 -0.268607 0.474595 0.235491 -0.0703189 -1.15713 -1.74837 -5.23967 2.29508 -1.8624 -0.965174 0.336808 2.72191 0.215469 0.125283 0.0384004 0.0223487  
  0 0 0 0.0966282 0.150091 0.0604808 0.0470661 1.13499 1.0939 0.329157 0.392098 -0.347287 1.18799 -1.37435 -2.04388 -2.05415 2.512 -1.43231 -0.499759 0.265758 2.69202 0.215469 0.125283 0.0384004 0.0223487  
  0 0 0 0.0966282 0.152918 0.0603769 -0.89317 -0.441302 0.251432 0.502171 0.633287 0.21171 1.60282 -0.193865 -1.10443 -2.15631 3.49176 -1.66591 -1.33558 0.270935 2.69508 0.215469 0.125283 0.0384004 0.0223487  
  0 0 0 0.0966282 0.155327 0.0604808 -0.441295 0.893818 -0.250699 -0.0784378 -0.29922 -0.743363 0.637648 -1.02793 -0.578231 -0.478281 1.65864 -1.86379 -1.72685 0.256577 2.72601 0.215469 0.125283 0.0384004 0.0223487  
  0 0 0 0.0966282 0.165286 0.0602731 -0.0120795 0.460838 1.0982 0.380422 0.0753069 -1.68854 0.898593 -0.202073 -0.554098 -4.5458 2.92036 -1.81815 -1.61225 0.244612 2.69773 0.215471 0.125283 0.0384008 0.0223487  
  0 0 0 0.0966282 0.153233 0.0603769 0.343225 1.17413 1.0095 0.338378 -0.20757 -1.21304 0.387975 -0.323724 -0.403652 -3.35166 4.52773 -1.54608 -1.87691 0.2206 2.79663 0.215471 0.125283 0.0384008 0.0223487  
  0 0 0 0.0966282 0.160039 0.0604808 -1.24043 0.41039 0.42401 -0.166738 0.281109 0.181211 0.227364 -2.11594 -0.958066 -2.08336 1.094 -1.62462 -1.80224 0.275243 2.67314 0.215471 0.125283 0.0384008 0.0223487  
  0 0 0 0.0966282 0.15407 0.0605846 0.113491 0.511693 -0.255097 -0.274529 0.922085 -0.694615 -0.113935 -0.208805 -1.75691 -3.24811 0.682359 -1.82085 -0.927625 0.197362 2.67244 0.215471 0.125283 0.0384008 0.0223487  
  0 0 0 0.0966282 0.169223 0.0604808 -1.19353 -0.461373 1.08217 0.1236 0.409677 0.155939 -0.272895 -1.19387 -1.83027 -2.29161 0.471779 -1.61764 -1.58457 0.245113 2.63628 0.215471 0.125283 0.0384008 0.0223487  
  0 0 0 0.0966282 0.167935 0.0604808 -0.212415 0.407571 0.396888 -0.2961 -0.0456046 -0.153738 -0.187378 -0.872362 -0.240437 -3.69592 1.9576 -1.56154 -0.636768 0.274551 2.6978 0.215471 0.125283 0.0384008 0.0223487  
  0 0 0 0.0966282 0.164982 0.0604808 -0.665864 0.404255 1.02144 0.335917 -0.125065 -0.472524 0.875133 -0.599063 -1.0096 -1.1824 3.01736 -1.92876 -1.35275 0.281417 2.69528 0.215471 0.125283 0.0384008 0.0223487  
  0 0 0 0.0966282 0.148834 0.0604808 -0.589284 0.344719 0.725603 0.16726 0.923718 0.174348 -0.288241 -1.53121 -0.265048 -0.271414 0.390636 -1.42004 -1.91744 0.271497 2.78479 0.215471 0.125283 0.0384008 0.0223487  
  0 0 0 0.0966282 0.163286 0.0604808 -0.551918 0.871019 0.351649 -0.210313 0.416631 -1.13575 0.127238 -0.176043 -0.643479 -3.72408 0.524784 -1.61305 -1.82456 0.209979 2.77438 0.215471 0.125283 0.0384008 0.0223487  
  0 0 0 0.0966282 0.137912 0.0604808 -1.0084 0.300232 -0.259391 -0.193791 -0.130276 -0.888484 0.0130656 -1.24399 -0.323956 -0.804075 1.43281 -1.93015 -1.39435 0.0803532 2.61673 0.215471 0.125283 0.0384008 0.0223487  
  0 0 0 0.0966282 0.153756 0.0605846 -1.38272 0.215393 -0.027646 0.254469 0.153963 -0.0318686 0.748934 -1.73919 -0.30182 -0.648062 1.93319 -1.52323 -1.89671 0.203527 2.76534 0.215471 0.125283 0.0384008 0.0223487  
  0 0 0 0.0966282 0.163076 0.0604808 0.0410305 0.271355 0.0880693 -0.183928 -0.0833255 -0.37769 1.77221 -0.215392 -0.350622 -2.67574 4.4452 -1.29165 -1.88269 0.26554 2.7917 0.215471 0.125283 0.0384008 0.0223487  
  0 0 0 0.0966282 0.160354 0.0604808 0.362791 0.308332 0.27845 0.295184 0.634462 -0.471016 -0.130452 -1.11008 -0.27718 -2.38393 1.75386 -1.12253 -1.76078 0.268455 2.68449 0.215471 0.125283 0.0384008 0.0223487  
  0 0 0 0.0966282 0.147913 0.0604808 -1.45707 0.314715 0.660991 1.08068 -0.267616 -0.406297 -0.0990224 -1.57024 -0.26072 -2.39504 1.79887 -0.664486 -1.23325 0.264644 2.67635 0.215471 0.125283 0.0384008 0.0223487  
  0 0 0 0.0966282 0.147955 0.0605846 -0.150807 0.195297 -0.258553 0.120521 -0.188942 0.0553644 0.42715 -0.256565 -0.294972 -1.63939 2.54577 -1.93889 -1.65195 0.272937 2.69687 0.215471 0.125283 0.0384008 0.0223487  
  0 0 0 0.0966282 0.154385 0.0604808 -0.672646 0.323504 0.0833569 -0.211641 -0.219193 -1.32208 1.10717 -0.353938 -0.503819 -4.3151 2.47649 -1.41026 -1.90059 0.224303 2.87129 0.215471 0.125283 0.0384008 0.0223487  
  0 0 0 0.0966282 0.156898 0.0603769 0.364142 0.82964 0.368666 -0.0825575 -0.281024 0.094491 0.201162 -1.35409 -0.619534 -2.77192 3.09685 -0.207969 -1.80237 0.272637 2.6764 0.215471 0.125283 0.0384008 0.0223487  
  0 0 0 0.0966282 0.151913 0.0604808 -0.414458 -0.138552 0.136869 -0.0154145 0.699516 0.145163 0.707081 -0.197296 -2.05398 -1.71858 4.11852 -1.93452 -1.68264 0.208887 2.71895 0.215471 0.125281 0.0384008 0.0223483  
  0 0 0 0.0966282 0.149986 0.0604808 0.144175 0.501587 -0.254783 -0.297065 -0.12207 -1.42744 1.01143 -0.6775 -0.206156 -4.18235 2.97004 -1.23622 -1.45978 0.275373 2.69301 0.215471 0.125281 0.0384008 0.0223483  
  0 0 0 0.0966282 0.145588 0.0604808 -1.16696 0.378462 -0.16085 0.207129 0.200829 -0.345122 -0.339234 -1.54004 -0.322045 -1.76126 1.46711 -1.9177 -0.887162 0.258535 2.69036 0.215471 0.125281 0.0384008 0.0223483  
  0 0 0 0.0966282 0.161139 0.0604808 -0.101237 0.611355 0.556585 -0.0686247 -0.0175191 -0.451453 -0.199356 -1.14857 -0.294292 -2.58597 1.45612 -1.85844 -1.21731 0.350078 2.72181 0.215471 0.125281 0.0384008 0.0223483  
  0 0 0 0.0966282 0.171035 0.0604808 -0.785681 0.151472 0.55669 -0.223806 0.43871 -1.35111 0.727927 -1.39328 -0.30777 -0.271882 2.10233 -1.83732 -1.67335 0.0751235 2.73253 0.215471 0.125281 0.0384008 0.0223483  
  0 0 0 0.0966282 0.151452 0.0604808 -1.2126 0.533589 0.8764 0.358749 -0.224777 -0.437887 0.924619 -1.74712 -0.348972 -1.84822 2.568 -1.09068 -1.92776 0.220944 2.93358 0.215471 0.125281 0.0384008 0.0223483  
  0 0 0 0.0966282 0.159725 0.0604808 -0.491122 0.795988 0.631565 -0.28402 -0.0896024 0.259111 -0.17936 -0.436877 -1.18718 -1.96807 0.195113 -1.23396 -1.84188 0.211241 2.66778 0.215471 0.125281 0.0384008 0.0223483  
  0 0 0 0.0966282 0.164029 0.0604808 -0.558956 0.312809 -0.255097 0.034175 -0.196209 0.181852 0.62979 -1.11167 -2.0957 -0.636319 2.14849 -1.84199 -1.50199 0.251922 2.71638 0.215471 0.125281 0.0384008 0.0223483  
  0 0 0 0.0966282 0.152007 0.0604808 -1.26176 -0.104386 0.748956 0.265694 0.0114208 0.123579 0.666832 -1.16002 -0.154878 -2.08226 2.62952 -1.71986 -1.78162 0.252305 2.70324 0.215471 0.125281 0.0384008 0.0223483  
  0 0 0 0.0966282 0.15428 0.0604808 0.0391154 0.269946 0.813254 0.534402 0.0457071 -1.53872 0.741141 -0.18001 -0.792014 -3.94749 1.4052 -1.76022 -1.72514 0.19469 2.73579 0.215471 0.125281 0.0384008 0.0223483  
  0 0 0 0.0966282 0.150719 0.0604808 -0.196787 0.0165418 0.445373 -0.344954 0.364097 0.0786159 0.230346 -1.57464 -1.10696 -1.63667 1.44681 -1.62448 -1.80772 0.270657 2.69628 0.215471 0.125281 0.0384008 0.0223483  
  0 0 0 0.0966282 0.161505 0.0604808 -0.0915869 0.637139 0.261799 -0.186186 0.810166 0.0245602 -0.0826662 -1.29764 -1.2641 -1.77133 0.988139 -1.64864 -1.77357 0.262886 2.69632 0.215471 0.125281 0.0384008 0.0223483  
  0 0 0 0.0966282 0.175538 0.0604808 -0.366 -0.23595 0.569466 0.497831 0.256061 0.000298562 1.6535 -0.994809 -0.171946 -2.15816 3.72506 -1.7149 -1.56856 0.271109 2.69323 0.215471 0.125281 0.0384008 0.0223483  
  0 0 0 0.0966282 0.15029 0.0604808 -0.518506 0.623045 0.557633 0.77268 0.272455 -0.650838 -0.0504349 -1.53528 -1.95119 -2.70661 0.334236 -1.07972 -1.84614 0.259231 2.7803 0.215471 0.125279 0.0384008 0.0223479  
