  -0.00173282 0 0 0.00077134 0.300363 0 0.284349 0.0840999 -2.33526 -0.242997 1.29452 -0.95547 0.706864 -0.135981 0.546278 -1.55714 -0.503745 -0.0949198 0.473666 0.0601376 -0.392639 0 0 -0.436221 -0.447301  
  -0.00210775 0 0 0.00173346 0.131557 0 -0.0910889 1.36994 -4.03358 1.05205 0.278024 -0.0116874 -1.08351 -0.882581 0.694729 -1.58634 -0.275887 2.16409 1.07441 -0.548838 0.663795 0 0 -0.722024 -0.697807  
  -0.00220814 0 0 0.00201513 0.170881 0 1.37123 1.185 -0.952999 1.83941 -0.0428212 0.985579 -1.89347 9.67791 -1.2896 1.40794 -0.27019 -0.0376087 0.220986 0.014689 -0.0362949 0 0 -0.539419 -0.702069  
  -0.00224185 0 0 0.00254017 0.104247 0 0.953955 0.459772 -0.828492 1.65097 1.44551 -1.44803 -1.05486 -0.0951697 -0.353685 -1.89949 -0.519612 0.295228 -0.810728 -0.0519029 0.0876226 0 0 -1.77956 -0.810406  
  -0.00224636 0 0 0.00352285 -0.0381383 0 0.283345 0.973308 0.539955 -1.56501 -1.04804 -1.45641 0.670433 -1.13621 -0.651233 -0.199872 0.45431 0.486886 1.34948 -0.0327182 0.144905 0 0 0.14765 -0.612631  
  -0.00224703 0 0 0.00435973 0.0912222 0 -0.342551 0.605519 -1.60202 -0.456392 1.66593 0.416937 1.39123 4.44469 2.11041 1.55118 1.17363 1.64039 -0.864128 -0.0885371 0.0720139 0 0 0.659348 -0.58042  
  -0.00224716 0 0 0.00551153 -0.0875391 0 2.0966 1.31566 1.15955 -3.65046 0.646878 -0.402712 -2.00414 -0.544425 0.699632 -0.268659 -0.297725 -0.777062 0.325321 0.115404 -0.0668045 0 0 0.611558 -0.707025  
  -0.0022472 0 0 0.00678351 0.0502162 0 0.687589 0.536293 2.20159 2.15696 2.57797 0.155782 -0.865211 0.992958 0.864494 1.67988 -0.243351 -1.57256 0.940406 -0.0552854 0.0458113 0 0 0.709418 -0.467321  
  -0.0022472 0 0 0.00772348 -0.0774134 0 0.549429 1.76436 0.267003 -0.744387 2.89861 -0.753829 1.88444 -0.785918 0.61526 -0.102482 1.51944 1.59474 0.173426 0.0782473 -0.0683987 0 0 -0.0465841 -0.761051  
  -0.00224721 0 0 0.00782239 0.0173979 0 -0.45905 1.20357 0.104568 2.72973 0.690338 0.722881 1.69325 -0.384068 0.103443 1.6147 1.24238 0.869063 -0.789586 -0.00420277 0.0878761 0 0 -0.64345 -0.675485  
  -0.00224721 0 0 0.00665104 0.163315 0 1.55643 0.3333 -1.26705 -1.86437 -0.0310659 -0.973066 -0.127444 -2.19217 0.315707 0.222583 0.465841 2.11554 1.76579 0.178938 0.0872562 0 0 -0.60935 -0.643076  
  -0.00224721 0 0 0.00549705 -0.0653654 0 0.205168 1.57532 2.23597 2.89281 1.47182 0.117591 -0.299 1.10147 -1.06227 -0.0521203 -0.490188 1.64346 1.49662 -0.0530869 0.0360191 0 0 -0.552952 -0.712276  
  -0.00224721 0 0 0.00445121 0.135333 0 0.773299 1.36336 -0.387042 -2.50833 3.00813 -0.0296515 -1.10575 -2.57472 1.77961 0.487697 0.00248414 1.84763 1.35073 0.0926144 0.230544 0 0 -0.805877 0.843576  
  -0.00224721 0 0 0.00308942 -0.0410046 0 0.898635 0.824987 -0.22217 1.9379 0.629 0.0138962 -1.72388 -0.0500516 -1.22754 0.0386553 -0.32105 -0.186987 -0.22933 -0.0867476 -0.0133692 0 0 1.04183 -0.999925  
  -0.00224721 0 0 0.00144337 -0.0105647 0 0.315911 1.48857 1.76133 -6.46111 3.67357 -1.10404 -1.70302 -1.88711 0.0377863 -1.50455 -1.44494 1.65654 -0.378948 -0.46701 -0.514239 0 0 -0.854165 -0.51679  
  -0.00224721 0 0 -3.65044e-05 -0.0595057 0 0.640061 1.1708 2.17108 1.65679 0.0531504 -0.163099 0.248502 0.106746 0.439153 0.072195 0.069092 -1.69969 0.253945 -0.116966 -0.313689 0 0 -1.00213 -0.780725  
  -0.00224721 0 0 -0.000866298 0.173764 0 1.37007 1.32485 -0.979981 -0.495168 0.81743 -0.328753 1.95777 -0.770855 -0.247071 0.150599 1.44003 1.31027 0.579524 0.0205253 0.537861 0 0 4.06986 7.15793  
  -0.00224721 0 0 -0.00156401 -0.0245649 0 0.685877 0.555521 -0.367857 -0.718704 -1.44148 -0.678735 -0.742431 0.369768 -0.441663 0.202671 0.768202 0.636351 2.16732 -0.349653 0.140638 0 0 -1.25508 -1.17806  
  -0.00224721 0 0 -0.00245429 -0.0557605 0 0.544362 1.39643 2.28298 -0.135205 2.59489 -0.277802 1.89087 -1.39411 0.166793 -0.409853 1.53283 -0.342786 0.382031 0.077952 -0.0481264 0 0 -0.943585 -0.715327  
  -0.00224721 0 0 -0.00329615 0.0793495 0 0.391626 1.41328 4.03813 -0.278415 2.26008 1.1337 -0.689664 -1.3209 0.274628 1.81393 0.327363 1.70141 1.44495 -0.41489 0.312337 0 0 -1.07809 0.832835  
  -0.00224721 0 0 -0.00415111 0.195516 0 0.636161 0.693899 -1.42709 -0.590263 1.99001 1.95297 0.300297 -0.212266 0.936734 -1.5278 -1.49802 1.50169 -0.580677 0.484164 -0.17092 0 0 -0.882772 -0.818641  
  -0.00224721 0 0 -0.00500741 -0.0202963 0 1.21356 0.439461 2.13842 -0.0307794 -0.191985 -1.00749 0.543646 -0.643437 1.95441 0.474512 0.14323 1.87282 0.324187 -0.0361672 0.0882694 0 0 -1.02741 -0.675672  
  -0.00224721 0 0 -0.00604119 0.0969042 0 1.33928 1.16803 -2.51061 -2.83479 -3.68822 -0.662791 -1.01603 -2.89154 -1.86659 -0.0705322 0.15913 2.3123 1.42352 -0.268619 -0.220786 0 0 -0.999829 -0.68173  
  -0.00224721 0 0 -0.00665809 -0.0799702 0 0.951436 0.792718 1.25755 -3.70304 1.94615 -0.0477436 -0.969162 -3.21181 2.30191 0.238512 -0.382602 2.60906 1.38886 0.0799342 -0.163193 0 0 2.52118 1.51388  
  -0.00224721 0 0 -0.00784249 -0.0440707 0 1.38941 0.286754 1.38126 0.104691 0.703712 -0.230954 -0.189973 -0.398097 -0.116596 0.36837 -0.530745 0.996257 0.366804 -0.00538221 -0.0594694 0 0 -0.773119 0.649584  
  -0.00224721 0 0 -0.00918586 0.133909 0 0.731061 1.09434 -1.78443 -2.15432 1.8179 0.830997 -0.280093 -0.0655464 1.35171 -1.60053 -1.68979 -0.0798435 0.420705 -0.147779 0.00730019 0 0 -1.64105 -0.882041  
  -0.00224721 0 0 -0.00893386 -0.250396 0 -0.0932928 0.83452 1.82032 0.22844 -5.88315 -0.0012463 -0.498563 -2.29978 -0.0170739 1.42337 -0.316318 1.4117 -0.474994 0.550504 0.0343534 0 0 -0.906862 1.202  
  -0.00224721 0 0 -0.0168373 -0.00585435 0 0.825285 0.730674 -0.745981 -1.03608 3.20256 1.06395 2.78391 -1.19825 0.682513 0.0784271 1.4571 2.05279 -0.15642 -0.0775339 -0.0400592 0 0 -1.00902 0.308796  
  -0.00224721 0 0 -0.0153456 -0.039216 0 0.622766 1.21992 0.881571 -2.77171 -0.0860835 0.557838 -0.917961 -1.09574 -0.385122 -1.4156 0.0243443 1.7016 0.200831 -0.846161 -0.0265581 0 0 -1.06053 0.800024  
  -0.00224721 0 0 -0.0137266 -0.00677706 0 0.545242 0.623435 -0.155312 -0.0726394 -2.21461 0.136273 -1.98055 -0.991361 -0.335358 0.307241 1.16989 -1.00413 1.60047 0.0245558 0.104354 0 0 -0.997694 0.610149  
  -0.00224721 0 0 -0.0117065 0.0556079 0 0.584361 1.0428 2.06347 -0.469916 1.06927 0.525659 -0.348992 1.08553 0.0528562 -2.26142 -0.472699 -0.00117898 -0.360497 0.168172 0.0130659 0 0 -0.99532 0.758218  
  -0.00224721 0 0 -0.00973899 0.149743 0 0.608292 0.677077 -1.99179 0.761444 0.841765 -2.81709 -1.29655 -0.109659 0.191748 -1.49931 0.0930514 -0.422837 1.50913 -0.170154 0.118908 0 0 -1.00231 0.639689  
  -0.00224721 0 0 -0.0132825 0.0354483 0 0.108657 1.44008 -0.256644 -1.29254 0.343644 -2.11936 -0.983221 -0.278763 -1.90917 0.193581 -0.229549 1.63644 -0.263799 0.170108 -0.00868922 0 0 -0.979301 0.761438  
  -0.00224721 0 0 -0.0232333 -0.00265352 0 1.87585 1.3851 -1.27559 1.78031 3.01294 -0.0346297 -0.673594 -0.671893 0.0248728 1.44858 -0.688847 1.60223 0.465218 -0.147411 -0.0284722 0 0 -0.840812 -0.95194  
  -0.00224721 0 0 -0.0301902 0.0231447 0 -1.03071 0.641771 0.191577 1.45768 4.66877 0.235702 -0.356595 0.152543 1.5732 0.730454 -1.42997 1.69667 -0.967812 0.225414 -0.105352 0 0 -1.03259 -0.170097  
  -0.00224721 0 0 -0.0372665 0.0634484 0 1.2188 0.627011 2.0163 2.5085 -0.54615 0.558907 -1.17306 0.0315592 0.475997 0.800636 -0.370118 1.7606 1.8542 -0.199192 0.352937 0 0 -1.00003 0.217998  
  -0.00224721 0 0 -0.0457169 0.13531 0 -0.559738 0.794804 0.644145 2.89504 -0.00743406 1.41265 -0.420948 0.443762 -1.96335 1.596 -0.202135 -0.610003 1.9109 -0.00712684 0.00838882 0 0 -0.797176 -1.03197  
  -0.00224721 0 0 -0.0530971 0.0774705 0 1.26478 0.416362 -0.162701 -0.963571 1.01066 -0.878299 -0.82668 -0.790904 1.87481 0.230638 -0.659366 1.59584 1.55983 -0.940901 0.00733499 0 0 -1.01672 -0.462494  
  -0.00224721 0 0 -0.0598498 0.167314 0 0.587046 0.33753 -5.05559 -0.618926 1.21632 -1.10224 -1.005 -0.443575 0.533396 0.830157 -0.318708 1.54085 1.9565 -0.718496 -0.131798 0 0 -0.915744 -0.866806  
  -0.00224721 0 0 -0.0652711 0.224769 0 -0.529332 1.18253 -6.1181 -1.10895 2.41289 0.224953 0.976443 -1.06298 5.66356 -0.653892 0.223777 2.21857 -1.34597 -0.558996 -0.0260573 0 0 -1.08265 0.03991  
  -0.00224721 0 0 -0.0691374 -0.0435242 0 0.236467 0.954269 -2.30537 1.0487 -1.12718 1.58665 -0.758509 0.0763694 -12.3723 2.88372 1.48793 -1.32015 1.28267 0.0384277 -0.037095 0 0 -0.987655 0.653652  
  -0.00224721 0 0 -0.0733863 0.222147 0 0.844569 0.675028 -2.41927 -3.17902 0.571237 1.29489 -0.840872 -0.777389 -1.41161 -2.33434 -0.0162547 0.34461 -1.8002 -0.0479006 0.217891 0 0 -1.03304 0.708982  
  -0.00224721 0 0 -0.0772286 -0.108045 0 1.97496 0.283578 2.45395 -1.458 1.86629 -1.40948 -0.604406 5.35821 1.74431 -2.21509 -1.37153 -0.820049 1.27524 0.155716 0.0268368 0 0 -0.989866 0.613223  
  -0.00224721 0 0 -0.0815487 0.235739 0 0.731455 1.39258 -2.74553 -0.398513 0.841737 -3.36921 -0.430653 -1.46078 -0.638248 0.208194 -0.288151 1.88086 1.48962 0.0999923 0.128398 0 0 -1.27303 -0.933678  
  -0.00224721 0 0 -0.0845154 -0.059577 0 0.7736 1.13278 -0.280254 1.16435 0.140935 -0.905512 -1.40703 0.693606 -1.87932 -0.514259 -0.149599 1.98262 1.34602 -0.936617 0.067055 0 0 -2.19602 -1.11381  
  -0.00224721 0 0 -0.0887842 -0.122885 0 1.48397 0.759082 1.79504 -0.038577 0.447659 0.702168 2.40573 -0.0439267 1.97221 1.85672 0.146298 -1.34377 -0.368312 -0.0304926 0.1147 0 0 -0.847036 -0.692906  
  -0.00224721 0 0 -0.0923484 0.0904105 0 0.459594 1.16516 -1.62216 1.69974 1.37755 -2.76071 -1.30936 -5.52442 2.23039 0.625432 0.0470882 1.48139 1.4625 0.194266 0.21332 0 0 -1.02244 -0.692741  
  -0.00224721 0 0 -0.096651 0.04697 0 -0.0221842 0.749094 -3.46451 -0.599133 1.11265 1.27098 -1.01523 -1.05656 -2.30664 1.85506 -0.507016 0.714289 1.71314 -0.365127 -0.217922 0 0 -0.999452 -0.706538  
  -0.00224721 0 0 -0.100067 -0.102442 0 0.30755 1.39966 1.55399 1.73503 2.28177 -0.251663 2.14933 1.59612 0.120169 -0.691109 0.240459 1.01857 0.723301 0.206017 -0.022992 0 0 -1.00337 -0.615748  
  -0.00224721 0 0 -0.103079 0.0930049 0 0.364743 0.584472 0.120607 -0.477232 0.0658589 -0.762126 0.99841 -2.0967 -1.62748 -1.48628 0.758107 1.50001 1.43493 0.00749729 0.0311121 0 0 -0.997429 -0.737648  
  -0.00224721 0 0 -0.107323 -0.087644 0 0.330571 0.806641 2.10819 -3.92257 -0.153648 -0.562156 -1.46113 -4.13384 -0.515829 -0.723008 -0.200069 1.50437 1.79993 -0.106832 0.09164 0 0 -1.65137 -0.844905  
  -0.00224721 0 0 -0.111034 0.229398 0 0.354953 0.350622 -2.58183 2.0623 -0.694854 0.338403 0.39985 -0.0950062 -0.938153 2.14756 1.10783 -0.343199 0.477129 0.0355025 0.100039 0 0 -0.90414 -0.76481  
  -0.00224721 0 0 -0.114219 -0.132089 0 0.567735 1.09331 2.10682 -2.03616 0.819587 -0.050022 1.27624 -2.42266 0.584889 -0.236687 1.75463 2.63712 0.158835 -0.248673 -0.0119 0 0 -1.17737 -0.719596  
  -0.00224721 0 0 -0.116642 0.216033 0 1.00466 1.57623 -1.54347 -0.298163 2.06224 0.300949 0.700879 -0.0831414 -0.845486 1.7857 -0.137184 0.537422 -0.429011 -0.052033 -0.00792121 0 0 -0.990561 -0.501538  
  -0.00224721 0 0 -0.119176 -0.103061 0 1.01095 0.428187 2.34226 3.29236 -0.890886 0.290812 2.5869 1.2459 -0.225579 1.89167 0.651236 1.79993 0.686437 -0.00247536 0.15911 0 0 -1.00426 -0.316283  
  -0.00224721 0 0 -0.12122 0.185195 0 0.870204 0.435198 -0.916627 -1.77174 0.0410345 0.954902 2.89528 -0.464591 0.0548929 -2.00313 1.67917 0.175282 -0.288472 -0.0120526 0.00769363 0 0 -1.00269 -0.362946  
  -0.00224721 0 0 -0.123779 -0.106405 0 0.706458 0.700499 -1.92016 -1.08836 3.14574 -0.187354 0.88617 -1.77606 -0.182671 -1.48813 0.00669438 1.34555 0.456124 0.0959281 -0.0721192 0 0 -0.984069 0.161714  
  -0.00224721 0 0 -0.127035 0.0138193 0 0.248387 1.19751 0.19537 0.340963 -0.689027 -3.0849 -0.980989 -0.0921224 -0.344938 -0.106665 0.0343638 1.05953 1.58575 0.130355 -0.186665 0 0 -1.00345 0.657501  
  -0.00224721 0 0 -0.129376 0.144854 0 1.53292 0.324659 -2.25943 -1.57573 0.210138 1.39123 -1.16917 -0.767254 -0.0398015 0.125486 0.2235 2.59774 1.69058 -0.212017 -0.0281337 0 0 -1.00192 0.611492  
  -0.00224721 0 0 -0.133093 -0.0184089 0 -0.0395066 0.639634 0.234069 2.99599 -0.079842 0.782324 0.858846 0.806633 0.37734 1.56284 1.77595 -1.24341 -0.000929159 0.0279836 -0.0125111 0 0 -1.00331 0.714044  
  -0.00224721 0 0 -0.135452 -0.0775989 0 0.314625 1.44276 2.34001 2.13424 1.16947 0.653457 -0.240392 1.19701 -0.272256 1.85245 -0.125663 1.48633 1.32959 -0.0498451 0.0514806 0 0 -0.30669 -0.0690831  
  -0.00224721 0 0 -0.1388 0.0373091 0 1.55336 1.59028 -2.38903 -0.481178 0.107206 -0.287411 0.661974 -0.115043 -0.0837776 0.0767645 0.326971 -0.194662 -0.0488527 0.194757 0.0581202 0 0 -0.960244 -0.754758  
  -0.00224721 0 0 -0.144102 0.00912134 0 0.770018 1.02433 -5.32083 -0.232009 1.9769 -3.06205 1.19455 0.137905 0.0213096 -1.52581 0.376046 -0.907543 1.35164 0.143824 -0.129521 0 0 -1.18409 -0.702357  
  -0.00224721 0 0 -0.151458 -0.00954139 0 -0.410613 0.76442 -0.594283 -1.90409 3.05478 0.204082 -1.0459 -5.31122 1.60542 -1.45042 -0.545222 1.11772 1.31132 0.220356 -0.168001 0 0 -0.79473 -0.582377  
  -0.00224721 0 0 -0.158208 -0.0910584 0 1.82852 0.470298 2.31781 0.00879079 0.380536 -1.42551 -0.643123 -0.751595 1.25994 -1.80805 -0.0222478 0.304374 -0.0265594 0.197077 -0.0410469 0 0 -1.23055 -0.733491  
  -0.00224721 0 0 -0.165333 0.036231 0 -0.523869 0.984608 -2.28175 -2.13936 2.6775 0.284715 -1.04972 -1.12815 0.781752 1.01592 0.539445 2.41137 1.68127 -0.322882 0.270672 0 0 -2.4851 -2.71479  
  -0.00224721 0 0 -0.169979 -0.0527142 0 1.16723 1.52703 -0.461364 -3.54987 0.284703 -1.08695 -1.50313 -3.01447 -1.87866 -0.177911 -0.993037 2.63904 0.0282813 -0.465895 -0.0410576 0 0 -0.905286 0.241607  
  -0.00224721 0 0 -0.175605 0.218582 0 1.06519 0.625946 -2.01825 1.23543 -0.469213 1.14953 0.257849 0.056704 -0.377382 2.37423 1.25807 0.655315 1.44968 0.0526822 0.214504 0 0 -1.00944 0.617732  
  -0.00224721 0 0 -0.180612 -0.0187314 0 0.13493 1.05185 -3.11737 2.55204 1.93486 -0.740748 -0.510751 1.41207 -0.104943 -0.578467 0.0832311 2.69408 -0.208636 -0.30675 0.157442 0 0 -0.989501 0.773889  
  -0.00224721 0 0 -0.185874 0.00743324 0 0.179154 0.641504 -0.220701 0.172782 3.53633 -1.95906 -1.52232 -0.648522 1.19285 -2.12516 -0.545658 0.718059 0.997086 0.0427861 0.17528 0 0 -1.03446 0.317326  
  -0.00224721 0 0 -0.191617 -0.0178317 0 0.450638 0.888688 2.3063 0.551331 1.53073 -0.136972 -1.8427 0.645442 -0.626891 0.415688 -1.66895 1.3357 0.18468 -0.0477372 0.039288 0 0 -1.01605 -0.7902  
  -0.00224721 0 0 -0.196087 0.0953988 0 -0.041709 1.42124 4.11376 1.01226 3.2791 0.230569 -0.0491926 1.10385 1.58692 -0.130083 -0.611892 2.81261 -0.0638674 -0.385802 -0.192781 0 0 -1.45921 -1.00977  
  -0.00224721 0 0 -0.199699 0.124326 0 1.75367 0.751745 3.36117 -2.66664 2.37417 -0.201981 0.684779 -1.56684 0.0945712 0.402171 -0.184932 1.7557 0.474573 -0.203459 0.310422 0 0 0.885753 -1.4717  
  -0.00224721 0 0 -0.203254 -0.0764365 0 0.965845 0.60908 1.73114 -2.10865 2.9437 0.970469 -1.08879 -1.35045 0.38708 -0.128937 -1.42148 2.76983 -0.577176 0.259683 0.239064 0 0 -1.03868 -0.115267  
  -0.00224721 0 0 -0.206692 0.157659 0 -0.651087 1.2508 -0.587383 -1.49581 0.790836 0.783693 -1.51997 -1.70622 -0.647624 0.629951 -0.670083 2.39109 0.266481 -0.295128 -0.0215051 0 0 -1.00489 0.250139  
  -0.00224721 0 0 -0.210159 -0.140318 0 1.76077 1.27159 2.39249 0.965649 0.0527747 0.82283 0.064237 0.472991 -0.359775 2.27749 -0.374023 0.579571 0.945233 -0.0475545 -0.00238094 0 0 -1.09986 -0.814914  
  -0.00224721 0 0 -0.213007 0.121214 0 0.236869 0.658963 3.24972 -1.14468 1.04131 -1.07624 1.15611 -0.235958 -0.127361 -0.409885 0.546625 -0.169774 0.238454 0.0345192 -0.375456 0 0 -1.16066 -0.738501  
  -0.00224721 0 0 -0.214956 0.154356 0 0.659475 0.628781 0.9523 -0.965491 -1.31044 -1.89538 -0.130703 -0.360114 -1.29813 -0.237217 -0.0941443 0.0642498 0.625129 -0.0287713 -0.0290761 0 0 -1.01049 -0.974426  
  -0.00224721 0 0 -0.21534 0.0621736 0 0.452642 0.861827 0.813337 1.45018 -0.98499 1.38958 0.186917 0.913728 -0.0478461 2.49991 0.148169 0.770006 1.74418 -0.0182129 0.222902 0 0 -1.00396 -0.490646  
  -0.00224721 0 0 -0.215606 -0.0823719 0 1.74237 1.35548 2.41989 -1.18487 1.48658 -0.612312 1.40177 -0.188214 0.0914039 -0.269511 1.41149 -0.324376 0.0670048 -0.0423532 0.108361 0 0 -0.998928 -0.35395  
  -0.00224721 0 0 -0.215856 0.00938479 0 -0.400882 1.4889 5.00845 -0.450266 0.0525059 0.328168 -1.21394 -0.364388 -1.14673 -0.0910097 -0.360892 1.75058 -0.635503 0.0946614 -0.00705402 0 0 -1.00231 -0.381385  
  -0.00224721 0 0 -0.216138 -0.0421503 0 1.2966 0.764868 -0.189651 -3.17696 1.53004 0.233615 -2.41069 -2.57767 -0.290009 0.0729792 -1.65545 1.26037 0.681584 0.119786 -0.0209073 0 0 -1.00163 -0.428081  
  -0.00224721 0 0 -0.215724 0.0670413 0 1.0558 1.28964 -0.261835 1.27826 3.50748 -0.078298 0.0963067 -0.00041659 1.11739 2.09576 -0.524782 0.0954901 -0.0669032 0.220272 0.020303 0 0 -1.36336 -0.596002  
  -0.00224721 0 0 -0.214412 0.0749767 0 0.181919 0.751452 -1.45706 -1.19659 1.42196 0.831782 0.681345 -0.867971 -0.257118 0.453954 0.290637 2.73319 0.456293 -0.240124 -0.0230485 0 0 0.360248 0.776765  
  -0.00224721 0 0 -0.211908 0.0451247 0 0.952476 0.750657 -2.33279 -1.89791 1.14825 0.574325 -0.849214 -2.24963 1.86131 1.43151 0.418842 1.24899 1.42515 -0.253233 0.320431 0 0 -1.07169 0.733393  
  -0.00224721 0 0 -0.209579 -0.0829528 0 0.908902 1.08183 2.45325 0.543721 -1.44648 0.0623177 -1.54538 1.31301 -1.88626 -0.030413 1.42379 1.73229 0.257928 0.0501428 -0.0342679 0 0 -1.12336 0.81621  
  -0.00224721 0 0 -0.207433 0.182879 0 -0.358868 1.34178 -0.951937 -0.734225 0.731501 1.42132 1.20802 -1.78911 8.79849 1.68527 -0.0971881 2.11893 -0.458245 -0.205293 0.130499 0 0 -0.991926 0.415957  
  -0.00224721 0 0 -0.205598 0.155986 0 0.966615 0.622261 -1.19523 -0.52294 1.9609 -1.28024 -0.866658 0.417683 0.290097 -1.56432 -0.340298 -1.42291 0.740282 0.186417 -0.0197743 0 0 -1.00317 0.18355  
  -0.00224721 0 0 -0.203847 -0.0851627 0 1.06827 1.29743 -0.782821 -0.660858 1.01967 0.266022 -1.14776 -0.617672 0.878435 -1.10762 -0.780944 2.15372 0.688958 -0.782572 0.0962275 0 0 -1.00232 0.180945  
  -0.00224721 0 0 -0.202013 0.11051 0 0.529839 0.584832 0.17446 -1.87127 2.13063 1.2441 -1.04628 -1.61729 1.88307 0.462038 -1.10222 1.36116 1.20177 0.0634025 0.127938 0 0 -1.0014 0.162801  
  -0.00224721 0 0 -0.200371 0.164111 0 1.42502 0.624747 -0.196267 -0.111328 3.05454 0.720028 1.43515 -1.0067 0.407521 1.65421 0.484215 0.289584 -0.90182 -0.0208998 0.0649978 0 0 -1.01287 0.631147  
  -0.00224721 0 0 -0.198161 0.120638 0 0.936257 0.480065 -1.46463 -1.18737 0.33345 0.627384 -1.06647 -1.43658 1.54233 -0.266685 0.342366 2.01633 1.53669 0.371042 -0.2408 0 0 2.395 1.30866  
