 -0.0044033 0.01311 0.216
  0.004126 0.02892 0.054
  0.0036934 0.021055 -0.108
  -0.002049 0.003118 0.216
  0.104726 -0.842647 0
  -0.093756 0.00968 0
  0.056955 0.50042 0
  0.504586 0.475182 0
  -0.0211826 -0.018184 -0.108
  -0.005067 -0.013207 0.108
  0.024516 -0.015973 0.054
  0.024174 0.01375 0.054
  -0.208695 -0.253221 0.162
  0.030452 -0.02678 0.162
  0.001374 -0.00229 -0.324
  0.11718 -0.470082 0.162
  -0.113838 -0.12117 0.216
  0.279608 -0.381198 -0.216
  0.103292 0.157885 0
  0.106437 0.006337 0.378
  0.0738934 -0.010568 0.27
  0.048692 -0.01068 -0.108
  -0.407138 -0.193953 0.054
  -0.101814 0.063644 0.27
  -0.783999 -1.31984 0.27
  0.446388 -0.247874 0.27
  0.0863354 0.018959 0.054
  -0.0249952 -0.00388 0.108
  -0.201855 0.074655 -0.108
  0.840916 -0.444569 0
  -0.000743 0.00924 0.054
  0.030285 -0.01781 -0.216
  -0.124977 -0.205423 0.162
  0.1601 0.658197 -0.216
  -0.017045 0.054997 0
  -0.237666 -0.00963 0.054
  0.0094868 -0.00353 -0.108
  0.260219 0.369603 0
  0.123798 -0.730217 0.162
  0.233961 -0.193517 0
  -1.01423 -0.515398 0.054
  -0.096022 -0.02683 0.054
  0.045313 -0.044468 0.27
  0.416452 0.497503 0.054
  -0.315751 0.640766 0.054
  0.0795913 -0.07947 0.054
  -0.531262 -0.657582 0
  -0.0330316 -0.864094 0
  0.948024 0.348831 0.054
  0.0843403 -0.087127 0.162
  -0.06163 -0.180408 0.162
  0.0796704 -0.033434 0.162
  -0.000585 0.259618 0
  0.198095 -0.072002 0
  0.508699 -0.198941 0.054
  0.0251506 -0.0492 0.27
  -0.109417 -0.012196 0.054
  0.602718 -0.725867 0
  0.04474 -0.051449 0.054
  0.029377 -0.008193 0.054
  0.020342 0.01751 0.054
  -0.216662 0.250582 0.054
  -0.330832 -0.262379 0.054
  -0.240802 0.0605947 0.162
  0.220397 -0.141307 0
  1.12632 0.428038 0
  0.441269 -0.44018 0
  0.723728 0.722407 0.162
  0.047034 0.04736 0.27
  -0.0339815 -0.042759 -0.108
  0.018785 0.006935 -0.108
  -0.063833 -0.078297 0.162
  0.422876 0.5542 0.162
  0.085556 -0.003899 0.054
  0.12413 0.060776 0.108
  0.502334 -0.342504 0.054
  -0.106609 0.076998 0.054
  -0.017416 0.007765 -0.108
  0.093869 0.028904 0.27
  0.109415 0.254188 0.054
  0.262904 0.231321 0.162
  -0.777966 -0.546462 0.108
  0.030125 0.090557 0.054
  -0.014092 0.013469 0.054
  0.069397 -0.045664 0.27
  0.619652 0.577302 0
  0.351579 0.279606 0.054
  0.185474 0.368512 0.108
  0.0699298 -0.097122 0.054
  -0.002163 0.006434 0.108
  0.044156 0.052466 0.162
  -0.131673 -0.156959 0.054
  0.220675 0.198046 0.054
  -0.348737 0.211632 0.054
  0.930341 -0.48656 0.054
  -0.635904 -0.143202 0
  0.009436 -0.024427 -0.108
  -0.639584 -0.568941 0.054
  -0.0272616 0.001678 -0.216
  -0.0261667 0.049618 0.054
  -0.098694 -0.02757 0.054
  -0.05699 0.056857 0.162
  -0.029401 0.030596 0.054
  -0.078783 0.02425 0.162
  0.941185 0.114285 0
  -0.0339155 -0.078563 0.162
  0.139266 0.350082 0.162
  -0.022094 -0.019092 -0.108
  -0.33104 -0.819544 0.108
  -0.091409 -0.02268 0.054
  0.316978 0.371643 0.108
  -0.757825 -0.593374 -0.108
  0.419087 0.11787 -0.324
  -0.005469 0.02541 0.108
  0.201428 0.692466 0.378
  -0.37829 0.994577 0.054
  0.405578 -0.453881 0.054
  0.413869 0.221743 0.054
  0.102105 -0.022131 0.27
  0.002879 -0.014586 0.162
  -0.346233 -0.328095 0
  -0.51261 -0.071337 0.054
  0.0595507 0.048676 0.162
  -0.058562 -0.10876 0.054
  0.03277 -0.08271 0.162
  0.180182 -1.49063 0.054
  -0.209554 0.38628 0.108
  -0.98137 0.861231 0
  -0.039704 0.232021 0.054
  -0.367511 -0.614159 -0.108
  0.004968 0.021198 0.216
  0.633854 -0.443135 0.162
  0.0684599 -0.019247 0.162
  0.040595 0.061036 0.108
  -0.05718 -0.097349 0.378
  -0.355309 -0.285637 0
  -0.153407 1.00975 0.378
  -0.667761 0.601104 -0.108
  -0.227875 0.541771 -0.108
  0.647822 -0.22824 0
  0.007785 0.154183 0.108
  -0.175429 0.241431 0
  0.152642 -1.21678 0
  0.015256 -0.02117 0.216
  -0.388516 0.104304 0.054
  -0.766563 -0.470373 0.162
  -1.05206 0.301606 0.054
  0.692 0.461237 -0.108
  0.02333 0.008272 0.216
  0.704647 0.623976 -0.216
  -0.745907 -0.277707 0.054
  0.056971 0.180788 0
  0.0360245 -0.319329 0
  0.418752 0.411803 0.054
  -0.23233 -0.11228 0.054
  -0.866575 -0.045985 0
  -0.369145 0.070601 0.054
  0.0783815 0.067086 0.27
  -0.0077143 0.006101 -0.108
  -0.010655 0.053729 0.162
  0.073274 -0.05271 0.054
  -0.075033 -0.048696 0.054
  -0.0439013 0.050421 0.162
  -0.06692 0.025581 0
  -0.234242 -0.535106 -0.108
  0.0389336 0.099772 0.054
  -0.046854 -0.53243 0.108
  0.455609 -0.19678 0.054
  -0.817119 -0.106039 0
  -0.753912 0.439481 0
  0.033499 -0.022499 -0.108
  -0.629172 -0.400003 0.162
  0.145632 0.172935 -0.108
  0.779715 -0.182907 0.162
  0.069927 -0.063339 0.162
  0.106652 -0.05899 0.162
  0.12763 0.292786 0.108
  -0.348448 -0.692514 0
  -0.09145 -0.044923 0.378
  -1.31413 -0.088498 0.162
  -0.270345 0.206497 0.054
  0.050819 -0.007708 0.054
  0.004343 -0.000698 0.054
  -0.517559 -0.13461 -0.108
  -0.316279 0.037144 0
  -0.012997 0.05199 0.27
  -1.13277 -0.004915 0
  0.021972 -0.05697 0.054
  -0.01779 0.06428 0.054
  -0.572186 0.104935 0
  0.284141 -0.374765 0.054
  0.040457 -0.0111 0.054
  1.39149 -0.351266 0.27
  0.392219 -0.286605 -0.108
  -0.007205 -0.023069 0.108
  -0.170106 -0.009645 -0.108
  -0.146991 0.179967 0.216
  0.168657 0.569762 0.054
  0.281675 0.018848 0
  0.0668652 0.354036 0.108
  -0.225949 0.882073 0.108
  -1.76486 -0.101102 0.054
  0.105688 0.088057 0.054
  0.861078 0.603532 0.27
  -0.400218 0.178347 0
  -0.068425 0.004252 0.054
  0.473223 -0.586068 0.162
  -0.064506 0.06599 0.054
  -0.420739 -0.150788 0
  -0.122826 -0.14833 0.162
  -1.17359 0.22977 0.162
  0.12946 -0.495605 0.054
  0.0295 0.097637 0.27
  0.112785 0.545825 0.27
  0.866111 -0.793895 0
  -0.438889 0.127475 0.216
  0.088211 0.085514 0.054
  0.017579 0.095524 0.054
  0.126242 -0.161204 0.216
  0.003284 -0.001149 -0.108
  0.0743622 0.06194 0
  0.074828 0.331716 0.054
  -0.501854 -0.07372 0.162
  0.211431 -0.178593 0.054
  -0.004972 -0.0213 0.108
  0.229372 0.277691 0
  -0.281468 0.207476 0
  -0.013091 0.024292 -0.108
  0.095237 -0.233647 0.054
  -0.0272742 -0.01872 -0.216
  -0.810997 -0.468391 0.054
  -0.054706 -0.10497 0.054
  -0.60429 -0.09517 0
  0.44689 -0.457278 0
  1.58604 0.459072 0.162
  -1.04582 0.15097 0.054
  0.211096 1.0136 0.054
  0.272792 -0.107357 0
  -0.0613972 0.074545 0.162
  -0.192069 0.060721 -0.108
  -0.0201012 -0.020657 0.108
  0.00511271 -0.012301 0.108
  -0.0102208 -0.020133 0.162
  1.0169 -0.37705 0
  0.030847 0.074255 0.27
  -0.012139 0.107652 0.054
  0.103218 0.049736 0.054
  -0.0732422 0.075847 0.27
  0.041943 0.297912 0
  0.016873 0.043368 -0.108
  -0.0863749 0.895982 0.162
  -0.592077 -0.255298 -0.108
  -0.037828 -0.933314 -0.108
  0.104916 0.0065687 0.054
  -0.334518 0.70869 0.054
  -0.388867 -0.13128 0
  0.759051 -0.546137 0.054
  0.965728 0.555135 0.054
  0.042504 -0.409479 0
  -0.106644 0.018232 0
  0.960045 -0.917697 0.054
  -0.022571 -0.0258 0.054
  -0.251783 0.17621 0
  0.388028 -0.804197 0.054
  0.127523 -0.505456 0.162
  -0.0782704 -0.175013 0.216
  -0.020535 0.038271 0.162
  -0.136266 0.362928 0.054
  -0.238153 -0.22929 0
  -0.628582 -0.983369 0.054
  0.033092 -0.01585 -0.216
  1.06122 -0.041962 -0.108
  0.298457 -0.193923 0.162
  0.021292 -0.002198 -0.108
  0.037629 0.07112 0.054
  0.015563 -0.080292 0.054
  -0.599729 -0.686273 0.054
  -0.103748 -0.241895 0.108
  0.0509764 0.093119 0.378
  -0.24749 0.362726 -0.108
  0.404144 0.100065 0
  -0.315375 0.52679 0.054
  -0.0732769 -0.035032 0.054
  -0.008083 0.011429 -0.108
  -0.0884786 -0.074547 0.054
  0.004043 0.022859 0.054
  0.132529 -0.384274 0.054
  0.239905 0.060708 0
  0.00187 -0.01659 0.108
  -0.365229 0.304786 -0.216
  -0.465067 -0.181499 0
  0.068311 -0.323846 0.054
  0.0266587 -0.061028 0.054
  -0.0631 0.070131 0.162
  0.121324 -0.237189 0.27
  0.001278 -0.011028 0.054
  0.0017944 0.01721 -0.108
  0.297299 0.349369 0.162
  0.578152 0.35248 0.162
  -0.098381 0.062547 0.054
  -0.0697302 0.052704 0.162
  0.063058 0.07161 0.054
  -0.11287 0.335193 0.162
  -0.648026 -0.127002 0.108
  -0.719847 -0.122213 0.054
  -0.259638 -0.163939 0
  0.0592472 -0.041123 0.378
  -0.212089 0.18979 0
  -0.609093 -0.589203 0.162
  -0.040311 0.09544 0.054
  0.208225 0.411849 0.108
  0.258571 -0.012187 0
  0.03282 0.328221 0.054
  0.0215575 0.378473 0
  -0.057174 -0.005778 0.054
  -0.319481 0.345206 0
  -0.113457 -0.068983 0
  0.093729 -0.092894 0.054
  -0.0779545 0.032639 0.162
  -0.016705 -0.042492 0.054
  -0.251374 -0.017169 0.378
  -0.204542 0.968701 0.054
  -0.008651 -0.009493 0.108
  0.000886 0.010279 0.324
  -0.194228 -0.357256 0
  0.266628 -0.280027 -0.216
  -0.108013 -0.050048 0.054
  -0.585469 0.13283 0
  5.4e-05 0.082407 0.162
  0.096655 0.019665 0.162
  0.435174 -0.81906 0.162
  0.0960352 -0.061099 0.108
  1.00938 -0.421593 0.054
  -0.262458 -0.349094 0.054
  0.0086857 -0.896768 0.054
  -0.116925 -0.331163 0.162
  -0.201974 0.077108 -0.108
  0.479873 0.352886 -0.108
  0.343268 -0.967649 0
  -0.584036 -0.221011 0
  0.025156 0.09241 0.162
  0.107382 -0.095785 0.27
  0.25334 0.839904 0.054
  0.009478 0.046794 0.054
  0.310796 0.291482 0.27
  -0.008347 -0.047204 0.162
  0.299759 -0.02805 0
  -0.160812 0.348208 0
  -0.59141 -0.903687 0.054
  -0.26881 0.150738 0
  0.037373 -0.46263 0
  0.088779 0.351301 0.054
  0.372917 -0.442921 0.108
  0.417153 -0.180053 0
  0.016032 0.006565 0.27
  -0.656597 0.05973 0.054
  0.01309 -0.012116 0.108
  -0.727312 -0.608806 0
  0.065481 -0.024344 0.054
  0.06809 0.0612 0.324
  0.187039 0.206334 0
  0.451825 0.236727 0.054
  -0.011049 0.00365 0.108
  0.01471 0.017132 0.108
  0.664772 0.43406 0
  -0.833838 -0.23605 0.27
  -0.01103 -0.022247 0.054
  -1.21359 -0.432822 0.054
  -0.131738 0.588978 0.108
  -0.013858 0.026213 0.432
  0.0414537 0.027996 0.162
  -0.161599 0.123123 0
  -0.0394467 -0.070633 0.054
  0.572152 -0.809631 0
  -0.499808 -0.198936 0
  0.015903 0.010565 -0.108
  0.733198 -0.845139 0.054
  0.103301 0.049694 0.162
  -0.125428 -0.736078 0
  0.079486 -0.05072 0.054
  0.0469531 -0.006896 -0.216
  -0.233873 -0.31069 0.162
  0.309259 1.46669 0.162
  -0.030817 -0.016581 0.054
  0.068365 -0.050909 0.162
  0.0156907 0.012081 0.108
  0.0957007 0.007556 0.054
  0.0194753 -0.04461 0.054
  0.0109683 -0.087622 0.162
  -0.586555 0.30101 0
  -0.0733097 -0.097554 0.054
  -0.463116 -0.134761 0
  0.677152 0.01786 0
  -0.055871 -0.04984 0.054
  0.145283 -0.26522 -0.108
  -0.118756 -0.275228 0.054
  0.339322 -0.251028 0.054
  -0.040906 -0.106898 0.162
  -0.303934 0.254731 0.054
  -0.055098 0.02753 0.216
  -0.084682 0.680749 0
  0.067358 0.235819 0.162
  -0.0654461 -0.08507 0.054
  0.245781 -0.175952 0.162
  -0.0243633 -0.004328 -0.432
  0.606129 -0.273567 -0.108
  0.003152 -0.01313 -0.108
  -0.228686 0.171224 0.054
  -0.055364 0.098994 0.054
  -0.0468088 -0.028454 0.162
  -0.100359 -0.05575 0.054
  0.016005 0.019874 -0.108
  0.105706 -0.090854 0.054
  0.520226 0.26292 0.108
  0.830558 -0.216989 0
  -0.834269 0.445076 0.054
  0.212794 -0.345059 0.054
  0.426627 0.115554 0
  0.040197 -0.053001 0.432
  -0.021608 0.003859 -0.108
  -0.085729 0.76099 0
  -0.1615 0.29965 0.054
  0.759277 0.66262 0.054
  -1.01976 -0.888152 0.054
  -1.0461 0.108837 0.054
  -0.127855 -0.304013 0
  -0.0941715 -0.520048 0.162
  -0.455647 0.078389 0.054
  -0.908129 0.52914 0
  -0.670908 0.856264 0
  0.039484 -0.01946 0.054
  0.04964 0.09141 0.054
  -0.0123789 -0.03042 0.324
  0.017569 -0.001336 -0.324
  -0.007652 0.0303 -0.108
  -0.338192 0.02321 0
  -0.033666 -0.022802 0.054
  -0.246485 -0.138989 -0.108
  -0.030419 -0.081451 0.162
  -0.295293 -0.385436 0
  -0.099317 0.057961 0.27
  -0.722438 -0.15371 0.054
  -0.0871946 0.053159 0.054
  -0.082395 0.033687 0.27
  0.797873 -0.024491 0.108
  -0.017706 0.662755 0.054
  -0.029689 -0.086677 0.054
  0.585582 -0.35995 0
  0.272916 0.508456 0.054
  0.144566 -0.483045 0
  -1.06662 -0.504517 0.162
  0.016494 -0.025479 0.216
  -0.478124 0.06822 0.054
  0.799295 -1.32042 0.054
  -0.005634 -0.0039 0.216
  1.02612 -0.774498 0.054
  -0.806456 0.21461 0.108
  -0.079532 -0.012179 0.054
  -0.00188 0.026739 -0.108
  -0.327258 -0.376402 0
  -0.034641 0.034785 -0.216
  0.175032 0.488349 0.054
  0.347962 -0.848906 0.108
  -0.434488 -0.031371 0
  1.05316 -0.258096 0.27
  0.060428 -0.016324 -0.216
  -0.419226 -0.448463 0.054
  -0.569117 -0.086627 0.162
  0.021019 -0.047853 0.054
  0.004828 -0.024486 0.108
  -0.703915 0.355792 0.162
  0.019222 0.061287 0.108
  0.276262 -0.342281 0.162
  0.044721 -0.009843 0.054
  0.269915 0.607555 0
  -0.477211 -0.133593 0.054
  0.00634651 0.026159 -0.108
  -0.152806 -0.310315 0.108
  0.018223 0.028693 0.378
  0.0847922 0.028942 0.162
  -0.311818 0.32472 -0.216
  0.552043 -0.277736 0.27
  -0.0997333 -0.05231 0.054
  -0.218437 -0.663306 -0.108
  -1.05851 -0.251549 0.054
  -0.0116 0.00216 0.108
  -0.198662 0.677 0.054
  -0.037001 -0.039757 0.27
  -0.064778 0.088285 0
  -0.021075 0.096932 -0.216
  -0.974254 -0.384922 -0.108
  -0.230317 -0.160607 0
  0.045275 0.035587 0.162
  -0.809175 -0.063347 0
  0.258186 -0.243946 0.054
  -0.009815 0.079986 0.162
  0.379093 -0.541369 0.162
  0.061751 0.100793 0.054
  0.46641 -0.590129 0
  -0.709918 0.264397 0.054
  0.449374 -0.337608 0.162
  0.317479 0.448351 0
  0.085311 -0.054086 0.378
  -0.232989 0.378762 -0.108
  -0.459209 0.168422 0.054
  0.0100572 0.005719 0.054
  0.470776 -0.361578 0.054
  0.165465 -0.716616 0.378
  0.556263 -0.872291 0.054
  0.024231 -0.00689 -0.108
  -0.264696 -0.528314 0.108
  0.000835 -0.062063 0.162
  -0.439734 -0.007439 0
  0.027165 -0.025629 -0.216
  0.121521 -0.339091 0.054
  -0.032792 -0.00347 0.324
  -0.647741 0.056996 0.054
  0.086824 -0.098973 0.27
  -0.358886 0.221113 0.108
  -0.841749 -0.680556 -0.216
  -1.04488 -0.165255 0
  -0.280682 1.01957 0.162
  0.030826 -0.094405 0.054
  -0.510195 0.345078 0.054
  0.10891 -0.108755 0.27
  1.01328 0.26234 0
  0.528513 0.36253 0
  -0.329097 0.005365 0.162
  0.020059 -0.038941 0.054
  0.102194 0.07742 0.054
  0.009311 0.017131 -0.108
  0.410221 0.119815 0
  -1.6962 0.672246 -0.108
  -0.074224 -0.072155 0.054
  0.879788 -1.1922 0.054
  0.077537 0.03377 0.27
  -0.780962 0.193176 0.054
  -0.015212 -0.025138 -0.108
  0.002212 -0.007987 0.324
  0.06708 -0.105627 0.054
  0.06064 -0.016558 0
  0.015212 0.002375 -0.108
  -0.20304 0.561818 0.162
  -0.094661 -0.060982 0.054
  -0.681524 -0.42333 0.054
  -0.042408 -0.102378 0.054
  -0.107017 0.077638 0.054
  -1.25985 0.13473 0.054
  -0.070206 0.188163 0
  -0.266763 -0.11866 0.054
  -0.107689 -0.010785 0.378
  1.05495 -1.46042 0.162
  0.002925 0.004441 0.108
  0.0174861 -0.002394 -0.108
  -0.195523 0.51124 0.054
  0.035248 0.0138 0.162
  -0.016843 -0.065255 0.162
  -0.008237 0.0864 0.054
  0.0043665 0.030239 -0.216
  -1.07542 -0.213915 0.162
  0.305828 -0.458443 0
  0.067459 -0.068683 0.054
  0.524402 -0.32509 0
  -0.113353 -0.459473 0.162
  0.102728 0.106449 0.162
  0.094658 0.044548 0.054
  -0.04041 -0.01128 -0.108
  -0.27085 0.191536 0.054
  0.041084 0.038378 0.378
  0.0786916 0.05202 0.054
  -0.0153276 0.053601 0.486
  -0.067736 -0.073938 0.054
  0.01057 -0.004979 0.108
  0.007225 0.027366 -0.108
  -0.0932 0.164088 0
  0.004007 0.04833 0.162
  0.035179 -0.016859 0.108
  -0.0587372 0.018163 0.054
  -0.958489 -0.178788 0.054
  -0.027243 -0.10898 0.054
  -0.0401583 -0.060686 0.054
  0.199577 -0.720622 0.054
  0.009318 -0.023117 0.108
  -0.35111 -0.23086 0.054
  -0.951659 0.112008 0.27
  -0.013581 -0.032092 0.216
  -0.006515 0.004991 -0.216
  0.0199228 -0.008633 -0.108
  -0.0927337 0.099113 0.162
  0.270589 0.946483 0.162
  0.17917 1.20042 0
  -0.007015 0.0058 -0.108
  0.0985526 -0.651741 0
  -0.469223 0.070065 0
  0.012033 0.03487 0.216
  0.26198 0.285806 0
  -0.045509 0.044683 0.054
  -0.0631228 0.083387 0.054
  0.458823 0.243267 0.162
  0.094567 -0.015699 0.054
  0.0192029 0.408139 0
  0.796411 0.37283 0.378
  0.0550894 -0.003211 0.162
  0.258252 -0.436225 0.054
  -0.020006 -0.044067 0.378
  -0.085123 -0.044308 0.054
  -0.306097 0.2561 0.054
  -0.164327 0.342358 0.27
  0.045455 -0.025744 0.054
  0.0431099 -0.04281 0.378
  -0.022151 0.03369 0.054
  0.226847 1.1983 0.378
  -0.0070949 -0.383874 -0.108
  -0.0081059 0.101265 0.162
  -0.15991 0.141743 0.108
  0.647237 -1.07699 0.27
  -0.208387 0.690286 0
  -0.0437482 0.06112 0.054
  -0.256846 0.265626 -0.108
  -0.152061 -0.346262 0
  0.0051634 -0.01886 -0.108
  -0.0469654 -0.02498 0.054
  -0.0197404 -0.025722 -0.108
  0.118929 0.661365 0
  -0.025024 0.026423 0.108
  0.061783 -0.053179 0.054
  0.002811 -0.03488 0.162
  0.010977 0.010245 -0.108
  -0.151635 0.281792 0
  -0.011508 -0.01089 -0.108
  -0.050495 0.059117 0.054
  -0.0064457 0.003676 0.108
  -0.013069 0.093359 0.054
  0.076015 -0.071038 0.054
  -0.083175 0.334581 -0.108
  0.362075 -0.404175 0.27
  -0.621816 -0.305199 0.108
  -0.54573 -0.146272 0.054
  -0.107688 -0.060162 0.054
  -0.095183 0.088375 0.054
  0.209276 -0.022895 0.108
  -0.0191568 -0.02936 0.054
  0.032534 0.021734 0.054
  0.014508 -0.025578 -0.216
  0.067903 0.011531 0.054
  -0.0918107 0.103104 0.27
  0.0016012 -0.097998 0.27
  0.336536 0.4021 0.162
  0.033261 0.31102 0.054
  0.65231 0.543709 0.054
  0.392386 0.426975 0.054
  0.0205889 -0.027104 -0.432
  0.506947 -0.241931 0.054
  0.149378 0.470456 0.054
  -0.20492 -0.153872 0.054
  -0.002959 -0.09162 0.054
  -0.0385299 -0.832902 0.108
  0.0107042 0.00645 -0.324
  1.06988 -0.28989 0.054
  -0.496638 -0.292884 0.162
  -0.0348991 0.476265 0.108
  0.782837 1.07726 0.054
  0.146248 -0.64026 0.162
  0.05 0.01577 -0.108
  0.007051 0.03592 -0.108
  -0.109617 -0.03044 0
  -1.25165 -0.12436 0.054
  0.299049 0.236454 0.054
  0.005698 -0.00134 -0.108
  -0.547229 -0.278485 0.162
  0.02936 -0.072322 0.162
  0.453064 0.300225 0.162
  -0.244215 0.693399 0.054
  -0.470667 -0.07993 0.054
  0.135269 0.233985 -0.108
  0.0250438 0.487719 0
  -0.014832 0.104445 0
  0.603229 1.03682 0.054
  -0.337838 0.438448 0
  -0.822182 -0.08551 0.378
  -0.583381 0.09661 0.054
  -0.023701 0.108335 0
  0.00166 0.050214 0.054
  -0.535153 -0.71211 0.162
  1.07333 -0.429669 0.054
  -0.744355 -0.092101 0.054
  0.186755 0.069528 0
  0.0555019 0.227886 0.054
  0.23165 -0.323327 0.162
  0.853032 0.2801 0.054
  0.094236 0.145976 0.216
  0.02802 -0.101067 0.054
  0.327577 -0.137802 0
  -0.008858 -0.0156 -0.216
  -0.527949 -0.51596 0.054
  0.00599 0.020548 0.216
  0.006613 -0.0631442 0.054
  -0.0419506 -0.107555 0.378
  -0.093399 0.043429 0.054
  0.104153 0.379364 0
  -0.278597 -0.398495 0.054
  -0.02552 0.482598 0.054
  -0.360474 0.089568 0.054
  -0.038504 0.00481 -0.108
  -0.006031 -0.002261 0.108
  -0.20289 -0.308609 0.054
  0.088759 -0.084721 0.162
  -1.13049 -0.764664 0.054
  -0.042227 -0.019246 0.378
  0.145374 0.12812 0.216
  -0.237154 0.444918 -0.108
  0.0614878 0.0436 0.378
  -0.21901 -0.716413 0.108
  0.000372 0.681974 0.054
  -0.008006 -0.043394 -0.108
  -0.037786 -0.040878 0.054
  0.0461096 -0.002939 -0.108
  -0.486688 0.180561 0.054
  0.105979 -0.0634 0.054
  0.0269088 -0.093554 0.054
  -0.268988 0.213558 0
  -0.335532 -0.01738 0.108
  0.0201824 0.384602 0
  -0.466011 -0.337754 0.054
  0.419698 -0.581612 0.162
  0.150576 0.439554 0
  -0.178849 1.06063 0.216
  -0.368845 0.139397 0.054
  0.580611 -0.249081 0.108
  0.288025 0.208729 0
  0.005301 0.014797 -0.108
  -0.28732 -0.985772 0.108
  -0.008189 -0.01927 0.216
  0.195773 -0.146899 0.108
  -0.863506 -1.2294 0.162
  0.696326 -0.642052 0
  0.033414 -0.068469 -0.216
  -0.027129 -0.010646 -0.108
  -0.156233 -0.166025 0
  -0.810779 0.276033 0
  -0.593208 0.011381 0.054
  0.0793334 -0.108139 0.054
  -0.408154 -0.063908 0.378
  -0.196837 -0.24078 0
  -0.501284 -0.027628 0.162
  0.0451513 0.08844 0.162
  0.098059 -0.042027 0.054
  -0.884219 -0.263669 0.054
  -0.058461 -0.183545 0.108
  0.22597 0.359751 0.054
  -0.034137 0.03552 0.216
  -0.671456 0.12316 -0.216
  -0.055593 0.02461 0.054
  -0.774811 0.448899 -0.108
  0.827473 -0.656307 0.054
  0.0134574 0.300809 0.162
  0.103275 2.19201 0.162
  0.028965 -0.047721 0.324
  -0.108577 0.013373 0.162
  0.686478 0.139211 -0.108
  -0.554022 -0.1886 0.162
  0.0340291 -0.026512 0.108
  0.603464 0.541244 0.054
  -0.252253 -0.24053 0.162
  0.085824 0.264891 0.162
  0.0020366 -0.070145 0.054
  -0.08885 -0.070897 0.27
  -0.104138 -0.041101 0.162
  0.0426025 0.01688 -0.216
  0.941333 0.45785 0.054
  0.041422 0.045634 0.27
  -0.107989 0.009143 0.486
  -0.0272655 0.07951 0.054
  0.027734 0.024071 0.108
  0.07947 -0.067019 0.162
  -0.781848 -0.313549 0.162
  -0.100186 0.084725 0.162
  -0.28127 -0.282401 0
  -0.0278244 0.084285 0.162
  0.289218 -0.09953 0.216
  -0.829843 0.17514 0.054
  -0.101655 0.10619 -0.324
  -0.000697 0.003131 -0.108
  0.757371 0.265641 0.054
  0.4361 0.347756 -0.108
  -0.0628051 -0.878225 0
  0.0835557 -0.141301 0.216
  0.280214 0.618548 -0.108
  0.014565 -0.023248 -0.108
  0.639933 -0.300193 0.054
  0.349838 0.892527 0
  0.445414 -0.890316 0.054
  0.136854 0.414368 0
  0.046805 -0.012779 0.054
  -0.045798 0.108591 0.054
  -0.086516 0.067496 0.054
  -0.452226 0.0898 0
  -0.0775813 0.947505 0.054
  -0.110225 -0.4695 0
  -0.0868817 0.616353 0.054
  -0.463131 0.3363 0.054
  -0.969411 -0.691584 0.054
  0.045052 0.09272 0.054
  0.365579 0.149058 0
  -0.427737 -0.786869 0
  0.392633 0.819705 0.054
  -0.04626 -0.332405 0.054
  0.34848 -0.810648 0
  -0.129124 0.206763 0.054
  0.0233762 -0.029199 0.054
  -0.0191736 -0.03461 -0.108
  0.011592 0.029 0.108
  0.835882 -0.435131 0.054
  0.497098 0.12865 0
  -0.229772 1.06285 0.27
  0.040012 0.08991 0.162
  -0.0208591 -0.013482 0.216
  0.266847 0.572438 -0.108
  -1.31024 -1.1269 0.162
  -0.0279647 -0.003551 0.108
  0.320793 -0.044151 -0.108
  -0.028086 0.476294 0.108
  0.034543 -0.082436 0.054
  1.04727 -0.361581 0.054
  0.091225 -0.08853 0.054
  0.129491 0.374474 0
  0.015176 -0.011192 -0.108
  -0.44346 -0.061623 0.054
  -0.17718 0.351717 0
  -0.334029 0.1984 0
  0.083457 -1.05155 0.162
  -0.017746 0.011894 -0.216
  0.020548 -0.031493 0.324
  -0.002146 0.069227 0.054
  0.10299 0.603069 0.108
  -0.195923 0.123086 0.162
  -0.007193 0.081704 0.054
  0.106484 0.010367 0.054
  -0.050745 0.347353 0
  0.026715 -0.043064 0.162
  -0.374045 0.695912 0
  -0.050288 -0.038201 0.162
  -1.54071 -0.382583 0.27
  1.18562 -0.744404 0.054
  -0.028879 -0.028818 0.054
  -0.0841345 -0.080248 0.054
  -0.503587 -0.588833 -0.108
  0.000362 -0.087343 0.054
  -0.056871 -0.291784 0.054
  -0.119958 0.39236 0.054
  -0.01522 0.030453 -0.216
  0.0493817 0.0138 -0.216
  -0.484845 0.124391 0.108
  0.247747 -0.298471 0.054
  0.443845 0.638814 0.27
  -0.079333 -0.056833 -0.216
  -0.556899 -0.636558 0.162
  -0.317611 0.080127 0.27
  0.0338213 0.835011 0.054
  -0.91641 0.392453 0
  0.324783 -0.317557 0.054
  -0.0221881 0.021069 -0.108
  0.095806 -0.42756 0.054
  0.078527 -0.236728 0.054
  -0.0289561 -0.09461 0.054
  0.162828 -0.722526 0.054
  0.212343 -1.25745 0.378
  -0.317567 -0.26167 0
  0.825243 0.195931 0
  0.0097855 -0.019116 0.054
  -0.223858 0.109152 0
  0.470904 -0.220918 0.162
  0.000344558 0.000649 -0.108
  0.0143244 -0.091455 0.054
  0.287067 0.269165 0.162
  0.006346 -0.014674 -0.108
  -0.205019 -0.611293 -0.108
  -0.0262869 0.03047 0.216
  -0.488708 0.346875 0.054
  0.388637 -0.562153 0
  0.881832 -0.18402 0.162
  -0.0348465 0.06866 0.054
  -0.030076 0.0144672 0.108
  -0.262753 -0.17796 0
  0.0824268 -0.342454 0
  0.041245 0.05304 0.162
  0.179592 0.219677 0.054
  0.46262 0.385076 0.27
  1.23793 -0.881119 0.054
  0.360218 -1.01181 0.054
  0.183321 0.226761 0.054
  -0.140946 -0.862486 -0.108
  0.556159 0.459438 0.162
  -0.0398379 0.03081 0.054
  -0.798329 0.141535 0
  0.149471 0.314117 -0.108
  -0.065267 -0.656494 0.054
  -0.932987 -0.322045 0.054
  0.071753 0.083492 0.054
  0.56216 -0.295204 0.054
  0.61811 -0.301807 0.054
  -0.000325 -0.309693 0.162
  -0.040167 0.604722 0.108
  0.213069 -0.104498 -0.108
  -0.160972 -0.286338 0.054
  0.499381 -0.697272 0
  0.660675 -0.314107 0
  -0.201539 -0.201813 0
  0.044064 0.011409 0.216
  0.097793 0.079767 0.054
  -0.319687 -0.198867 0.054
  -0.048245 -0.022361 0.054
  -0.063006 0.173603 0.054
  -0.009147 0.003404 0.108
  0.104 0.024778 0.162
  -0.065832 -0.056679 0.054
  -0.799734 -0.542261 0.054
  0.0864492 0.291151 0.216
  0.488731 0.405633 0.27
  -0.315528 -0.257209 -0.108
  0.160647 0.290306 -0.216
  -0.07088 0.08848 0.054
  -1.17027 -0.395131 0.162
  -0.332821 0.129844 0.054
  0.175832 0.933058 0.162
  0.710147 -0.572778 0.054
  -0.0111212 0.00204 -0.108
  -0.0137988 -0.021836 0.108
  0.0856215 -0.032179 0.162
  0.080831 -0.213311 0
  0.074023 0.512892 -0.216
  0.304148 -0.484654 0.162
  -0.860947 -2.15149 0.054
  0.027888 0.01629 0.108
  -0.020791 -0.045923 -0.216
  -0.653458 -0.724056 0.108
  -0.020956 0.019885 0.108
  -0.06146 -0.044398 0.054
  0.945159 0.521933 0.162
  -0.039486 0.076917 0.054
  -0.030026 -0.064521 -0.216
  -0.532325 -0.020201 0.054
  0.62285 0.063243 0.216
  -0.027359 -0.00581 0.216
  -0.056022 -0.00164 0.054
  -0.074983 -0.452484 0.054
  0.354097 -0.306657 0.054
  -0.104163 0.457907 0
  0.617818 0.304512 0.054
  0.847414 0.38331 0.27
  0.469324 0.353365 0.162
  0.012263 -0.030615 0.108
  -0.078058 -0.069924 0.054
  0.0400179 0.058145 0.054
  0.854872 -0.74248 0.162
  -0.0461605 0.04187 0.054
  0.009599 0.004701 -0.108
  0.0073686 0.236752 0.054
  -0.240191 0.072615 0.108
  -0.861409 -0.776423 0.054
  -0.42717 0.121062 0.054
  -0.170257 0.14591 0
  -0.442731 -0.740791 0.054
  -0.0052136 -0.01469 -0.108
  -0.534411 -0.08286 0.162
  -0.330041 -0.219185 0.108
  -0.104119 0.086602 0.108
  0.58925 0.450931 0.162
  -0.0564584 -0.09088 0.162
  0.13243 0.189314 0.108
  -0.03016 -0.024696 -0.108
  -0.47438 0.20253 -0.108
  -0.218675 0.589454 0.27
  -0.445239 -0.187289 0
  -0.063056 -0.101271 0.27
  -0.582164 -0.042022 0.054
  0.399171 0.341052 -0.108
  0.184072 0.452331 -0.108
  0.450246 -0.778422 0.054
  -0.401205 -0.12579 0.054
  -0.822225 -0.822568 0.054
  0.0373469 0.001752 0.162
  -0.00454 -0.085114 0.162
  -0.00965 -0.470059 0.162
  -0.070588 -0.069841 0.054
  -0.023597 0.02216 -0.324
  0.394151 -0.464132 0.054
  0.0611616 0.10337 0.162
  0.610065 0.400268 0.27
  -0.0014858 0.01066 0.108
  0.0131799 0.008136 0.108
  -0.538846 0.218991 0
  -0.675329 -0.901702 0.27
  0.48627 -1.3651 -0.108
  0.188663 0.062072 0
  -0.243642 -0.015994 0.27
  1.02548 -0.024067 0
  0.019125 -0.027077 0.108
  0.470774 0.264828 0.162
  0.0368889 0.389327 0.162
  -0.643831 -0.146405 0.108
  0.54083 -0.423761 0.162
  0.072446 -0.079869 0.162
  -0.797748 -0.4246 0.054
  0.492088 0.22319 0
  0.0497408 -0.063776 0.054
  -0.320731 -0.39018 0.162
  -0.022228 -0.01751 0.054
  -0.070528 0.17555 0.27
  0.171795 0.101317 0
  0.00181596 -0.027087 -0.108
  -0.594715 -1.09041 0.27
  0.042085 -0.077449 0.054
  0.449595 0.61603 0.27
  -0.104164 0.04559 0.162
  -0.0855987 0.017133 0.054
  0.205547 -0.673404 0.108
  0.023827 0.015416 0.054
  0.106973 0.06686 0.054
  -0.10602 0.001397 0.054
  0.016497 0.323201 0
  -0.030655 0.076697 0.054
  -0.379269 -0.245023 0
  -0.13813 0.395352 0.108
  -0.0901873 -0.022015 0.054
  -0.845204 -0.856937 0
  -0.020066 0.034019 0
  0.451673 -0.299159 0
  0.32638 -0.930591 0.162
  0.0839888 0.181086 0.108
  -1.06001 -0.910578 0.054
  -0.432864 0.027058 0
  0.100132 0.08375 0.054
  0.519151 0.52992 0.162
  -0.27216 0.58229 0.054
  0.952505 0.986253 0.162
  0.040354 0.035045 -0.432
  0.011572 0.022456 0.162
  -0.692714 0.295623 0.486
  0.010381 -0.032213 0.054
  0.045881 -0.029272 0
  0.024937 -0.0023 -0.324
  -0.106694 0.478861 0
  -0.0046832 0.09702 0.054
  -0.0123319 0.399649 0.054
  1.1296 -0.244783 0.162
  0.649201 -0.110402 -0.108
  0.219577 -0.570528 0
  -0.000276 -0.017046 0.108
  0.252614 -0.378218 0.054
  0.0719935 0.32743 0.054
  -0.0947491 0.018186 0.054
  0.22319 -0.13991 -0.108
  0.431548 -0.328924 0.162
  -0.527422 0.154713 0.054
  0.241599 -0.3291 0.054
  0.119721 0.892361 0.054
  0.074935 0.0049 0.054
  0.200507 0.159367 0.108
  -0.184972 0.86098 0
  -0.244931 0.204211 0.108
  -0.006328 -0.008514 0.054
  0.046644 0.079505 0.054
  -0.869463 -0.228954 0.054
  -0.356625 0.267649 0
  -0.28185 -0.354921 0.054
  0.0614643 0.157835 0
  0.216889 -0.16774 0.054
  -0.368667 0.22084 0.378
  0.674542 0.2798 0.054
  -0.108067 0.01534 0.054
  -1.07302 -0.094467 0.054
  -0.111321 -0.498336 0.378
  -1.07926 -0.080108 0.054
  0.0715054 0.016146 0.054
  1.13825 0.334373 0.054
  -0.005971 -0.005719 0.216
  -0.068248 -0.040075 0.378
  0.178585 0.261899 -0.216
  0.465924 -0.5231 0.054
  -0.014343 0.01752 0.216
  0.0951233 -0.018963 0.054
  -0.211302 -0.765403 0
  0.003535 0.009105 -0.216
  -0.0574675 1.18113 0.162
  -0.047879 0.062075 0.162
  0.133899 -0.073317 -0.108
  -0.373527 -0.19771 0.054
  0.483235 -0.301416 0.054
  -0.667391 0.384299 0.054
  -0.049461 1.51922 0.162
  0.40336 0.50945 0.054
  0.0617868 -0.05425 0.162
  -0.060111 -0.093413 0.162
  -0.02493 0.01166 0.162
  0.320385 -0.112411 -0.108
  0.296985 0.391156 -0.108
  -0.511141 -0.415398 0
  0.923526 0.434185 0.054
  0.0107211 -0.003865 -0.324
  0.754886 0.122263 0
  -0.0991481 -0.073129 0.162
  -0.034412 0.061345 0.054
  -0.073665 -0.036727 0.054
  -0.281498 0.507292 0
  -0.074778 0.109044 0.162
  -0.01007 -0.09909 0.27
  0.0677795 0.068208 0.054
  0.898635 -0.223198 0.054
  -0.02548 0.080075 0.162
  -0.043215 0.082063 0.054
  0.137478 -0.283099 0.162
  -0.0266094 -0.10596 0.27
  -0.0012154 -0.006643 0.054
  -0.201083 0.832298 0.108
  0.097784 -0.056467 0.162
  -0.0528646 -0.071308 0.054
  -0.542947 -0.181157 0.054
  -0.46 0.102319 0.054
  -0.727209 0.010265 0
  0.101218 0.006189 0
  -0.408379 -0.062372 0.162
  -0.391659 -0.669015 0
  -0.001835 0.00235 0.216
  0.781286 0.38417 0.162
  0.353398 -0.546305 0.054
  0.0110089 -0.01183 -0.216
  -0.07199 0.062564 0.054
  -0.284914 0.261394 0.054
  0.004563 0.01751 0.108
  -0.250484 0.331392 0.054
  -0.692395 -0.782186 0
  -0.08951 0.367399 0.162
  -0.0310831 -0.024788 0.216
  0.0228932 -0.05427 0.054
  -0.520419 0.555639 0
  -0.254835 0.465613 0
  0.0954282 -0.098963 0.054
  -0.0881845 -0.02291 -0.108
  0.015099 0.072089 0
  -0.064011 -0.063832 0.054
  0.025525 0.022149 0.054
  0.264704 0.927448 0.054
  -0.241518 -0.208977 0.054
  -0.0261736 0.20218 0
  0.218769 0.876195 0.054
  -0.036312 -0.015924 -0.108
  0.824795 -0.700784 0.054
  -0.262521 0.305514 0.054
  -0.017158 0.587205 0.27
  -0.104437 -0.074121 0.162
  0.046951 0.101531 0.054
  -0.022667 0.01414 -0.108
  -0.016344 -0.007508 0.108
  -0.313067 -0.1515 0.108
  -0.415651 0.843458 0.054
  0.489651 0.161023 -0.108
  0.364548 -0.557933 0.054
  -0.04018 0.044826 0.216
  -0.00267998 -0.02173 0.108
  -0.437836 0.762026 0.216
  -0.105445 0.089472 0.162
  -0.146789 -0.19235 0
  -0.556563 -0.263736 0.108
  -0.094609 0.257654 -0.108
  0.580103 -0.321778 0.054
  -0.338015 -0.24589 0.216
  0.0164604 -0.048508 -0.324
  0.035345 -0.010346 0.054
  -0.010726 -0.000223 -0.108
  -0.108925 0.104532 0.054
  0.410573 -0.571103 0.054
  0.182776 0.566376 0.162
  -0.031708 0.06 0.054
  -0.306117 -0.479256 0.054
  0.674359 0.700072 0.27
  -0.021547 -0.031009 0.054
  -0.0942587 0.055857 0.162
  -0.613731 0.234018 0.054
  -0.029511 -0.084781 0.054
  0.307015 -0.009957 0
  -0.0391885 -0.069443 0.054
  -0.18148 -0.04137 0
  0.0015 0.02449 0.324
  -0.23041 -0.331229 -0.216
  -0.098469 0.097647 0.162
  0.930195 0.715302 0
  0.126147 -0.819611 0.054
  0.090279 0.094154 0.054
  0.813175 -0.396281 0.054
  0.110895 0.291934 -0.108
  0.270551 -0.277408 0
  -0.525584 0.275769 0.054
  -0.065122 -0.05039 0.054
  -0.320882 -0.107458 0.108
  -0.450068 0.075891 0
  -0.046268 0.02439 -0.216
  -0.01421 0.025968 0.162
  -0.374586 -0.419141 0.162
  -0.092898 -0.557859 0
  0.38738 -0.211109 0.054
  0.0661687 0.033275 0.054
  -0.076807 -0.49491 0
  -0.08083 -0.328691 -0.108
  0.996176 0.559175 0.054
  -0.080703 0.086548 0.162
  0.0843642 0.21776 0
  -0.180541 0.3971 0.162
  -0.307214 0.117791 -0.108
  0.817357 0.785415 -0.108
  -0.54404 0.313266 0.054
  -0.051593 -0.161266 0
  -0.0321085 0.061979 0.054
  -0.022048 0.014564 0.108
  0.015599 -0.003862 0.108
  -0.207253 -0.096237 0
  -0.289264 -0.664969 0
  0.932071 -0.375165 0.054
  0.029573 0.025745 -0.216
  0.048096 -0.01647 -0.324
  -1.03451 0.48052 0.054
  -0.230437 0.09603 -0.108
  0.185523 0.347626 0.054
  -0.787725 0.143547 -0.216
  -0.67775 -0.209394 0.216
  -0.256794 0.765508 0.162
  0.549267 -0.483533 0
  0.054932 0.092569 0.054
  0.519952 -0.197089 0.054
  0.565755 0.573105 0.162
  -0.042087 0.005223 0.054
  -0.0979 0.100346 0.054
  0.557442 0.293694 0.054
  0.103409 -0.03587 0.054
  -0.113282 0.406094 0
  0.805572 0.56586 0.378
  -0.616662 -0.132002 0.162
  -0.173941 -0.897413 0
  -0.147899 0.445888 0.054
  -0.188513 0.190096 0.054
  0.049518 -0.061321 0.054
  -0.010867 0.001902 -0.216
  0.396983 -0.994187 0.054
  -0.038308 -0.00646 0.108
  0.034355 -0.016606 0.054
  -0.033844 0.001854 0.27
  -0.033074 -0.01434 0.108
  -0.024115 -0.012914 0.108
  0.109943 -0.014319 0.054
  0.530979 -0.134344 0
  0.340342 -0.37729 0
  0.003687 -0.005275 0.324
  0.517185 0.216828 0.108
  0.0040974 0.271869 0.162
  -0.577128 -0.588215 0.054
  0.043475 -0.002819 -0.108
  0.359773 -0.408467 0.054
  -0.499151 0.141356 0
  0.0520449 0.06729 0.054
  0.528831 -0.463441 0.054
  0.0638585 0.58868 0.162
  -0.0610869 0.559749 0
  0.076131 -0.07076 0.27
  -0.017427 0.024399 0.054
  -0.286054 0.227781 0.162
  -0.274943 -0.276839 0.054
  0.145268 -0.464778 0
  0.125367 0.749193 0.162
  -0.767566 -0.319511 0.054
  0.0991936 -0.089184 0.054
  0.329024 0.489782 0.054
  -0.093632 -0.071579 0.162
  -0.072405 0.059452 0.27
  0.08676 -0.001531 0.054
  0.100319 -0.091219 0.108
  0.650193 0.517546 0.27
  -0.196616 1.26283 0.162
  -0.077321 0.396727 0.27
  0.004017 0.22887 0
  -0.487584 -0.538413 0.054
  0.039181 0.05485 0.054
  -0.2845 0.324392 0.108
  -0.635523 0.074065 0
  0.044373 0.042519 0.054
  -0.0473236 0.028808 0.486
  0.764284 -1.56178 0.054
  -0.154598 0.546981 0.054
  -0.379667 -0.018739 0.054
  0.003534 0.013116 0.216
  0.040677 -0.072972 0.162
  -0.014745 -0.055852 0.054
  0.002262 -0.01536 -0.324
  -0.016175 -0.025523 0.054
  -1.09946 -0.681004 0.054
  -0.304499 0.199721 0
  -0.640196 -0.616266 0.054
  -0.0231389 -0.00104 0.054
  -0.0819972 -0.031611 0.162
  0.032154 -0.019483 0.108
  -0.0083257 0.64146 0.162
  -0.008047 0.019314 0.324
  0.879213 0.483964 0.162
  0.0877812 0.0812 0.27
  0.0712879 -0.331998 0.108
  -0.09774 0.10663 0.054
  0.111934 -0.803081 0
  0.195315 -0.127684 0.162
  -0.647936 -0.234945 0.054
  0.157279 -0.006256 -0.108
  0.286001 0.354059 0.162
  0.302598 -0.157762 0.162
  -0.276371 1.15935 0.054
  0.0878378 0.718569 0
  -0.0620668 0.025344 0.108
  0.034278 0.001894 0.216
  0.007386 -0.488671 0
  -0.0053218 0.001218 0.162
  0.011019 0.045915 0.054
  -0.0625985 -0.034942 0.054
  -0.030996 -0.090545 0.054
  -0.237616 0.806786 0.054
  -0.310026 -0.359588 -0.108
  -0.089811 -0.107425 0.054
  -0.243694 -0.711534 0
  0.013112 -0.02594 -0.108
  -0.0437672 0.06305 0.054
  0.419603 0.304068 0.27
  -1.30688 -0.377288 0.054
  0.90307 -0.634115 0.162
  0.081712 0.10423 0.054
  0.119036 0.064514 0
  -0.16366 -0.171266 0.108
  -0.175294 0.51771 -0.108
  -0.274594 0.360435 0.108
  -0.0842984 0.02523 0.054
  -0.022045 0.024945 0.216
  -0.011033 0.042699 -0.108
  0.018296 -0.03452 0.216
  0.0035763 0.062725 0.054
  0.739976 0.57412 0.27
  0.029388 -0.020548 0.27
  0.143166 0.713043 0.054
  -0.433986 -0.496027 0.162
  0.228324 0.668044 -0.108
  0.905195 -0.627212 0.054
  0.016599 0.028204 0.108
  -0.315755 0.185136 0.108
  0.496382 0.883493 0.162
  -0.436629 0.143258 0.054
  0.035105 0.03633 0.054
  0.023849 0.04828 0.486
  0.304192 0.480999 0
  -0.007882 -0.2118 -0.324
  -0.0135636 0.04588 -0.108
  -0.011401 0.037155 -0.216
  0.217145 -0.2174 0
  -0.002735 -0.001743 0.108
  -0.084436 -0.10285 0.162
  -1.17834 0.340357 0.378
  -0.759664 -0.024005 0.054
  0.000348 0.072633 0.054
  -0.0221559 -0.211064 -0.216
  -0.976907 -0.549516 0.162
  0.118682 0.390109 0.054
  0.033998 0.067647 0.054
  0.158779 -0.729929 0.162
  0.022171 0.045285 0.108
  -0.0988131 0.373229 0.108
  0.313537 -0.561251 0.162
  0.370363 0.372335 0.108
  0.069903 -0.495433 0.27
  -0.0371953 0.013621 0.216
  0.577456 -0.934293 0.054
  -0.33593 -0.43984 0.108
  -0.395683 -0.226061 0.162
  -0.0071132 -0.084549 0.162
  -0.064049 -0.0914 0.162
  0.611903 0.49646 -0.216
  -0.047269 0.014445 -0.432
  0.0853 0.40886 0.054
  0.768284 -0.256132 0
  0.091511 -0.795053 0.054
  -0.743152 0.3604 0.162
  -0.634385 0.032975 0.054
  -0.477156 -0.363021 0.216
  -0.705293 0.264277 0.27
  0.09157 -0.10823 0.27
  0.086912 -0.005385 0.27
  -0.040257 -0.088811 0.054
  0.029185 0.082443 0.054
  -0.002234 0.099347 0.162
  0.689762 0.080766 0
  0.033993 -0.075289 0.378
  -0.084247 0.092061 0.054
  0.09605 -0.05258 0.054
  0.104202 -0.326322 -0.108
  0.652613 0.306589 0.054
  -0.358271 0.209384 0.378
  0.489268 0.200234 0.108
  -0.530063 0.162756 0.054
  0.363542 -0.260698 0.162
  -0.017691 0.027017 0.054
  0.58042 0.801048 0.054
  -0.002564 0.06505 0.162
  -0.001727 0.104844 0.054
  -0.260841 -0.391495 0.216
  0.358531 -0.057109 0
  0.825349 -0.212201 0.054
  -0.010687 -0.008859 0.108
  -0.002834 0.036416 -0.108
  -0.832732 -0.306671 0.054
  0.893145 0.301969 0.162
  -1.20821 0.121464 0.054
  0.031887 0.01517 0.054
  0.201533 -0.44705 0.054
  -0.019724 -0.048641 0.162
  -0.212294 0.176407 0.054
  -0.751288 0.45178 0.054
  -0.261662 0.35933 0.162
  -0.003452 -0.000492 -0.216
  -0.0554863 -0.108386 0.054
  0.003803 -0.011597 0.108
  0.051947 -0.05652 0.27
  0.078466 0.077695 0.162
  0.627067 -0.066654 0
  -0.279529 -0.422564 0
  0.346347 -0.849297 0
  -0.015185 -0.070034 0.054
  0.569022 1.46205 0
  0.46424 -0.878691 0.27
  0.462678 -0.325319 -0.108
  -0.415347 0.127238 0.054
  -0.0580435 -0.072291 0.054
  -0.575108 -0.223655 0.054
  -0.308114 0.030189 0.162
  -0.346572 0.517786 0.054
  -0.753888 -0.200479 0.162
  0.104163 0.449692 0
  -0.370351 -0.750746 0
  0.403295 0.35447 0.054
  0.865338 0.570465 0
  0.204383 -0.660077 0
  0.092318 -0.025286 0.054
  0.004185 -0.01112 0.108
  -0.725486 -0.23468 0
  -0.056155 -0.049996 0.054
  0.009718 -0.00387 -0.108
  -0.099305 -0.07146 0.054
  -0.004506 0.002328 -0.324
  0.221311 -0.11529 0
  -0.045049 0.07826 0.162
  -0.107773 0.07021 0.27
  -0.002192 0.098725 0.27
  -0.104303 -0.058128 0.162
  0.196597 -0.499878 0.162
  0.062683 -0.08175 0.054
  0.034207 -0.015842 -0.324
  -0.670166 -0.284983 0.108
  -0.0456964 -0.07918 0.054
  0.023965 -0.048387 0.162
  0.85835 -0.861122 0.108
  -0.116078 0.415302 0
  0.072671 0.0518 0.054
  0.128245 0.154865 0.108
  -0.722864 -0.514739 0.054
  0.008037 0.095374 0.27
  0.531222 0.68853 0.162
  0.033963 0.00609 0.108
  -0.789182 -0.371464 -0.108
  -0.055494 -0.011699 -0.324
  -0.13638 -0.261492 0.054
  -0.00658 1.02947 0.054
  0.023154 -0.013982 0
  0.620063 -0.724108 0
  0.244249 -0.612572 -0.108
  0.136736 -0.655143 0
  -0.480676 -0.543728 0.054
  -0.118143 -0.012928 0
  -0.502532 -0.329427 0.162
  -0.095803 -0.038088 0.27
  -0.005335 0.005624 0.216
  -0.0396794 0.049867 0.054
  -0.102344 -0.585653 0.054
  -0.0087905 -0.371788 0.108
  -0.042128 -0.05702 0.054
  0.014717 0.00438 -0.108
  -0.512972 -0.195582 0.054
  -0.449976 -0.02327 0.162
  -0.0597666 -0.503729 0.054
  -0.407725 -0.568355 0.162
  1.02212 0.383127 0
  0.483552 -0.618323 -0.108
  -0.3648 -0.132862 0.162
  -0.033438 0.287632 0.162
  0.415564 -0.309534 0.054
  0.0508197 -0.104548 0.054
  0.09511 0.101059 0.054
  -0.195538 -0.0263 0.054
  0.596458 -0.286742 -0.216
  -0.101818 -0.099583 0.054
  0.071449 0.07859 0.054
  1.63232 -0.682351 0.054
  -0.0502728 -0.059306 0.27
  -0.827267 0.1457 0.27
  -0.072542 -0.10069 0.054
  0.001361 1.29476 0.054
  -0.670676 -0.879352 0
  -0.0433637 0.019644 -0.324
  -0.051892 0.018218 0.27
  -0.004173 -0.066124 0.054
  -0.845017 -0.377296 0.054
  -0.373164 0.992045 0
  -0.002509 -0.020277 0.216
  -0.038433 -0.419585 0.162
  -0.0871524 0.028202 0.054
  -0.102025 0.482601 0.054
  0.023585 -0.00629 0.162
  0.011268 0.018927 0.216
  -0.414673 0.067261 0
  -0.510312 0.18553 0.27
  -0.02412 -0.010546 -0.108
  -0.127319 -0.335165 0.054
  -0.075317 -0.415914 0.27
  0.00841182 0.013239 -0.108
  -0.0927531 -0.061124 0.27
  0.397564 -0.64389 0.162
  0.024805 -0.105008 0.054
  0.115809 0.007121 0.216
  -1.03136 -0.201246 0.054
  -0.703384 0.437332 0.054
  -0.155011 -0.33848 -0.324
  -0.41582 0.244389 0.054
  0.2021 -0.094474 0
  -0.0486817 0.004105 0.054
  -0.0884394 -0.01066 0.054
  0.003922 -0.016245 -0.108
  -0.024889 -0.0562 0.054
  0.0155026 0.02785 0.162
  0.040735 0.033712 -0.216
  -0.327257 -0.470559 0.216
  1.11863 0.806991 0.108
  -0.589286 0.247493 0.162
  0.014763 0.02862 -0.324
  0.002818 0.67654 0.054
  0.798124 0.214839 0
  -0.566652 -0.052221 0
  -0.015743 -0.00157 0.108
  -0.739455 -0.258046 0.108
  -0.436558 0.228103 0.054
  0.319246 0.203128 0.054
  -0.007555 0.016995 0.216
  -0.14214 0.021454 -0.216
  0.618192 -0.376295 0.054
  0.0271957 -0.079421 0.054
  -0.320209 -0.341427 0.054
  -0.405368 0.083516 -0.108
  -0.0111352 -0.076204 0.162
  -0.0091193 -0.209111 0
  -0.0082179 0.013386 -0.108
  -1.14391 0.541965 0.27
  -0.0207156 -0.065805 0.054
  0.507279 1.06815 0.162
  0.878891 0.01005 0
  -0.613347 -0.479728 -0.108
  -0.172585 0.373201 0
  0.063781 0.03956 0.162
  -0.566857 0.399266 0.054
  0.166172 0.12056 -0.216
  0.0606206 -0.07911 0.162
  0.767809 0.729971 0.054
  0.356916 0.249536 0
  -0.599774 -0.790551 0.162
  0.430521 -0.34329 0.054
  0.050789 -0.081283 0.054
  -0.23882 0.15385 0.054
  0.140673 -0.868219 0.054
  -0.010989 -0.01322 0.108
  -0.882462 0.034917 0.054
  0.260431 0.322994 0
  0.006854 -0.045835 -0.108
  -0.034043 0.014189 0.108
  -0.217044 0.769145 0.054
  0.557167 -0.242604 -0.108
  -0.004596 0.64459 0.054
  -0.655969 0.516425 0
  -0.008767 -0.016819 0.162
  0.009406 0.09716 0.054
  -0.792007 0.215209 0.054
  0.109615 0.10475 0.378
  -0.088935 0.025174 0.162
  -0.047025 -0.063991 0.054
  -0.012991 -0.102606 0.162
  0.802022 0.059522 0
  -0.086785 -0.01789 0.162
  0.439104 -1.56914 0.162
  0.310467 0.536664 0.378
  -0.02105 0.05849 0.054
  -0.043196 -0.10621 0.162
  0.001997 -0.045196 0.054
  -0.052632 0.100709 0.054
  0.796931 -0.245881 0.054
  -1.03498 0.299457 0.27
  0.551177 0.251378 0.27
  -0.027468 -0.10315 0.054
  0.424725 0.394192 0.108
  -0.204915 -0.542137 0
  -0.105625 -0.134813 0
  -0.0610085 -0.047278 -0.216
  -0.05286 -0.012184 0.27
  -0.0027223 0.07943 0
  -0.134794 0.58921 0.216
  -0.538434 -0.001237 0.162
  0.030796 0.027166 0.054
  1.42102 -0.345554 0.054
  -0.021537 -0.026917 -0.108
  -0.015484 -0.032232 0.216
  0.528441 0.102855 -0.324
  0.008375 -0.007686 -0.108
  -0.082136 -0.043838 0.054
  0.017793 -0.017517 -0.216
  0.0857308 -0.00243 0.054
  -0.061022 0.044721 0.054
  -0.188555 0.565284 0
  -0.053896 0.21709 0.054
  -0.037812 0.023914 0.054
  -0.602822 -0.178565 0
  0.295338 -0.664089 0
  0.196748 -0.715066 -0.108
  -0.321701 0.301438 0.108
  -0.944784 0.00784 0.054
  0.14704 -0.19091 0.162
  -0.581206 0.48425 0.054
  -0.105793 0.214215 0.054
  0.034002 0.006752 0.486
  -0.054342 0.028423 0
  0.785342 1.0608 0.054
  0.0055355 -0.007968 0.108
  0.46522 0.11302 0.108
  -0.025141 0.0358 0.216
  -0.573541 -0.58515 0.054
  -0.581586 -0.42534 0.216
  -0.037292 0.081342 0.054
  0.107131 -0.03805 0.054
  -0.012228 -0.794723 -0.108
  0.015233 -0.063044 0.486
  -0.73717 0.025732 0.27
  -0.015324 0.007572 0.108
  -0.107137 -0.704735 0
  0.413424 -0.486663 0.108
  0.0158522 -0.006972 0.108
  -0.142704 -0.59165 -0.216
  0.020128 -0.077747 0.054
  0.366758 0.519425 0
  0.187203 0.225619 0
  -0.099985 -0.047296 0.054
  -0.129711 0.82802 0.27
  -0.37928 -0.217526 0.054
  0.067847 0.183833 0.216
  -0.320638 0.34063 0.054
  0.222794 -0.381315 0
  0.003187 0.029425 -0.108
  -0.213867 -0.433903 0.054
  0.0884617 0.107588 0.27
  0.012753 0.00724 0.108
  0.707967 0.396049 0
  -0.0649259 -0.083453 0.054
  -0.0370799 0.076466 0.054
  -0.000739 -0.019108 -0.108
  0.290141 -0.269502 0.108
  -0.041793 -0.019821 -0.108
  -0.020259 0.0909 0.054
  -1.15837 -0.258427 0.108
  -0.428447 0.493717 0.054
  0.049705 -0.248089 0.054
  -0.723522 0.18003 0.378
  -0.038975 -0.046721 0.054
  -0.434678 0.03374 0
  -0.414006 0.189795 -0.108
  -0.428722 0.468203 0.054
  0.012709 0.03884 0.216
  0.246612 -0.001208 0.216
  -0.0268533 0.228988 0.054
  0.300668 -0.372798 0.054
  -0.0197018 0.014152 0.108
  0.663906 -0.828145 0.054
  0.0793971 -0.222137 0.054
  0.04568 0.094535 0.162
  -0.019013 0.012896 0.216
  0.0023225 0.021145 0.216
  0.128988 0.734554 0
  -0.0910383 -0.096221 0.054
  0.07955 -0.082889 0.054
  -0.050124 0.019194 0.054
  -0.0642852 0.060088 0.054
  -1.09168 -0.155009 0.054
  -0.71131 -1.11198 0.162
  0.0103356 -0.07704 0.054
  -0.247246 -0.328155 0.054
  -0.087747 0.098302 0.054
  0.081738 0.037697 0.054
  -0.111735 0.175513 -0.108
  0.342895 -0.653064 -0.216
  0.790344 -0.452278 -0.216
  -0.0916 0.012643 0.054
  0.061631 -0.080978 0.378
  0.001364 0.021389 0.108
  0.060785 0.337276 0.054
  0.590876 -0.049708 0
  -1.03718 0.040572 0.054
  0.0157338 0.106472 0.27
  1.1882 -0.332034 0
  -0.416005 0.066959 0
  -0.040925 0.068638 0.162
  0.073094 0.01373 0.162
  0.391819 -0.360087 0.162
  0.0561123 -0.023771 0.162
  0.244737 0.146283 0
  -0.131368 -0.381179 0.054
  -0.795128 0.624632 -0.108
  1.00059 -0.912175 -0.108
  -0.0958756 0.099448 0.054
  0.234438 0.1814 0.054
  0.039712 0.049038 0.162
  -0.0310343 -0.051098 -0.324
  0.220001 -0.592581 0.054
  -0.055371 0.022993 0.324
  0.253425 0.110594 0
  -0.0258415 -0.025392 0.378
  -0.143056 -0.039563 0
  0.27947 -0.068652 -0.108
  0.409151 -0.209712 0.054
  -0.918947 -0.149506 0.162
  -0.0802523 0.106678 0.378
  0.483578 0.393996 0
  0.367328 0.775662 0.054
  -0.374407 0.149771 0.162
  0.0066276 0.012414 -0.108
  0.016564 0.007651 0.054
  0.0519522 -0.203821 0.108
  -0.018088 -0.0312 -0.108
  0.66763 0.992643 0.162
  -0.0107261 0.011835 -0.108
  0.057418 0.086886 0.054
  -0.345295 -0.538626 0.054
  -0.034538 0.082514 0.162
  0.297505 -0.112426 0.108
  0.278866 0.298005 0
  -0.035475 0.04114 0.27
  -0.191933 0.151854 0
  0.323623 -0.413823 0.162
  0.727353 -1.2521 0.162
  -0.091285 -0.063 0.054
  0.06333 -0.091479 0.27
  -0.603897 -0.199402 0.054
  0.0061942 -0.064692 0.054
  -0.055697 0.034695 0.486
  0.014901 0.030438 0.216
  -0.00658 -0.030165 0.108
  -0.107746 0.02919 0.054
  -0.345208 0.271484 0
  0.341898 -0.364653 -0.108
  0.575567 -0.25351 0
  -0.85599 -0.477939 0.27
  -0.017667 0.020516 -0.108
  0.062139 -0.035635 0.162
  -0.217286 -0.240513 0
  0.345195 -0.507126 0.054
  -0.01453 0.06433 0.27
  0.280203 -0.398449 0.054
  -0.917011 -0.72774 0.054
  -0.0415121 0.07702 0.162
  0.102708 0.870961 0.162
  0.078552 -0.098706 0.054
  -0.011182 0.02534 0.216
  0.010725 -0.011715 -0.108
  0.28221 -0.057483 0.108
  -0.585189 -0.24953 0.054
  -0.124171 0.469815 0.054
  1.27052 -1.01076 0.054
  -0.190514 -0.070579 0.324
  0.219865 0.12858 -0.108
  0.056188 0.023223 0.054
  -0.0894891 0.67261 0.054
  -0.0779855 -0.069637 0
  -0.12533 0.408976 -0.216
  1.17329 0.466941 0.378
  -0.002232 -0.00268 0.108
  0.759671 0.843396 0.162
  -0.038638 -0.119746 0
  -0.38982 0.513898 0.108
  -0.01159 0.034906 0.27
  -0.003014 -0.053406 0.054
  0.0941893 0.100075 0.054
  -0.033606 0.001474 0.054
  -0.015218 0.00999 0.108
  0.834614 0.54851 0.378
  -0.027722 0.081728 0.162
  -0.694779 -0.536408 0.054
  -0.043102 -0.298059 0
  -0.105143 -0.09211 0.054
  -0.491044 -0.185921 0.054
  -0.006373 -0.003787 -0.108
  0.052601 -0.108178 0.27
  -1.0371 0.471235 0.054
  0.032597 -0.006368 -0.108
  0.073906 -0.332609 0
  0.162855 0.817881 0
  0.398699 -1.02963 0
  -0.201333 -0.736449 0
  -0.675233 -0.895405 0.054
  -0.0574735 0.026258 0.054
  -0.115269 -0.709819 0
  -0.0064168 0.090994 0.108
  -0.06217 0.01516 0.054
  0.046827 -0.13338 0.216
  0.954507 -0.13387 -0.108
  -0.020991 -0.049967 0.162
  -0.0132603 -0.0007 0.054
  -0.525976 0.397331 0.054
  -0.100699 -0.329127 0.108
  -0.142174 0.397758 0.054
  -0.197639 -0.256761 0.054
  0.139439 0.399704 -0.108
  -0.0396166 0.09335 0.054
  0.829712 -0.376964 0.162
  0.347443 -0.830914 0
  -0.111405 -0.838942 0
  -0.0022297 0.06037 0.054
  -0.321656 0.607154 0.054
  0.076019 0.108012 0.27
  1.24669 1.32755 0.27
  0.305992 1.47803 0.162
  -0.010303 0.020308 -0.216
  0.419971 -0.223347 0.162
  0.107901 0.006641 0.054
  0.102465 -0.03302 0.054 
