0 0 0.68 0.869192 0.189192 0.7 0.7 
1 0 0.68 0.869157 0.189157 0.7 0.7 
2 0 0.68 0.869025 0.189025 0.7 0.7 
3 0 0.68 0.868751 0.188751 0.7 0.7 
4 0 0.68 0.868293 0.188293 0.7 0.7 
5 0 0.68 0.867613 0.187613 0.7 0.7 
6 0 0.68 0.866682 0.186682 0.7 0.7 
7 0 0.68 0.865478 0.185478 0.7 0.7 
8 0 0.68 0.863989 0.183989 0.7 0.7 
9 0 0.68 0.86221 0.18221 0.7 0.7 
10 0 0.68 0.860143 0.180143 0.7 0.7 
11 0 0.68 0.857794 0.177794 0.7 0.7 
12 0 0.68 0.855177 0.175177 0.7 0.7 
13 0 0.68 0.852307 0.172307 0.7 0.7 
14 0 0.68 0.849202 0.169202 0.7 0.7 
15 0 0.68 0.845883 0.165883 0.7 0.7 
16 0 0.68 0.84237 0.16237 0.7 0.7 
17 0 0.68 0.838685 0.158685 0.7 0.7 
18 0 0.68 0.834849 0.154849 0.7 0.7 
19 0 0.68 0.830882 0.150882 0.7 0.7 
20 0 0.68 0.826804 0.146804 0.7 0.7 
21 0 0.68 0.822634 0.142634 0.7 0.7 
22 0 0.68 0.81839 0.13839 0.7 0.7 
23 0 0.68 0.814089 0.134089 0.7 0.7 
24 0 0.68 0.809746 0.129746 0.7 0.7 
25 0 0.68 0.805378 0.125378 0.7 0.7 
26 0 0.68 0.800998 0.120998 0.7 0.7 
27 0 0.68 0.796619 0.116619 0.7 0.7 
28 0 0.68 0.792255 0.112255 0.7 0.7 
29 0 0.68 0.787917 0.107917 0.7 0.7 
30 0 0.68 0.783617 0.103617 0.7 0.7 
31 0 0.68 0.779366 0.0993657 0.7 0.7 
32 0 0.68 0.775172 0.0951725 0.7 0.7 
33 0 0.68 0.771048 0.0910475 0.7 0.7 
34 0 0.68 0.767 0.0869999 0.7 0.7 
35 0 0.68 0.763038 0.0830382 0.7 0.7 
36 0 0.68 0.759171 0.0791706 0.7 0.7 
37 0 0.68 0.755405 0.0754049 0.7 0.7 
38 0 0.68 0.751748 0.0717482 0.7 0.7 
39 0 0.68 0.748207 0.0682075 0.7 0.7 
40 0 0.68 0.744789 0.064789 0.7 0.7 
41 0 0.68 0.741499 0.0614987 0.7 0.7 
42 0 0.68 0.738342 0.0583422 0.7 0.7 
43 0 0.68 0.735324 0.0553245 0.7 0.7 
44 0 0.68 0.73245 0.0524503 0.7 0.7 
45 0 0.68 0.729724 0.0497239 0.7 0.7 
46 0 0.68 0.727149 0.0471492 0.7 0.7 
47 0 0.68 0.72473 0.0447296 0.7 0.7 
48 0 0.68 0.722468 0.0424681 0.7 0.7 
49 0 0.68 0.720368 0.0403676 0.7 0.7 
50 0 0.68 0.71843 0.0384302 0.7 0.7 
51 0 0.68 0.716806 0.0368056 0.7 0.7 
52 0 0.68 0.715645 0.0356446 0.7 0.7 
53 0 0.68 0.714884 0.0348843 0.7 0.7 
54 0 0.68 0.714469 0.0344691 0.7 0.7 
55 0 0.68 0.71435 0.0343502 0.7 0.7 
56 0 0.68 0.714485 0.0344847 0.7 0.7 
57 0 0.68 0.714835 0.0348345 0.7 0.7 
58 0 0.68 0.715366 0.0353663 0.7 0.7 
59 0 0.68 0.71605 0.0360503 0.7 0.7 
60 0 0.68 0.71686 0.0368604 0.7 0.7 
61 0 0.68 0.717774 0.0377735 0.7 0.7 
62 0 0.68 0.718769 0.0387692 0.7 0.7 
63 0 0.68 0.719829 0.0398294 0.7 0.7 
64 0 0.68 0.720938 0.0409384 0.7 0.7 
65 0 0.68 0.721716 0.0417161 0.7 0.7 
66 0 0.68 0.721815 0.0418153 0.7 0.7 
67 0 0.68 0.721452 0.041452 0.7 0.7 
68 0 0.68 0.720795 0.0407947 0.7 0.7 
69 0 0.68 0.719969 0.0399693 0.7 0.7 
70 0 0.68 0.719236 0.0392362 0.7 0.7 
71 0 0.68 0.71882 0.03882 0.7 0.7 
72 0 0.68 0.718672 0.0386717 0.7 0.7 
73 0 0.68 0.718749 0.0387491 0.7 0.7 
74 0 0.68 0.719015 0.0390152 0.7 0.7 
75 0 0.68 0.719438 0.0394382 0.7 0.7 
76 0 0.68 0.719991 0.0399905 0.7 0.7 
77 0 0.68 0.720648 0.0406484 0.7 0.7 
78 0 0.68 0.721041 0.0410411 0.7 0.7 
79 0 0.68 0.720819 0.0408191 0.7 0.7 
80 0 0.68 0.720164 0.040164 0.7 0.7 
81 0 0.68 0.719223 0.0392233 0.7 0.7 
82 0 0.68 0.718322 0.0383217 0.7 0.7 
83 0 0.68 0.717747 0.037747 0.7 0.7 
84 0 0.68 0.717452 0.0374522 0.7 0.7 
85 0 0.68 0.717396 0.037396 0.7 0.7 
86 0 0.68 0.717542 0.0375423 0.7 0.7 
87 0 0.68 0.717859 0.0378593 0.7 0.7 
88 68.3679 0.68 0.718079 0.0380793 0.7 0.7 
89 195.062 0.68 0.717922 0.0379217 0.7 0.7 
90 299.292 0.68 0.717445 0.0374449 0.7 0.7 
91 381.124 0.68 0.7167 0.0367004 0.7 0.7 
92 442.368 0.68 0.715733 0.0357335 0.7 0.7 
93 485.551 0.68 0.714583 0.0345829 0.7 0.7 
94 513.276 0.68 0.713277 0.0332773 0.7 0.7 
95 527.923 0.68 0.71184 0.0318396 0.7 0.7 
96 531.576 0.68 0.71029 0.0302899 0.7 0.7 
97 526.064 0.68 0.708647 0.0286469 0.7 0.7 
98 513.04 0.68 0.706759 0.0267593 0.7 0.7 
99 494.12 0.68 0.704751 0.0247512 0.7 0.7 
100 471.024 0.68 0.703072 0.0230718 0.7 0.7 
101 445.663 0.68 0.701865 0.0218652 0.7 0.7 
102 420.084 0.68 0.701111 0.0211106 0.7 0.7 
103 396.147 0.68 0.700725 0.0207248 0.7 0.7 
104 374.695 0.68 0.700611 0.0206108 0.7 0.7 
105 354.058 0.68 0.700678 0.0206781 0.7 0.7 
106 328.223 0.68 0.70085 0.0208495 0.7 0.7 
107 286.158 0.68 0.701064 0.021064 0.7 0.7 
108 222.011 0.68 0.701278 0.0212781 0.7 0.7 
109 194.591 0.68 0.701466 0.0214665 0.7 0.7 
110 159.005 0.68 0.701619 0.0216186 0.7 0.7 
111 128.629 0.68 0.701735 0.0217352 0.7 0.7 
112 109.743 0.68 0.701823 0.0218227 0.7 0.7 
113 103.919 0.68 0.70189 0.02189 0.7 0.7 
114 110.566 0.68 0.701953 0.0219526 0.7 0.7 
115 128.538 0.68 0.70202 0.0220202 0.7 0.7 
116 156.871 0.68 0.702092 0.0220915 0.7 0.7 
117 195.028 0.68 0.702276 0.0222756 0.7 0.7 
118 242.873 0.68 0.702652 0.0226518 0.7 0.7 
119 300.494 0.68 0.703165 0.0231647 0.7 0.7 
120 368.025 0.68 0.703781 0.0237814 0.7 0.7 
121 445.557 0.68 0.704483 0.0244829 0.7 0.7 
122 533.107 0.68 0.705256 0.0252564 0.7 0.7 
123 630.62 0.68 0.706091 0.0260913 0.7 0.7 
124 737.967 0.68 0.706981 0.0269806 0.7 0.7 
125 854.915 0.68 0.707921 0.0279211 0.7 0.7 
126 981.023 0.68 0.708912 0.0289122 0.7 0.7 
127 1115.47 0.68 0.709955 0.0299552 0.7 0.7 
128 1256.8 0.68 0.711062 0.0310617 0.7 0.7 
129 1402.67 0.68 0.712219 0.0322191 0.7 0.7 
130 1549.65 0.68 0.713403 0.0334027 0.7 0.7 
131 1693.36 0.68 0.714596 0.0345959 0.7 0.7 
132 1828.96 0.68 0.715788 0.0357878 0.7 0.7 
133 1952.12 0.68 0.716972 0.0369721 0.7 0.7 
134 2060.04 0.68 0.718146 0.0381462 0.7 0.7 
135 2151.95 0.68 0.719307 0.0393069 0.7 0.7 
136 2228.43 0.68 0.720452 0.0404516 0.7 0.7 
137 2290.73 0.68 0.72092 0.0409204 0.7 0.7 
138 2340.19 0.68 0.720157 0.0401573 0.7 0.7 
139 2378.02 0.68 0.718659 0.0386592 0.7 0.7 
140 2405.24 0.68 0.717095 0.0370948 0.7 0.7 
141 2422.76 0.68 0.715962 0.0359624 0.7 0.7 
142 2431.52 0.68 0.715203 0.0352025 0.7 0.7 
143 2432.83 0.68 0.714525 0.034525 0.7 0.7 
144 2428.63 0.68 0.71363 0.0336305 0.7 0.7 
145 2421.61 0.68 0.712794 0.0327944 0.7 0.7 
146 2414.55 0.68 0.712294 0.032294 0.7 0.7 
147 2407.83 0.68 0.712064 0.0320639 0.7 0.7 
148 2394.4 0.68 0.712042 0.0320425 0.7 0.7 
149 2352.18 0.68 0.712175 0.0321755 0.7 0.7 
150 2237.76 0.68 0.712181 0.032181 0.7 0.7 
151 0 0.68 0.711773 0.0317731 0.7 0.7 
152 0 0.68 0.711006 0.0310057 0.7 0.7 
153 0 0.68 0.709931 0.0299313 0.7 0.7 
154 0 0.68 0.707283 0.0272828 0.7 0.7 
155 0 0.68 0.703282 0.0232823 0.7 0.7 
156 0 0.68 0.700534 0.020534 0.7 0.7 
157 0 0.68 0.699349 0.0193486 0.7 0.7 
158 0 0.68 0.699169 0.0191689 0.7 0.7 
159 0 0.68 0.699391 0.0193907 0.7 0.7 
160 0 0.68 0.699649 0.0196487 0.7 0.7 
161 0 0.68 0.69981 0.0198099 0.7 0.7 
162 0 0.68 0.699883 0.0198829 0.7 0.7 
163 0 0.68 0.699913 0.0199133 0.7 0.7 
164 0 0.68 0.699925 0.0199251 0.7 0.7 
165 0 0.68 0.700003 0.0200028 0.7 0.7 
166 0 0.68 0.700227 0.0202274 0.7 0.7 
167 0 0.68 0.700577 0.0205774 0.7 0.7 
168 0 0.68 0.701035 0.0210349 0.7 0.7 
169 0 0.68 0.701587 0.0215869 0.7 0.7 
170 0 0.68 0.702227 0.0222265 0.7 0.7 
171 0 0.68 0.702952 0.0229518 0.7 0.7 
172 0 0.68 0.703762 0.023762 0.7 0.7 
173 0 0.68 0.704657 0.0246567 0.7 0.7 
174 0 0.68 0.705635 0.025635 0.7 0.7 
175 0 0.68 0.706695 0.0266951 0.7 0.7 
176 0 0.68 0.707835 0.0278351 0.7 0.7 
177 0 0.68 0.709053 0.0290528 0.7 0.7 
178 0 0.68 0.710346 0.0303459 0.7 0.7 
179 0 0.68 0.711718 0.0317176 0.7 0.7 
180 0 0.68 0.713139 0.0331391 0.7 0.7 
181 0 0.68 0.714576 0.0345757 0.7 0.7 
182 0 0.68 0.716004 0.0360043 0.7 0.7 
183 0 0.68 0.71741 0.0374099 0.7 0.7 
184 0 0.68 0.718783 0.0387832 0.7 0.7 
185 0 0.68 0.720119 0.0401189 0.7 0.7 
186 0 0.68 0.72117 0.0411699 0.7 0.7 
187 0 0.68 0.721678 0.0416779 0.7 0.7 
188 0 0.68 0.721729 0.0417291 0.7 0.7 
189 0 0.68 0.721401 0.0414007 0.7 0.7 
190 0 0.68 0.72076 0.0407605 0.7 0.7 
191 0 0.68 0.719867 0.0398673 0.7 0.7 
192 0 0.68 0.718772 0.0387717 0.7 0.7 
193 0 0.68 0.717752 0.037752 0.7 0.7 
194 0 0.68 0.717093 0.0370932 0.7 0.7 
195 0 0.68 0.716746 0.0367455 0.7 0.7 
196 0 0.68 0.716665 0.0366648 0.7 0.7 
197 0 0.68 0.716812 0.0368122 0.7 0.7 
198 0 0.68 0.717153 0.0371534 0.7 0.7 
199 0 0.68 0.717658 0.0376585 0.7 0.7 
200 0 0.68 0.718301 0.0383014 0.7 0.7 
201 0 0.68 0.71906 0.0390598 0.7 0.7 
202 0 0.68 0.719915 0.0399146 0.7 0.7 
203 0 0.68 0.72085 0.0408501 0.7 0.7 
204 0 0.68 0.721515 0.0415151 0.7 0.7 
205 0 0.68 0.72158 0.0415802 0.7 0.7 
206 0 0.68 0.721231 0.0412314 0.7 0.7 
207 0 0.68 0.720619 0.0406192 0.7 0.7 
208 0 0.68 0.71986 0.03986 0.7 0.7 
209 0 0.68 0.719223 0.0392234 0.7 0.7 
210 0 0.68 0.718953 0.0389526 0.7 0.7 
211 0 0.68 0.719006 0.039006 0.7 0.7 
212 0 0.68 0.719347 0.0393466 0.7 0.7 
213 0 0.68 0.719941 0.0399408 0.7 0.7 
214 0 0.68 0.720759 0.0407586 0.7 0.7 
215 0 0.68 0.72144 0.0414405 0.7 0.7 
216 0 0.68 0.72164 0.0416398 0.7 0.7 
217 0 0.68 0.721506 0.0415062 0.7 0.7 
218 0 0.68 0.721159 0.0411593 0.7 0.7 
219 0 0.68 0.72069 0.0406898 0.7 0.7 
220 0 0.68 0.720163 0.0401629 0.7 0.7 
221 0 0.68 0.719623 0.0396227 0.7 0.7 
222 0 0.68 0.719291 0.0392905 0.7 0.7 
223 0 0.68 0.719384 0.0393837 0.7 0.7 
224 0 0.68 0.719837 0.0398374 0.7 0.7 
225 0 0.68 0.720593 0.0405934 0.7 0.7 
226 0 0.68 0.721274 0.0412742 0.7 0.7 
227 0 0.68 0.721506 0.0415065 0.7 0.7 
228 0 0.68 0.721398 0.0413983 0.7 0.7 
229 0 0.68 0.721062 0.0410618 0.7 0.7 
230 0 0.68 0.720576 0.0405759 0.7 0.7 
231 0 0.68 0.719978 0.0399777 0.7 0.7 
232 0 0.68 0.719517 0.0395174 0.7 0.7 
233 0 0.68 0.71943 0.0394302 0.7 0.7 
234 0 0.68 0.71965 0.0396498 0.7 0.7 
235 0 0.68 0.720118 0.0401182 0.7 0.7 
236 0 0.68 0.7205 0.0404995 0.7 0.7 
237 0 0.68 0.72047 0.04047 0.7 0.7 
238 0 0.68 0.720135 0.0401351 0.7 0.7 
239 0 0.68 0.719583 0.0395827 0.7 0.7 
240 0 0.68 0.719075 0.0390749 0.7 0.7 
241 0 0.68 0.718855 0.0388553 0.7 0.7 
242 0 0.68 0.718872 0.0388722 0.7 0.7 
243 0 0.68 0.719081 0.0390809 0.7 0.7 
244 0 0.68 0.719443 0.0394428 0.7 0.7 
245 0 0.68 0.719925 0.0399246 0.7 0.7 
246 0 0.68 0.720498 0.0404979 0.7 0.7 
247 0 0.68 0.720838 0.0408382 0.7 0.7 
248 0 0.68 0.720665 0.040665 0.7 0.7 
249 0 0.68 0.720125 0.0401254 0.7 0.7 
250 0 0.68 0.719317 0.0393172 0.7 0.7 
251 0 0.68 0.718529 0.0385286 0.7 0.7 
252 0 0.68 0.717994 0.0379938 0.7 0.7 
253 0 0.68 0.717675 0.0376749 0.7 0.7 
254 0 0.68 0.717508 0.0375076 0.7 0.7 
255 0 0.68 0.717433 0.0374327 0.7 0.7 
256 0 0.68 0.717446 0.037446 0.7 0.7 
257 0 0.68 0.717548 0.0375482 0.7 0.7 
258 0 0.68 0.717742 0.0377421 0.7 0.7 
259 0 0.68 0.718031 0.0380315 0.7 0.7 
260 0 0.68 0.718439 0.0384394 0.7 0.7 
261 0 0.68 0.718967 0.0389673 0.7 0.7 
262 0 0.68 0.719584 0.0395841 0.7 0.7 
263 0 0.68 0.720265 0.040265 0.7 0.7 
264 0 0.68 0.720615 0.0406154 0.7 0.7 
265 0 0.68 0.720306 0.0403059 0.7 0.7 
266 0 0.68 0.719611 0.0396105 0.7 0.7 
267 0 0.68 0.718903 0.0389034 0.7 0.7 
268 0 0.68 0.718464 0.0384642 0.7 0.7 
269 0 0.68 0.718256 0.0382559 0.7 0.7 
270 0 0.68 0.718246 0.0382461 0.7 0.7 
271 0 0.68 0.718406 0.0384063 0.7 0.7 
272 0 0.68 0.718711 0.0387112 0.7 0.7 
273 0 0.68 0.719139 0.0391386 0.7 0.7 
274 0 0.68 0.719669 0.0396687 0.7 0.7 
275 0 0.68 0.720284 0.0402839 0.7 0.7 
276 0 0.68 0.720789 0.0407887 0.7 0.7 
277 0 0.68 0.720994 0.0409945 0.7 0.7 
278 0 0.68 0.720979 0.0409786 0.7 0.7 
279 0 0.68 0.720802 0.0408023 0.7 0.7 
280 0 0.68 0.720513 0.0405129 0.7 0.7 
281 0 0.68 0.720145 0.0401454 0.7 0.7 
282 0 0.68 0.719725 0.0397254 0.7 0.7 
283 0 0.68 0.719386 0.0393861 0.7 0.7 
284 0 0.68 0.71926 0.0392605 0.7 0.7 
285 0 0.68 0.719314 0.0393145 0.7 0.7 
286 0 0.68 0.719518 0.0395178 0.7 0.7 
287 0 0.68 0.719844 0.0398435 0.7 0.7 
288 0 0.68 0.720268 0.0402679 0.7 0.7 
289 0 0.68 0.720541 0.0405407 0.7 0.7 
290 0 0.68 0.720422 0.0404223 0.7 0.7 
291 0 0.68 0.72002 0.0400203 0.7 0.7 
292 0 0.68 0.719426 0.0394255 0.7 0.7 
293 0 0.68 0.718855 0.0388549 0.7 0.7 
294 0 0.68 0.718504 0.0385036 0.7 0.7 
295 0 0.68 0.718339 0.0383386 0.7 0.7 
296 0 0.68 0.718331 0.0383311 0.7 0.7 
297 0 0.68 0.718456 0.0384558 0.7 0.7 
298 0 0.68 0.718691 0.0386908 0.7 0.7 
299 0 0.68 0.719017 0.0390169 0.7 0.7 
300 0 0.68 0.719418 0.0394177 0.7 0.7 
301 0 0.68 0.719879 0.0398791 0.7 0.7 
302 0 0.68 0.720389 0.0403888 0.7 0.7 
303 0 0.68 0.720677 0.0406771 0.7 0.7 
304 0 0.68 0.720497 0.0404965 0.7 0.7 
305 0 0.68 0.72 0.0400001 0.7 0.7 
306 0 0.68 0.71931 0.03931 0.7 0.7 
307 0 0.68 0.718654 0.0386537 0.7 0.7 
308 0 0.68 0.718223 0.0382232 0.7 0.7 
309 0 0.68 0.717988 0.0379881 0.7 0.7 
310 0 0.68 0.717922 0.0379215 0.7 0.7 
311 0 0.68 0.718 0.038 0.7 0.7 
312 0 0.68 0.718203 0.0382029 0.7 0.7 
313 0 0.68 0.718512 0.038512 0.7 0.7 
314 0 0.68 0.718911 0.0389112 0.7 0.7 
315 0 0.68 0.719387 0.0393866 0.7 0.7 
316 0 0.68 0.719926 0.0399258 0.7 0.7 
317 0 0.68 0.720518 0.0405178 0.7 0.7 
318 0 0.68 0.720904 0.0409037 0.7 0.7 
319 0 0.68 0.720843 0.0408428 0.7 0.7 
320 0 0.68 0.720476 0.0404758 0.7 0.7 
321 0 0.68 0.719915 0.039915 0.7 0.7 
322 0 0.68 0.719384 0.0393839 0.7 0.7 
323 0 0.68 0.719076 0.0390761 0.7 0.7 
324 0 0.68 0.71896 0.0389602 0.7 0.7 
325 0 0.68 0.719008 0.0390084 0.7 0.7 
326 0 0.68 0.719196 0.0391961 0.7 0.7 
327 0 0.68 0.719502 0.0395018 0.7 0.7 
328 0 0.68 0.719906 0.0399063 0.7 0.7 
329 0 0.68 0.720392 0.0403925 0.7 0.7 
330 0 0.68 0.720707 0.0407072 0.7 0.7 
331 0 0.68 0.720611 0.0406114 0.7 0.7 
332 0 0.68 0.720227 0.0402275 0.7 0.7 
333 0 0.68 0.719655 0.0396547 0.7 0.7 
334 0 0.68 0.719112 0.0391123 0.7 0.7 
335 0 0.68 0.718794 0.038794 0.7 0.7 
336 0 0.68 0.718667 0.0386668 0.7 0.7 
337 0 0.68 0.718702 0.038702 0.7 0.7 
338 0 0.68 0.718874 0.0388739 0.7 0.7 
339 0 0.68 0.71916 0.03916 0.7 0.7 
340 0 0.68 0.719541 0.0395407 0.7 0.7 
341 0 0.68 0.719998 0.0399985 0.7 0.7 
342 0 0.68 0.720518 0.0405181 0.7 0.7 
343 0 0.68 0.720832 0.0408318 0.7 0.7 
344 0 0.68 0.720689 0.0406894 0.7 0.7 
345 0 0.68 0.720229 0.0402285 0.7 0.7 
346 0 0.68 0.719561 0.0395609 0.7 0.7 
347 0 0.68 0.718918 0.0389179 0.7 0.7 
348 0 0.68 0.718501 0.0385011 0.7 0.7 
349 0 0.68 0.718278 0.0382778 0.7 0.7 
350 0 0.68 0.718219 0.0382191 0.7 0.7 
