 
 -3 -0.0541157
  -2.94 -0.0608426
  -2.88 -0.0675695
  -2.82 -0.0742964
  -2.76 -0.0810234
  -2.7 -0.0877503
  -2.64 -0.0944772
  -2.58 -0.101204
  -2.52 -0.107931
  -2.46 -0.114658
  -2.4 -0.121385
  -2.34 -0.128112
  -2.28 -0.134839
  -2.22 -0.141566
  -2.16 -0.148293
  -2.1 -0.15502
  -2.04 -0.161747
  -1.98 -0.168473
  -1.92 -0.1752
  -1.86 -0.181927
  -1.8 -0.188654
  -1.74 -0.195381
  -1.68 -0.202108
  -1.62 -0.208835
  -1.56 -0.215562
  -1.5 -0.222289
  -1.44 -0.229016
  -1.38 -0.235743
  -1.32 -0.24247
  -1.26 -0.249197
  -1.2 -0.255924
  -1.14 -0.26265
  -1.08 -0.269377
  -1.02 -0.276104
  -0.96 -0.282831
  -0.9 -0.289558
  -0.84 -0.296285
  -0.78 -0.303012
  -0.72 -0.309739
  -0.66 -0.316466
  -0.6 -0.323193
  -0.54 -0.32992
  -0.48 -0.336647
  -0.42 -0.343374
  -0.36 -0.350101
  -0.3 -0.356827
  -0.24 -0.363554
  -0.18 -0.370281
  -0.12 -0.377008
  -0.06 -0.383735
  0 -0.390462
  0.06 -0.397189
  0.12 -0.403916
  0.18 -0.410643
  0.24 -0.41737
  0.3 -0.424097
  0.36 -0.430824
  0.42 -0.437551
  0.48 -0.444278
  0.54 -0.451005
  0.6 -0.457731
  0.66 -0.464458
  0.72 -0.471185
  0.78 -0.477912
  0.84 -0.484639
  0.9 -0.491366
  0.96 -0.498093
  1.02 -0.50482
  1.08 -0.511547
  1.14 -0.518274
  1.2 -0.525001
  1.26 -0.531728
  1.32 -0.538455
  1.38 -0.545182
  1.44 -0.551908
  1.5 -0.558635
  1.56 -0.565362
  1.62 -0.572089
  1.68 -0.578816
  1.74 -0.585543
  1.8 -0.59227
  1.86 -0.598997
  1.92 -0.605724
  1.98 -0.612451
  2.04 -0.619178
  2.1 -0.625905
  2.16 -0.632632
  2.22 -0.639359
  2.28 -0.646085
  2.34 -0.652812
  2.4 -0.659539
  2.46 -0.666266
  2.52 -0.672993
  2.58 -0.67972
  2.64 -0.686447
  2.7 -0.693174
  2.76 -0.699901
  2.82 -0.706628
  2.88 -0.713355
  2.94 -0.720082
  3 -0.726809  