  -0.913733 1.2208 -2.39436 0.0727025 -0.0363834 0.0164876  
  -1.35305 1.83352 -1.52809 0.12203 -0.0113756 0.0157492  
  -1.79755 1.73453 -1.821 0.0964576 0.0188854 0.010185  
  -1.65312 1.55603 -1.87863 0.0828501 0.00930237 0.0117721  
  -1.93981 2.01343 -1.96162 0.129002 0.0206228 0.0120084  
  -0.859852 1.40914 -2.02847 0.0653378 -0.0370872 0.0125627  
  -1.57985 1.59021 -1.92497 0.0776429 0.00638659 0.0111827  
  -1.24968 1.3803 -2.14984 0.0866837 -0.0171693 0.0149291  
  -1.85673 1.8584 -2.10048 0.112817 0.0147062 0.0107803  
  -1.74441 1.6109 -1.8572 0.0866101 0.0157242 0.0111345  
  -1.4102 1.49891 -1.79305 0.079885 -0.00523999 0.0115817  
  -1.33952 1.62432 -1.62695 0.0857259 -0.0212903 0.0106272  
  -1.72379 1.74067 -1.84476 0.101492 0.0131258 0.0117464  
  -1.00066 1.31067 -1.6312 0.0532557 -0.0363658 0.0110508  
  -1.57177 1.7161 -1.63025 0.0896061 0.00505847 0.00945321  
  -1.33153 1.67372 -1.78633 0.089251 -0.0126849 0.0109854  
  -1.3395 1.39946 -1.68399 0.0608043 -0.010329 0.00994511  
  -1.07072 1.43207 -1.44189 0.0574574 -0.0319646 0.0103895  
  -1.27813 1.39928 -1.89114 0.0522012 -0.0141814 0.0103889  
