  -1.79605 1.05278 0.239652 -0.0592454 0.0810871 0.0740245  
  -1.60352 1.38216 0.400232 -0.0304923 0.0766135 0.0629857  
  -2.09179 1.27262 -0.128506 -0.0694514 0.0772692 0.0806869  
  -1.52825 0.991527 0.114604 -0.0683413 0.0685413 0.0691668  
  -2.15892 1.21344 0.1553 -0.038787 0.102322 0.0805214  
  -0.774931 1.1276 0.0370063 -0.0957039 0.0349924 0.0415128  
  -1.86894 1.12572 -0.168624 -0.0711036 0.0795682 0.0748235  
  -1.56904 0.996232 0.261515 -0.0599417 0.0729037 0.0701543  
  -1.71579 1.27628 0.3884 -0.0323509 0.0867884 0.0674133  
  -2.00225 1.11768 0.109383 -0.0720949 0.0866124 0.0753383  
  -1.91418 1.15189 0.0346712 -0.043814 0.0897922 0.0763809  
  -1.7482 1.05208 -0.0719498 -0.0614225 0.0715397 0.0744019  
  -0.964321 1.4292 -0.231043 -0.0647916 0.0499253 0.0434723  
  -1.54257 1.34841 0.35977 -0.035196 0.0737697 0.0629954  
  -2.21991 1.27512 -0.114021 -0.0700342 0.0902593 0.0805583  
  -2.31348 1.29335 0.321704 -0.038843 0.10132 0.0849188  
  -2.1335 1.25179 -0.0175001 -0.0641483 0.0839463 0.0810857  
  -1.82047 1.16124 0.170132 -0.0400283 0.0866008 0.073704  
  -2.11403 1.22801 0.222287 -0.0426877 0.0877565 0.0830457  
