  0 0 0 0.0966281 0.112078 0.0599615 -0.111683 0.0547618 0.224624 -0.219821 0.264004 -0.0468939 -0.44332 -1.14001 -0.430377 -0.769425 -0.347608 -1.84347 -0.525686 -0.420813 0.397099 0.0283035 0.125314 0.00478121 0.0223544  
  0 0 0 0.0966281 0.0940031 0.0600653 -0.23339 0.469917 0.885301 -0.186144 0.866337 0.486591 0.355102 -1.0112 -0.350318 -1.57593 2.69717 -0.873508 -1.793 -0.422183 0.396495 0.0283035 0.125314 0.00478121 0.0223544  
  0 0 0 0.0966281 0.108622 0.0601692 0.189516 0.954837 0.543077 -0.0570775 -0.0437351 -0.0235302 0.228262 -0.963422 -0.663371 -3.6667 0.84034 -1.87228 -1.93079 -0.422114 0.396512 0.0283035 0.125314 0.00478121 0.0223544  
  0 0 0 0.0966281 0.100977 0.0601692 -0.172537 0.578524 -0.00115192 0.740187 1.08882 0.244743 -0.133819 -2.03423 -1.42618 -2.53428 0.518305 -1.77921 -1.85428 -0.422075 0.81217 0.0283035 0.125314 0.00478121 0.0223544  
  0 0 0 0.0966281 0.109146 0.0601692 0.111999 0.538895 1.18962 -0.102209 0.239066 -0.340391 -0.214686 -0.9585 -0.269971 -5.56767 1.92966 -1.93406 -0.838554 -0.423598 0.366778 0.0283035 0.125314 0.00478121 0.0223544  
  0 0 0 0.0966281 0.10192 0.0600653 -1.06702 0.191641 0.669369 0.55797 -0.220792 -0.524831 0.478415 -0.606664 -0.73787 -1.43073 3.44439 -1.91296 -1.81925 -0.494474 0.398879 0.0283035 0.125314 0.00478121 0.0223544  
  0 0 0 0.0966281 0.0960033 0.0600653 -0.414707 0.845069 1.18092 -0.247162 0.570593 0.252857 0.252475 -1.34142 -1.59144 -4.48662 2.18728 -1.90243 -1.64252 -0.416593 0.396355 0.0283035 0.125314 0.00478121 0.0223544  
  0 0 0 0.0966281 0.105124 0.0600653 0.348697 0.634818 0.640047 -0.259479 0.568089 0.0386875 -0.288241 -0.988743 -0.415755 -1.72344 0.0784936 -1.6752 -0.96587 -0.422096 0.396007 0.0283035 0.125314 0.00478121 0.0223544  
  0 0 0 0.0966281 0.0986736 0.0600653 -0.582858 0.011526 -0.25472 0.598745 0.717162 0.157831 -0.155612 -1.0739 -0.926071 -0.52236 1.87048 -1.92831 -0.447635 -0.42211 0.397269 0.0283035 0.125314 0.00478121 0.0223544  
  0 0 0 0.0966281 0.110612 0.0600653 0.139606 0.404586 0.521065 -0.233424 0.913287 0.167597 -0.287119 -1.5777 -1.76951 -5.5384 0.838315 -1.88607 -1.36691 -0.433996 0.521339 0.0283035 0.125314 0.00478121 0.0223544  
  0 0 0 0.0966281 0.127199 0.0600653 -0.0740439 -0.285363 0.170693 1.02988 0.886386 0.163411 0.095488 -1.51616 -1.24324 -3.16694 -0.111303 -0.223245 -1.95664 -0.424076 0.504762 0.0283035 0.125314 0.00478121 0.0223544  
  0 0 0 0.0966281 0.114905 0.0601692 -0.619984 0.781894 -0.0357094 0.0433789 -0.0699764 0.204591 0.85092 -1.60351 -1.73922 -2.06184 0.608055 -1.94885 -1.90253 -0.425077 0.330653 0.0355303 0.125314 0.00609777 0.0223544  
  0 0 0 0.0966281 0.109439 0.0601692 -1.07598 0.457978 -0.246301 0.250806 1.05315 0.442766 -0.315822 -0.274024 -1.25991 -1.42454 0.462321 -1.23324 -1.78418 -0.42197 0.409678 0.0357339 0.125314 0.00613485 0.0223544  
  0 0 0 0.0966281 0.096286 0.0600653 0.167712 1.27618 0.814301 -0.0144163 0.0367993 0.0208881 0.47601 -1.10863 -1.97363 -2.37378 1.20728 -0.112558 -1.81006 -0.422684 0.347865 0.0357339 0.125314 0.00613485 0.0223544  
  0 0 0 0.0966281 0.113177 0.0600653 -0.197823 0.898793 0.127653 0.0117404 0.0728367 0.380564 0.131969 -1.4901 -0.941128 -5.1289 0.566179 -2.00496 -1.84884 -0.420443 0.426116 0.0357339 0.125314 0.00613485 0.0223544  
  0 0 0 0.0966281 0.0942335 0.0601692 0.0203287 -0.0606028 0.953997 0.220436 1.00514 0.240093 0.391182 -1.96726 -2.02358 -0.244463 -0.354608 -1.39393 -1.4771 -0.420278 0.371551 0.0357339 0.125314 0.00613485 0.0223544  
  0 0 0 0.0966281 0.0857198 0.0601692 0.189516 0.475662 -0.206088 0.736685 -0.353775 0.19056 0.133332 -1.95127 -0.56164 -4.15714 1.21583 -1.85009 -1.85733 -0.425512 0.975498 0.0357339 0.125314 0.00613485 0.0223544  
  0 0 0 0.0966281 0.091448 0.0601692 -0.025129 0.654798 0.942059 0.996391 -0.154783 -0.0583913 0.197313 -1.56389 -1.78036 -2.9605 0.816634 -0.12548 -1.59995 -0.426469 0.289058 0.0357339 0.125314 0.00613485 0.0223544  
  0 0 0 0.0966281 0.0980453 0.0601692 0.292984 0.0395816 -0.175615 -0.290712 -0.207172 -0.0774094 -0.242155 -1.51746 -0.592085 -2.16146 2.09678 -1.56915 -1.89521 -0.419899 1.3085 0.0357339 0.125314 0.00613485 0.0223544  
