  0.130416 0 0 0.700029 0.120695 0 1.089 1.24797 2.23886 2.45913 1.8125 0.234734 -0.401202 0.26322 -2.83085 -0.112012 0.654952 1.56574 -1.49282 -0.20256 0.00465361 0 0 5.4205 -0.930209  
  0.135926 0 0 0.700042 0.111164 0 1.0607 0.396334 -1.52165 -0.214271 3.9318 -0.139599 -0.212446 -0.77901 1.23307 0.63527 -0.518365 0.0330925 -0.414155 -0.00119009 0.044395 0 0 -0.928126 0.860243  
  0.140415 0 0 0.700036 -0.0399206 0 0.695237 0.479574 -1.60554 0.637418 2.92386 -1.31281 -0.961868 -0.0993111 0.783223 -0.0535879 -0.344258 1.56412 1.53069 -0.0336036 -0.141872 0 0 0.554236 1.2157  
  0.144599 0 0 2.14428 -0.135109 0 1.12829 1.31339 1.38649 -0.113454 2.09476 -0.238059 -0.638224 -0.603513 2.9753 0.0111891 -0.100632 1.8336 1.03342 -0.267845 0.114299 0 0 3.8141 -1.0783  
  0.148781 0 0 2.16641 0.223549 0 0.716319 1.33873 -2.40379 3.63412 1.64997 -1.06568 -1.36529 0.335679 -1.57734 0.270455 -1.4266 1.50399 -0.124649 0.17342 -0.0370475 0 0 -0.938296 0.876947  
  0.154582 0 0 2.16631 -0.0890684 0 -0.164339 1.35666 -2.63463 4.27672 0.278997 0.490527 0.33686 0.508903 -0.622067 1.42029 0.183959 -0.156373 1.55555 -0.215651 -0.048038 0 0 1.69655 -0.548187  
  0.15866 0 0 2.16615 0.103708 0 0.128915 0.483539 -2.4208 -0.421646 0.0772192 -2.1728 -1.16403 -0.365867 0.356784 0.355519 -0.0236268 1.43113 1.78872 0.584144 -0.0243189 0 0 -0.92583 -0.466703  
  0.162776 0 0 2.16606 -0.0168782 0 0.665351 1.29558 -2.35439 1.30315 0.448416 0.603381 -0.475966 -0.248997 -2.0344 0.123226 0.416249 1.98383 -1.71926 -0.376382 0.0968774 0 0 -0.788742 0.168855  
  0.167484 0 0 2.16588 -0.0499278 0 0.337033 1.19783 2.3991 3.7505 0.666125 -0.177402 -1.35511 1.93211 -0.182568 0.0314934 -0.776532 1.36562 0.346348 -0.0177571 0.0272055 0 0 -0.734835 -1.19617  
  0.171763 0 0 2.16571 0.1094 0 0.485547 0.252045 0.0718182 1.87 0.945698 -0.818043 -0.858341 0.174813 1.68842 0.340836 -0.128161 1.80899 1.46088 0.168331 0.0520541 0 0 1.26522 -0.48341  
  0.175832 0 0 11.2303 0.0364279 0 1.09117 1.23041 0.598072 0.0764669 3.91269 -0.193743 -0.481973 -0.367035 1.10727 -0.256425 0.294391 1.72982 1.54282 -0.430322 -0.0165565 0 0 -2.97211 2.57376  
  0.180942 0 0 11.2553 -0.0154737 0 0.962532 0.352955 1.62034 0.938006 1.04197 0.134219 0.157431 -0.753451 0.206095 -0.139944 -1.10098 1.99418 0.119614 -0.139759 0.0692468 0 0 8.85577 2.82056  
  0.185064 0 0 11.2542 0.0217276 0 0.389951 1.01005 2.22891 3.06105 1.91337 0.429035 -0.6255 0.378931 0.743606 1.59327 -0.0781996 -0.775765 0.108096 -0.0352428 -0.0564713 0 0 -1.88428 1.61637  
  0.18964 0 0 11.2589 0.0933979 0 1.60288 0.257856 -1.2291 1.50607 0.605195 -0.442728 -1.20489 -0.282685 0.111715 0.220355 -0.161772 1.7889 0.365087 -0.0584766 -0.167429 0 0 -2.54099 -1.60698  
  0.194687 0 0 11.2577 -0.0538237 0 1.05402 1.36445 0.833501 2.17963 3.05857 -1.32496 -1.43872 0.17005 0.590162 0.0644961 -0.145301 -3.17673 1.39533 -0.0897294 0.355202 0 0 1.02019 1.21648  
  0.199049 0 0 12.4488 0.118874 0 1.18004 0.766902 -2.12996 2.84919 1.52442 -0.664254 0.221317 0.766739 1.92618 -0.655033 0.230987 0.787412 1.56025 -0.0616422 -0.318043 0 0 -2.28711 0.810416  
  0.204003 0 0 12.4557 -0.0522363 0 0.596445 1.28793 2.1397 0.46022 -14.323 -1.99393 -2.05899 -0.158516 -0.0589965 0.144279 -1.09553 1.63679 0.731023 0.117038 -0.335401 0 0 2.50889 4.80318  
  0.209045 0 0 12.4543 0.138974 0 1.16189 0.428848 -1.61752 0.0276533 -0.931085 -0.254517 -1.95199 -1.22844 0.67139 -0.335507 0.444052 3.18372 1.27526 0.159736 0.630417 0 0 -2.02339 -1.02167  
  0.214015 0 0 12.4531 -0.127628 0 0.677192 1.29479 2.15188 -0.00701427 0.0210103 0.575926 -2.01491 -1.62266 -1.3648 -0.458021 -1.08531 2.14028 0.894929 0.0788565 -0.672745 0 0 2.71532 -2.24977  
