  0.234666 -1.93328
  0.210047 -0.411531
  0.210525 -0.441086
  0.197482 0.365132
  0.190839 0.775737
  0.210147 -0.417723
  0.222685 -1.19273
  0.184626 1.15975
  0.188439 0.924042
  0.177344 1.60987
  0.218662 -0.944056
  0.218411 -0.928551
  0.205229 -0.113707
  0.195289 0.500659
  0.190295 0.809333
  0.196744 0.410716
  0.215828 -0.768893
  0.202959 0.0265714
  0.223298 -1.23061
  0.202459 0.0575083
  0.220354 -1.04861
  0.205182 -0.110828
  0.237006 -2.07787
  0.203143 0.0151868
  0.191506 0.734498
  0.225391 -1.35997
  0.21448 -0.685576
  0.206567 -0.196409
  0.159908 2.68757
  0.179457 1.47927
  0.205288 -0.117405
  0.186638 1.03536
  0.196956 0.397612
  0.212395 -0.556676
  0.193677 0.600312
  0.181082 1.3788
  0.208565 -0.319941
  0.202294 0.067683
  0.208252 -0.300568
  0.20543 -0.126151
  0.217074 -0.845892
  0.17963 1.46857
  0.189012 0.888625
  0.163004 2.49621
  0.182359 1.2999
  0.190705 0.784018
  0.19439 0.556227
  0.199909 0.215106
  0.219225 -0.978847
  0.210868 -0.462293
  0.191887 0.710956
  0.197548 0.361041
  0.206052 -0.164597
  0.224251 -1.28949
  0.20729 -0.241125
  0.223329 -1.23251
  0.222446 -1.17791
  0.201917 0.0910119
  0.214033 -0.657914
  0.20735 -0.24485
  0.215513 -0.749396
  0.193072 0.637713
  0.18858 0.915367
  0.221725 -1.13334
  0.19897 0.273131
  0.181545 1.35016
  0.184375 1.17528
  0.209542 -0.380318
  0.193524 0.609758
  0.224379 -1.29741
  0.198022 0.331749
  0.236391 -2.03988
  0.190744 0.78162
  0.213567 -0.629126
  0.221057 -1.09206
  0.209454 -0.374859
  0.200886 0.154703
  0.176148 1.68379
  0.208878 -0.339289
  0.186502 1.04382
  0.214825 -0.706888
  0.202605 0.048432
  0.205041 -0.102111
  0.201418 0.121818
  0.204563 -0.0725608
  0.226325 -1.41772
  0.177707 1.58743
  0.227351 -1.48113
  0.195367 0.495874
  0.223701 -1.25547
  0.224093 -1.2797
  0.193589 0.60573
  0.203678 -0.017872
  0.201117 0.140434
  0.218106 -0.909649
  0.173134 1.87008
  0.20756 -0.257842
  0.20999 -0.408006
  0.237359 -2.0997
  0.184834 1.14687  