  1.03901 -12.1541 -4.90768 -2.00685 -0.435206 0.20331  
  -0.141353 -4.25706 11.0961 -1.3159 -0.364466 0.216569  
  3.45354 -12.5839 -4.96377 -2.04051 -0.642668 0.197228  
  3.23481 5.16409 -4.50299 -0.545603 -0.646174 0.219156  
  -6.11566 -4.33749 3.5522 -1.34444 0.164168 0.229542  
  -2.97714 1.34838 -5.04235 -0.877091 -0.102123 0.228866  
  8.85229 3.67097 -3.75422 -0.665751 -1.1279 0.20422  
  1.04782 4.31256 7.90713 -0.59946 -0.471749 0.223541  
  -3.57637 -8.58904 -4.48257 -1.71164 -0.0411624 0.217533  
  -4.82582 -4.07212 6.80328 -1.31161 0.0468042 0.226772  
  -4.7171 -2.77591 -4.68669 -1.22621 0.0523412 0.227749  
  -0.0630942 -13.0798 -2.36737 -2.08153 -0.339235 0.204554  
  -6.27167 -5.32233 1.07981 -1.43208 0.178983 0.228338  
  -0.00443634 -3.28205 -8.61924 -1.27259 -0.351097 0.21585  
  -3.93796 -4.21438 -5.75646 -1.34956 -0.0114893 0.224152  
  -4.74496 1.9392 3.44738 -0.815335 0.0377385 0.234097  
  2.21684 -10.8443 -6.66195 -1.90034 -0.53543 0.201204  
  3.89973 -1.44486 -9.0516 -1.11218 -0.689234 0.208809  
  -5.43435 -7.94661 2.13445 -1.64801 0.113102 0.223572  
