  -14.7294 -0.347625 20.6249 -0.322296 0.221423 0.144317  
  0.965943 13.8446 17.1519 1.12251 -1.44607 0.0866571  
  -8.24881 13.3251 20.5008 1.09 -0.465903 0.126357  
  -6.60271 -2.04391 0.622165 -0.593756 -0.643074 0.107543  
  -0.398275 1.67981 0.725575 -0.206407 -1.31074 0.0819551  
  -1.77464 8.67331 1.18405 0.521402 -1.15519 0.094227  
  -1.54515 12.3765 21.5858 0.989038 -1.17812 0.0965186  
  -11.9921 6.25091 23.5181 0.378333 -0.0666366 0.137145  
  5.02539 8.70664 7.85193 0.546438 -1.88644 0.0635257  
  -2.9948 0.124311 25.5806 -0.261224 -1.03355 0.0928511  
  -5.37314 6.4618 -0.146235 0.290676 -0.770023 0.107395  
  1.20792 11.2421 4.55896 0.79613 -1.4733 0.0825298  
  -11.0932 14.8244 12.9292 1.21657 -0.157468 0.139685  
  -4.21162 -8.00124 5.42214 -1.1854 -0.908348 0.0908411  
  -15.2849 4.17233 4.42124 0.082274 0.282589 0.149491  
  4.7226 2.37367 20.2329 -0.0554105 -1.85476 0.0601726  
  -3.4955 16.2807 10.7885 1.35369 -0.9646 0.107822  
  -4.91431 1.94484 26.0485 -0.066712 -0.82636 0.10226  
  -6.78765 16.2874 11.104 1.35788 -0.61287 0.122116  
