  0 0 0 0.0966282 0.154489 0.061 -0.892995 0.0172382 0.866326 0.990081 -0.297697 0.242659 0.444901 -0.517905 -0.703993 -2.12663 3.97963 -0.753923 -0.76602 -0.138701 1.57037 0.213559 0.125312 0.0380642 0.022354  
  0 0 0 0.0966282 0.143064 0.0608962 -0.188845 0.694594 0.953473 -0.351172 -0.0484893 -0.465147 0.827764 -0.342428 -1.31985 -3.59439 1.62486 -1.40225 -1.88695 -0.137613 1.50644 0.213559 0.125312 0.0380642 0.022354  
  0 0 0 0.0966282 0.170302 0.061 -0.941496 0.213462 0.639524 0.0814636 -0.031731 -0.28454 1.65991 -0.946484 -0.273242 -2.61985 3.69297 -1.41743 -1.91232 -0.141312 1.4065 0.213738 0.125312 0.0380957 0.022354  
  0 0 0 0.0966282 0.139546 0.0608962 0.0297635 1.55914 0.806866 0.761116 -0.157989 0.502273 2.51027 -0.727287 -0.352895 -0.545846 4.66577 -1.29427 -1.30438 -0.137191 1.5864 0.213742 0.125312 0.0380963 0.022354  
  0 0 0 0.0966282 0.151976 0.0608962 0.0895392 0.90283 -0.199596 0.295692 0.258066 -1.71848 0.0271768 -0.212062 -1.49603 -4.23637 1.2057 -1.67968 -1.86054 -0.137505 1.56322 0.213743 0.125312 0.0380967 0.022354  
  0 0 0 0.0966282 0.151557 0.0608962 -0.654631 1.28248 -0.203575 0.951489 -0.0513148 0.416067 -0.313738 -1.1563 -0.318469 0.149881 0.987156 -1.7622 -1.83512 -0.142878 1.35541 0.213745 0.125312 0.038097 0.022354  
  0 0 0 0.0966282 0.160039 0.0608962 -0.396468 0.672458 0.393851 0.200725 -0.154724 -0.646188 2.45575 -1.6857 -1.04801 -2.60863 4.61741 -1.91931 -1.32969 -0.137961 1.58563 0.213745 0.125312 0.038097 0.022354  
  0 0 0 0.0966282 0.170826 0.061 -0.115083 -0.096692 0.192999 0.357658 0.867014 -0.0992176 -0.0284663 -0.584659 -0.978117 -2.53677 2.23876 -1.3802 -1.84636 -0.138423 1.56749 0.213745 0.125312 0.038097 0.022354  
  0 0 0 0.0966282 0.163076 0.0608962 -0.774671 -0.435009 0.601364 -0.229533 0.284916 -1.03745 -0.0303905 -0.369312 -0.988033 -3.7312 -0.179389 -0.867351 -1.84784 -0.137961 1.57053 0.213745 0.125312 0.038097 0.022354  
  0 0 0 0.0966282 0.132854 0.061 -0.437672 0.60949 0.516792 0.1856 -0.265712 -0.524479 -0.0746645 -0.345251 -0.642495 -2.7567 2.7346 -1.94905 -1.57278 -0.138431 1.57123 0.213745 0.125312 0.038097 0.022354  
  0 0 0 0.0966282 0.138991 0.0608962 0.256737 0.35592 0.0211534 -0.25536 1.04207 -1.59356 -0.395037 -0.346989 -1.82495 -4.55586 0.814135 -1.55964 -1.63969 -0.139815 1.57018 0.213745 0.125312 0.038097 0.022354  
  0 0 0 0.0966282 0.156186 0.0608962 -1.05848 0.124254 0.402983 0.375499 -0.0680984 -1.3495 0.643741 -1.61344 -1.13628 -4.36856 3.45653 -1.93164 -1.04198 -0.138427 1.57035 0.213745 0.125312 0.038097 0.022354  
  0 0 0 0.0966282 0.233207 0.061 0.390101 1.19164 -0.251013 -0.331207 -0.191962 -0.351776 -0.2605 -1.37794 -1.02625 -5.11843 1.30468 -1.82446 -1.88034 -0.138484 1.56953 0.213745 0.125312 0.038097 0.022354  
  0 0 0 0.0966282 0.143755 0.0608962 -0.00412871 -0.406937 0.899124 0.52244 0.340918 0.528251 -0.202772 -0.269102 -1.4706 -0.568117 0.784749 -0.855212 -0.756026 -0.140441 1.5707 0.213749 0.125312 0.0380977 0.022354  
  0 0 0 0.0966282 0.163652 0.0608962 -1.30971 -0.0707174 0.205565 -0.0386105 0.812366 0.188732 -0.21095 -0.521148 -2.07989 -1.27946 1.24625 -1.08825 -1.03741 -0.138436 1.56987 0.213749 0.125312 0.0380977 0.022354  
  0 0 0 0.0966282 0.152227 0.0607923 0.563093 0.385601 0.749689 0.682714 -0.123813 -1.2913 -0.0474202 -0.867483 -0.517963 -3.19015 1.63855 -1.60887 -1.86718 -0.138005 1.56981 0.213751 0.125312 0.038098 0.022354  
  0 0 0 0.0966284 0.140247 0.0607923 -2.13427 -0.116813 1.06332 0.489778 -0.156331 0.40056 0.53037 -1.99535 -0.837341 -0.619196 4.46255 -1.6902 -0.958734 -0.305723 1.57014 0.213751 0.125312 0.038098 0.022354  
  0 0 0 0.0966282 0.132812 0.0607923 0.0699566 0.960807 0.631565 -0.0121153 -0.191319 -0.298715 2.07956 -0.153575 -0.421024 -2.85165 4.35137 -1.82174 -1.49951 -0.127893 1.56383 0.213751 0.125312 0.038098 0.022354  
  0 0 0 0.0966282 0.153201 0.0608962 -1.11195 0.403757 0.0651357 0.652395 -0.208188 0.255648 -0.270073 -2.12246 -1.24493 -0.547003 1.10852 -1.63781 -1.91776 -0.144666 1.57188 0.213753 0.125312 0.0380984 0.022354  
