  -0.00172975 0 0 0.0011482 0.111514 0 0.368689 0.881046 -1.53011 -0.0984077 -0.57259 0.107235 0.0136646 -0.926314 -2.7603 1.43894 0.0872502 -0.568942 0.212536 -0.0178442 -0.0633724 0 0 -0.837222 0.978983  
  -0.00188476 0 0 0.00384309 0.17108 0 0.503489 0.568793 -1.81152 -6.24647 -0.138881 -1.37686 -0.488979 -2.12151 0.105854 -1.55022 0.177619 1.84779 0.911808 -0.0814972 0.0366174 0 0 -0.748424 1.01376  
  -0.00192531 0 0 0.0076497 0.0335651 0 -0.0971525 1.56977 -2.35114 -0.755321 2.9065 -0.615762 2.88823 -3.00008 -0.07655 -0.173768 0.410631 1.50613 0.439054 0.409937 -0.134691 0 0 1.70234 1.45277  
  -0.00193111 0 0 0.0109684 0.149269 0 1.37108 0.660623 -1.28608 -0.48691 1.08038 -0.389199 -0.626966 -1.30087 -0.643378 0.0988429 -1.5229 -1.44158 -0.947996 0.0846233 -0.17561 0 0 -1.05339 0.731497  
  -0.00193253 0 0 0.0161057 -0.0786931 0 0.891215 1.37424 2.21521 1.59115 0.539601 -1.08463 -1.26594 -0.043716 1.33186 -0.270789 0.0147255 -0.0674962 1.77399 -0.0639377 0.0711045 0 0 0.618011 0.713936  
  -0.00193278 0 0 0.0218653 -0.0784355 0 -0.000285152 0.524279 4.80843 2.08698 2.52481 -0.121683 -1.70347 1.39979 -0.252955 -0.851078 -0.491544 0.502422 0.294295 0.367656 -0.0311986 0 0 -1.40885 -1.22893  
  -0.00193283 0 0 0.0277689 0.193561 0 0.461916 1.38735 0.685927 -0.427828 -0.422341 0.0983136 0.0338434 -1.22084 0.256341 -0.324719 -0.772958 1.10722 -1.64291 -0.0703831 -0.232639 0 0 -0.563392 -0.168441  
  -0.00193285 0 0 0.0350548 0.0602559 0 0.590021 0.952369 0.448959 -0.38289 2.92301 0.0510083 -0.927831 -1.80034 0.879203 1.40869 -0.457506 0.254112 0.175826 -0.0582776 0.0388098 0 0 -0.735954 0.449942  
  -0.00193285 0 0 0.0414842 0.098567 0 0.121547 1.00899 -0.347192 -1.96052 3.37969 -0.987473 -0.415159 -1.58672 0.781797 -1.74427 0.459406 -0.0511078 1.64617 -0.0210578 0.0795763 0 0 -0.706489 -0.946568  
  -0.00193285 0 0 0.0489814 0.022835 0 0.309438 1.64225 -1.2614 0.272967 0.00734879 -1.083 -1.03256 1.0292 -2.26611 -0.571522 -0.772439 -0.0844157 1.76028 -0.00239376 -0.23547 0 0 -0.736385 -0.487471  
  -0.00193285 0 0 4.52978 0.0476941 0 1.70975 0.820895 1.36984 0.847804 1.07933 -0.474417 -0.800097 -0.214962 2.58628 0.110124 -0.179312 0.0186513 1.17878 0.0234736 -0.0540525 0 0 -0.783869 -0.612711  
  -0.00193285 0 0 4.52763 -0.0223914 0 -0.0444416 1.28913 0.630905 -1.56669 -0.14915 -1.66128 -0.0713499 0.116487 -1.66431 -1.53311 0.281888 1.45211 0.356549 0.00930807 -0.0452327 0 0 -0.730207 -0.676362  
  -0.00193285 0 0 4.52722 0.101463 0 1.32998 1.07265 2.24105 0.843278 1.44629 -3.26939 -1.67358 -0.074746 0.994279 0.857313 0.0485933 2.85852 1.79548 -0.152255 0.0468453 0 0 -0.733261 -0.670209  
  -0.00193285 0 0 4.52675 0.21754 0 0.672368 0.724828 -1.53835 -0.876949 0.269021 -0.332573 -1.25374 -1.18715 0.240765 -0.0825581 0.13183 -2.13555 0.0145028 0.32614 -0.0686993 0 0 0.946567 0.923658  
  -0.00193285 0 0 4.52631 -0.0658441 0 -0.790851 0.258586 0.48988 0.0334028 0.304546 1.44537 -1.24663 -0.632948 0.723661 1.60751 -0.568498 0.978848 1.55153 -0.11034 0.000738807 0 0 0.119504 0.541149  
  -0.00193285 0 0 4.52586 0.209208 0 7.5313 0.560381 -0.891138 -1.34484 1.95173 -0.796226 -2.24435 0.847807 -0.841064 -2.02744 -1.44155 -0.128007 1.36734 -0.0226842 0.0272968 0 0 -0.572448 0.823005  
  -0.00193285 0 0 4.33696 0.0826757 0 -30 0.707076 -2.47139 3.0572 -1.63821 0.362834 0.149295 1.40824 -0.565993 -0.250315 0.290409 1.87123 0.141922 0.478219 -0.0569223 0 0 -1.01929 -0.0112486  
  -0.00193285 0 0 4.35839 -0.0170999 0 1.0126 1.28824 -2.30062 1.13494 2.08622 -0.201429 0.420414 3.07431 -0.976379 0.233874 -0.483083 0.0177353 0.143162 -0.123717 0.0162398 0 0 -0.95667 -0.0950413  
  -0.00193285 0 0 4.35796 -0.0469964 0 0.285816 1.35813 1.03591 1.18577 0.864062 0.124485 -2.77597 -6.36405 0.753505 -0.39184 0.313952 2.62966 1.66304 0.668538 -0.226031 0 0 -0.718659 0.702121  
