0 0 0.590551 0.62994 0.0393893 0.623236 0.710551 
1 0 0.590551 0.630037 0.0394859 0.623236 0.710551 
2 0 0.590551 0.630705 0.0401544 0.623236 0.710551 
3 0 0.590551 0.633131 0.0425804 0.623236 0.710551 
4 0 0.590551 0.638346 0.0477951 0.623236 0.710551 
5 0 0.590551 0.646253 0.0557022 0.623236 0.710551 
6 0 0.590551 0.656335 0.065784 0.623236 0.710551 
7 0 0.590551 0.667844 0.0772932 0.623236 0.710551 
8 0 0.590551 0.679978 0.089427 0.623236 0.710551 
9 0 0.590551 0.692004 0.101453 0.623236 0.710551 
10 0 0.590551 0.703335 0.112784 0.623236 0.710551 
11 0 0.590551 0.713553 0.123002 0.623236 0.710551 
12 0 0.590551 0.72241 0.131859 0.623236 0.710551 
13 0 0.590551 0.729793 0.139243 0.623236 0.710551 
14 0 0.590551 0.735698 0.145148 0.623236 0.710551 
15 0 0.590551 0.740189 0.149638 0.623236 0.710551 
16 0 0.590551 0.743367 0.152816 0.623236 0.710551 
17 0 0.590551 0.745352 0.154801 0.623236 0.710551 
18 0 0.590551 0.746261 0.15571 0.623236 0.710551 
19 0 0.590551 0.746201 0.15565 0.623236 0.710551 
20 0 0.590551 0.745263 0.154713 0.623236 0.710551 
21 0 0.590551 0.743521 0.152971 0.623236 0.710551 
22 0 0.590551 0.741032 0.150482 0.623236 0.710551 
23 0 0.590551 0.737842 0.147291 0.623236 0.710551 
24 0 0.590551 0.733986 0.143435 0.623236 0.710551 
25 0 0.590551 0.729496 0.138945 0.623236 0.710551 
26 0 0.590551 0.724403 0.133853 0.623236 0.710551 
27 0 0.590551 0.718743 0.128192 0.623236 0.710551 
28 0 0.590551 0.712554 0.122003 0.623236 0.710551 
29 0 0.590551 0.705883 0.115332 0.623236 0.710551 
30 0 0.590551 0.698785 0.108235 0.623236 0.710551 
31 0 0.590551 0.691322 0.100771 0.623236 0.710551 
32 0 0.590551 0.683561 0.0930107 0.623236 0.710551 
33 0 0.590551 0.675576 0.0850249 0.623236 0.710551 
34 0 0.590551 0.66744 0.0768893 0.623236 0.710551 
35 0 0.590551 0.659231 0.0686802 0.623236 0.710551 
36 0 0.590551 0.651024 0.0604731 0.623236 0.710551 
37 0 0.590551 0.642892 0.0523409 0.623236 0.710551 
38 0 0.590551 0.634903 0.0443522 0.623236 0.710551 
39 0 0.590551 0.627121 0.0365702 0.623236 0.710551 
40 0 0.590551 0.620076 0.0295252 0.623236 0.710551 
41 0 0.590551 0.614297 0.0237467 0.623236 0.710551 
42 0 0.590551 0.609623 0.0190719 0.623236 0.710551 
43 0 0.590551 0.605907 0.0153562 0.623236 0.710551 
44 0 0.590551 0.603022 0.0124711 0.623236 0.710551 
45 0 0.590551 0.600854 0.0103035 0.623236 0.710551 
46 0 0.590551 0.599305 0.00875423 0.623236 0.710551 
47 0 0.590551 0.598288 0.00773686 0.623236 0.710551 
48 0 0.590551 0.597727 0.0071762 0.623236 0.710551 
49 0 0.590551 0.597558 0.00700704 0.623236 0.710551 
50 0 0.590551 0.597724 0.00717281 0.623236 0.710551 
51 0 0.590551 0.598175 0.00762433 0.623236 0.710551 
52 0 0.590551 0.598869 0.00831866 0.623236 0.710551 
53 0 0.590551 0.599769 0.00921802 0.623236 0.710551 
54 0 0.590551 0.60084 0.010289 0.623236 0.710551 
55 0 0.590551 0.602053 0.0115019 0.623236 0.710551 
56 0 0.590551 0.603381 0.0128299 0.623236 0.710551 
57 0 0.590551 0.6048 0.014249 0.623236 0.710551 
58 0 0.590551 0.606288 0.0157376 0.623236 0.710551 
59 0 0.590551 0.607827 0.0172761 0.623236 0.710551 
60 0 0.590551 0.609398 0.018847 0.623236 0.710551 
61 0 0.590551 0.610985 0.0204347 0.623236 0.710551 
62 0 0.590551 0.612576 0.0220257 0.623236 0.710551 
63 0 0.590551 0.614159 0.023608 0.623236 0.710551 
64 0 0.590551 0.615722 0.0251715 0.623236 0.710551 
65 0 0.590551 0.617259 0.026708 0.623236 0.710551 
66 0 0.590551 0.618761 0.0282106 0.623236 0.710551 
67 0 0.590551 0.620225 0.029674 0.623236 0.710551 
68 0 0.590551 0.621645 0.0310941 0.623236 0.710551 
69 0 0.590551 0.623019 0.032468 0.623236 0.710551 
70 0 0.590551 0.624345 0.0337939 0.623236 0.710551 
71 0 0.590551 0.625621 0.0350708 0.623236 0.710551 
72 0 0.590551 0.626849 0.0362982 0.623236 0.710551 
73 0 0.590551 0.628027 0.0374763 0.623236 0.710551 
74 0 0.590551 0.629156 0.0386058 0.623236 0.710551 
75 0.10991 0.590551 0.630238 0.0396874 0.623236 0.710551 
76 0.238536 0.590551 0.631035 0.0404838 0.623236 0.710551 
77 0.342536 0.590551 0.631292 0.0407414 0.623236 0.710551 
78 0.424478 0.590551 0.63109 0.0405392 0.623236 0.710551 
79 0.486858 0.590551 0.630498 0.0399476 0.623236 0.710551 
80 0.532078 0.590551 0.62958 0.0390291 0.623236 0.710551 
81 0.562413 0.590551 0.628389 0.0378385 0.623236 0.710551 
82 0.58 0.590551 0.626975 0.0364246 0.623236 0.710551 
83 0.586825 0.590551 0.625381 0.03483 0.623236 0.710551 
84 0.584712 0.590551 0.623643 0.0330921 0.623236 0.710551 
85 0.575325 0.590551 0.621794 0.0312437 0.623236 0.710551 
86 0.56016 0.590551 0.619864 0.0293132 0.623236 0.710551 
87 0.540554 0.590551 0.616902 0.0263514 0.716902 0.710551 
88 0.517687 0.590551 0.613225 0.0226748 0.713225 0.710551 
89 0.492588 0.590551 0.610914 0.0203632 0.710914 0.710551 
90 0.466142 0.590551 0.610038 0.0194871 0.710038 0.710551 
91 0.439104 0.590551 0.61 0.019449 0.71 0.710551 
92 0.412102 0.590551 0.610245 0.0196942 0.710245 0.710551 
93 0.385651 0.590551 0.610472 0.0199215 0.710472 0.710551 
94 0.360162 0.590551 0.610593 0.0200422 0.710593 0.710551 
95 0.335954 0.590551 0.610625 0.0200747 0.710625 0.710551 
96 0.313263 0.590551 0.610614 0.0200632 0.710614 0.710551 
97 0.29225 0.590551 0.610592 0.0200414 0.710592 0.710551 
98 0.273016 0.590551 0.610575 0.0200245 0.710575 0.710551 
99 0.255606 0.590551 0.610566 0.0200156 0.710566 0.710551 
100 0.240017 0.590551 0.610563 0.0200122 0.710563 0.710551 
101 0.226213 0.590551 0.610562 0.0200114 0.710562 0.710551 
102 0.214122 0.590551 0.610562 0.0200113 0.710562 0.710551 
103 0.203652 0.590551 0.610562 0.0200111 0.710562 0.710551 
104 0.194691 0.590551 0.610561 0.0200106 0.710561 0.710551 
105 0.187116 0.590551 0.610561 0.0200101 0.710561 0.710551 
106 0.180794 0.590551 0.61056 0.0200097 0.71056 0.710551 
107 0.175593 0.590551 0.61056 0.0200095 0.71056 0.710551 
108 0.171376 0.590551 0.61056 0.0200094 0.71056 0.710551 
109 0.168015 0.590551 0.61056 0.0200095 0.71056 0.710551 
110 0.165385 0.590551 0.61056 0.0200097 0.71056 0.710551 
111 0.163371 0.590551 0.610561 0.02001 0.710561 0.710551 
112 0.161871 0.590551 0.610561 0.0200104 0.710561 0.710551 
113 0.160794 0.590551 0.610562 0.0200109 0.710562 0.710551 
114 0.160063 0.590551 0.610562 0.0200115 0.710562 0.710551 
115 0.159617 0.590551 0.610563 0.0200122 0.710563 0.710551 
116 0.159413 0.590551 0.610564 0.0200129 0.710564 0.710551 
117 0.159422 0.590551 0.610564 0.0200137 0.710564 0.710551 
118 0.159635 0.590551 0.610565 0.0200145 0.710565 0.710551 
119 0.160059 0.590551 0.610566 0.0200153 0.710566 0.710551 
120 0.160719 0.590551 0.610567 0.0200162 0.710567 0.710551 
121 0.161658 0.590551 0.610568 0.020017 0.710568 0.710551 
122 0.162935 0.590551 0.610568 0.0200177 0.710568 0.710551 
123 0.164627 0.590551 0.610569 0.0200185 0.710569 0.710551 
124 0.166823 0.590551 0.61057 0.0200191 0.71057 0.710551 
125 0.16963 0.590551 0.61057 0.0200198 0.71057 0.710551 
126 0.173163 0.590551 0.610571 0.0200203 0.710571 0.710551 
127 0.177552 0.590551 0.610571 0.0200208 0.710571 0.710551 
128 0.18293 0.590551 0.610572 0.0200212 0.710572 0.710551 
129 0.189439 0.590551 0.610572 0.0200215 0.710572 0.710551 
130 0.197219 0.590551 0.610573 0.0200218 0.710573 0.710551 
131 0.206408 0.590551 0.610573 0.020022 0.710573 0.710551 
132 0.217137 0.590551 0.610573 0.0200222 0.710573 0.710551 
133 0.229525 0.590551 0.610573 0.0200224 0.710573 0.710551 
134 0.243667 0.590551 0.610573 0.0200225 0.710573 0.710551 
135 0.259637 0.590551 0.610573 0.0200226 0.710573 0.710551 
136 0.277469 0.590551 0.610573 0.0200226 0.710573 0.710551 
137 0.297158 0.590551 0.610573 0.0200227 0.710573 0.710551 
138 0.318644 0.590551 0.610573 0.0200227 0.710573 0.710551 
139 0.341802 0.590551 0.610574 0.0200228 0.710574 0.710551 
140 0.366434 0.590551 0.610574 0.0200229 0.710574 0.710551 
141 0.392253 0.590551 0.610574 0.0200229 0.710574 0.710551 
142 0.418873 0.590551 0.610574 0.020023 0.710574 0.710551 
143 0.445792 0.590551 0.610574 0.0200231 0.710574 0.710551 
144 0.472385 0.590551 0.610574 0.0200232 0.710574 0.710551 
145 0.497881 0.590551 0.610574 0.0200234 0.710574 0.710551 
146 0.521358 0.590551 0.610574 0.0200236 0.710574 0.710551 
147 0.541723 0.590551 0.610574 0.0200237 0.710574 0.710551 
148 0.557705 0.590551 0.610575 0.020024 0.710575 0.710551 
149 0.567841 0.590551 0.610575 0.0200242 0.710575 0.710551 
150 0.57047 0.590551 0.610575 0.0200244 0.710575 0.710551 
151 0.563726 0.590551 0.610575 0.0200247 0.710575 0.710551 
152 0.545534 0.590551 0.610576 0.020025 0.710576 0.710551 
153 0.513615 0.590551 0.610576 0.0200254 0.710576 0.710551 
154 0.465491 0.590551 0.610576 0.0200257 0.710576 0.710551 
155 0.398501 0.590551 0.610577 0.0200261 0.710577 0.710551 
156 0.309821 0.590551 0.610577 0.0200265 0.710577 0.710551 
157 0.196494 0.590551 0.610578 0.0200269 0.710578 0.710551 
158 0.0554721 0.590551 0.610578 0.0200274 0.710578 0.710551 
159 0 0.590551 0.610579 0.0200279 0.710579 0.710551 
160 0 0.590551 0.610691 0.02014 0.710579 0.710551 
161 0 0.590551 0.611034 0.0204829 0.710579 0.710551 
162 0 0.590551 0.611571 0.0210205 0.710579 0.710551 
163 0 0.590551 0.612271 0.0217207 0.710579 0.710551 
164 0 0.590551 0.613106 0.0225552 0.710579 0.710551 
165 0 0.590551 0.61405 0.0234991 0.710579 0.710551 
166 0 0.590551 0.615081 0.0245306 0.710579 0.710551 
167 0 0.590551 0.616181 0.0256304 0.710579 0.710551 
168 0 0.590551 0.617333 0.0267819 0.710579 0.710551 
169 0 0.590551 0.618521 0.0279704 0.710579 0.710551 
170 0 0.590551 0.619734 0.0291835 0.710579 0.710551 
171 0 0.590551 0.620961 0.0304104 0.710579 0.710551 
172 0 0.590551 0.622193 0.0316418 0.710579 0.710551 
173 0 0.590551 0.623421 0.03287 0.710579 0.710551 
174 0 0.590551 0.624639 0.0340884 0.710579 0.710551 
175 0 0.590551 0.625842 0.0352916 0.710579 0.710551 
176 0 0.590551 0.627026 0.0364751 0.710579 0.710551 
177 0 0.590551 0.628186 0.0376352 0.710579 0.710551 
178 0 0.590551 0.62932 0.0387692 0.710579 0.710551 
179 0 0.590551 0.630426 0.0398749 0.710579 0.710551 
180 0 0.590551 0.631501 0.0409505 0.710579 0.710551 
181 0 0.590551 0.632737 0.0421858 0.710579 0.710551 
182 0 0.590551 0.634332 0.0437814 0.710579 0.710551 
183 0 0.590551 0.636221 0.0456698 0.710579 0.710551 
184 0 0.590551 0.638345 0.0477948 0.710579 0.710551 
185 0 0.590551 0.640662 0.0501112 0.710579 0.710551 
186 0 0.590551 0.643135 0.0525846 0.710579 0.710551 
187 0 0.590551 0.64574 0.0551895 0.710579 0.710551 
188 0 0.590551 0.648459 0.0579082 0.710579 0.710551 
189 0 0.590551 0.65128 0.0607294 0.710579 0.710551 
190 0 0.590551 0.654197 0.0636462 0.710579 0.710551 
191 0 0.590551 0.657206 0.0666554 0.710579 0.710551 
192 0 0.590551 0.660307 0.0697559 0.710579 0.710551 
193 0 0.590551 0.663498 0.0729476 0.710579 0.710551 
194 0 0.590551 0.666782 0.0762314 0.710579 0.710551 
195 0 0.590551 0.670159 0.0796079 0.710579 0.710551 
196 0 0.590551 0.673628 0.0830769 0.710579 0.710551 
197 0 0.590551 0.677189 0.086638 0.710579 0.710551 
198 0 0.590551 0.68084 0.0902894 0.710579 0.710551 
199 0 0.590551 0.684579 0.0940284 0.710579 0.710551 
200 0 0.590551 0.688402 0.0978511 0.710579 0.710551 
201 0 0.590551 0.692303 0.101753 0.710579 0.710551 
202 0 0.590551 0.69614 0.10559 0.710579 0.710551 
203 0 0.590551 0.699654 0.109103 0.710579 0.710551 
204 0 0.590551 0.702696 0.112145 0.710579 0.710551 
205 0 0.590551 0.705201 0.11465 0.710579 0.710551 
206 0 0.590551 0.707167 0.116616 0.710579 0.710551 
207 0 0.590551 0.70863 0.11808 0.710579 0.710551 
208 0 0.590551 0.709653 0.119102 0.710579 0.710551 
209 0 0.590551 0.710309 0.119758 0.710579 0.710551 
210 0 0.590551 0.710675 0.120124 0.710579 0.710551 
211 0 0.590551 0.710823 0.120272 0.710579 0.710551 
212 0 0.590551 0.710818 0.120268 0.710579 0.710551 
213 0 0.590551 0.710716 0.120165 0.710579 0.710551 
214 0 0.590551 0.710561 0.12001 0.710579 0.710551 
215 0 0.590551 0.710387 0.119836 0.710579 0.710551 
216 0 0.590551 0.710219 0.119668 0.710579 0.710551 
217 0 0.590551 0.710075 0.119524 0.710579 0.710551 
218 0 0.590551 0.709965 0.119414 0.710579 0.710551 
219 0 0.590551 0.709893 0.119342 0.710579 0.710551 
220 0 0.590551 0.709861 0.119311 0.710579 0.710551 
221 0 0.590551 0.709867 0.119317 0.710579 0.710551 
222 0 0.590551 0.709907 0.119357 0.710579 0.710551 
