  -5.00624 15.4984 7.77448 1.26964 -0.795104 0.108382  
  -11.3681 11.624 19.9895 0.927709 -0.126122 0.133235  
  -14.4073 9.59902 6.69623 0.668228 0.20268 0.144444  
  -3.84571 6.84939 25.5497 0.453796 -0.928842 0.0961484  
  -7.35459 -8.2248 5.5335 -1.18935 -0.565562 0.0988466  
  -9.54296 13.9365 18.686 1.16046 -0.315729 0.127221  
  -9.35288 -7.56314 19.4837 -1.06453 -0.347766 0.109527  
  -13.4804 12.5925 14.3257 1.00594 0.0993334 0.143054  
  -8.20368 15.3233 16.5008 1.29473 -0.456793 0.122415  
  -1.56808 10.4203 2.45732 0.720677 -1.16381 0.0882325  
  -11.6722 13.8213 15.8175 1.13919 -0.0875446 0.136085  
  -13.7243 12.4707 14.0879 0.992495 0.133542 0.144023  
  4.81923 9.77821 16.9066 0.707515 -1.85166 0.0605279  
  -14.0912 8.94461 5.75421 0.595349 0.169088 0.141832  
  -10.9703 14.693 13.521 1.22152 -0.159507 0.133893  
  -16.3309 8.30722 10.6542 0.554719 0.40971 0.151735  
  -17.2542 5.86056 12.0092 0.302093 0.504766 0.153652  
  -12.9872 13.2437 12.2373 1.06592 0.055715 0.141169  
  2.64561 11.2097 6.19905 0.815889 -1.61509 0.0703665  
  -14.0546 -1.73491 4.39484 -0.526315 0.168508 0.135215  
  -4.72678 16.1426 10.1223 1.34912 -0.825347 0.107122  
  -3.59995 8.27797 0.639726 0.492294 -0.945876 0.0952473  
  -14.0992 11.3565 9.15645 0.860898 0.175193 0.144199  
  -13.7733 5.66719 3.22083 0.248388 0.132208 0.138136  
  -15.8966 2.05603 19.4946 -0.0544534 0.360199 0.144928  
  -10.2012 -1.50122 24.1067 -0.413938 -0.251149 0.117474  
  6.35867 -0.82903 13.0824 -0.40541 -2.02643 0.0439265  
  -7.03329 2.54482 26.0044 0.0204363 -0.588419 0.106311  
  -15.1305 -2.67688 18.4507 -0.550093 0.272399 0.137887  
  -4.87539 11.9817 22.5166 0.97327 -0.810655 0.104495  
  -16.7242 4.3297 7.90454 0.127859 0.451708 0.149334  
  6.20884 7.98477 13.8199 0.512867 -1.99806 0.051786  
  2.87644 0.864632 22.5092 -0.186795 -1.64656 0.0611713  
  4.48517 11.2696 11.2436 0.84682 -1.81144 0.0617933  
  -10.051 9.34131 23.0436 0.705852 -0.261371 0.124596  
  -14.1378 7.27482 4.58532 0.416796 0.178414 0.140523  
  -10.3092 14.7205 9.43984 1.20492 -0.231861 0.129754  
  -15.9461 4.95745 6.2571 0.188955 0.36827 0.146392  
  -11.4246 9.62883 21.9343 0.737778 -0.109103 0.131824  
  -6.58161 4.32335 -0.510503 0.0847387 -0.628355 0.104995  
  -14.584 5.93393 20.2784 0.344939 0.216913 0.141461  
  -6.09532 -7.64716 4.67295 -1.13475 -0.690907 0.0934209  
  -1.8708 6.17619 0.241989 0.275141 -1.1308 0.085459  
  -15.0601 7.64742 18.7317 0.51678 0.269937 0.144928  
  -16.5489 6.22604 8.26632 0.325016 0.431489 0.149943  
  -12.3415 13.7419 11.6042 1.11448 -0.0107446 0.137607  
  -0.217447 3.5021 0.579399 -0.000682133 -1.31691 0.0756553  
  -11.401 9.02106 2.87764 0.593635 -0.111062 0.129694  
  0.409964 8.45824 2.09087 0.516296 -1.37526 0.0772622  
  6.93708 4.9025 11.7003 0.185642 -2.07693 0.045638  
  -16.4669 -0.789133 16.6971 -0.36411 0.420839 0.144338  
  -6.73604 15.2051 17.3678 1.28409 -0.613802 0.114616  
  4.64585 -3.08469 7.69437 -0.649781 -1.83833 0.0487958  
  -10.2116 13.0999 19.1663 1.08017 -0.240016 0.128032  
  -8.10784 10.2691 23.3085 0.807367 -0.46535 0.117135  
  -2.15608 14.9638 17.7148 1.25922 -1.09694 0.0946301  
  -15.0049 -3.60325 7.62975 -0.699816 0.269813 0.136369  
  -1.02704 -9.29855 13.6401 -1.26867 -1.23831 0.0695158  
  -14.2613 10.0256 6.65761 0.713049 0.188736 0.143219  
  -14.6237 -4.57913 8.14354 -0.798238 0.226794 0.133798  
  -7.54119 15.999 13.5224 1.35739 -0.521165 0.119043  
  -5.17663 10.5996 1.75978 0.745462 -0.774382 0.103055  
  -7.85776 -9.8 14.9589 -1.31838 -0.495947 0.100832  
  -4.88414 13.3138 4.02822 1.03793 -0.804808 0.10484  
  1.25514 13.2629 17.6875 1.08156 -1.46554 0.0768038  
  -9.58433 10.5441 2.84749 0.747489 -0.299285 0.122453  
  -10.1676 9.686 22.7932 0.740875 -0.246708 0.124883  
  -17.3435 1.33322 14.527 -0.155838 0.517371 0.149399  
  -10.9572 12.0331 19.2387 0.972499 -0.165577 0.13024  
  -3.33927 -5.63126 2.65245 -0.93436 -0.981832 0.0823561  
  -10.951 12.6629 19.061 1.03737 -0.163427 0.130693  
  0.383958 14.4526 16.0265 1.19315 -1.37168 0.0823114  
  -8.91081 15.389 15.0389 1.29895 -0.380188 0.123194  
  -14.4345 11.5904 13.7332 0.906248 0.214247 0.144642  
  -3.29573 15.9615 10.0581 1.33279 -0.972022 0.0994219  
  -2.32688 0.463491 25.4647 -0.210456 -1.08925 0.083066  
  -12.3573 11.3864 5.6096 0.845625 -0.011157 0.135112  
  1.12544 0.932188 23.7724 -0.168388 -1.46108 0.0676437  
  -8.49895 11.8049 3.36956 0.877821 -0.41885 0.118256  
  -5.06695 -2.96711 24.6802 -0.563892 -0.804498 0.0918864  
  1.63181 12.7471 18.0155 1.03106 -1.50299 0.0748525  
  2.46202 3.26159 2.32136 -0.0169456 -1.6009 0.0622646  
  -2.13018 6.43244 0.215943 0.306205 -1.10422 0.085867  
  -0.501346 15.0426 9.55526 1.23455 -1.26911 0.0862715  
  -15.4065 6.1387 18.7259 0.360895 0.303369 0.143497  
  -6.7355 10.2953 1.70749 0.713744 -0.606494 0.109059  
  0.63589 1.97697 1.05468 -0.15421 -1.40569 0.0690525  
  -15.2447 -5.08361 12.275 -0.823951 0.290301 0.134219  
  -16.5119 8.06762 13.0947 0.540712 0.435142 0.150352  
  -6.12199 5.59187 25.8275 0.329218 -0.679424 0.103118  
  0.47208 14.9112 13.6561 1.2321 -1.3823 0.0815811  
  -9.59089 14.2357 17.5585 1.18988 -0.306631 0.12465  
  -10.9852 11.5049 20.6723 0.922466 -0.154758 0.129069  
  -16.6224 7.30042 14.4265 0.462768 0.441427 0.149909  
  -10.4845 -7.42743 19.0305 -1.04555 -0.217285 0.112405  
  -0.200364 2.78331 24.9276 0.0325323 -1.31447 0.0746119  
  -15.811 4.56031 5.61919 0.146208 0.352427 0.143767  
  -1.94183 2.20454 25.5888 -0.0265163 -1.1305 0.0818412  
  -3.71298 -1.37343 0.187413 -0.502704 -0.936957 0.0864891  
  2.545 11.4826 18.8061 0.899338 -1.60411 0.0694166  
  -16.9628 2.42525 16.3475 -0.0345373 0.482863 0.14833  
  -3.92189 14.5805 6.10984 1.17466 -0.909125 0.100057  
  -3.27414 2.51945 25.9289 0.0098541 -0.988928 0.0876423  
  -12.4923 4.30314 2.01894 0.102792 0.00266129 0.128634  
  5.77391 8.00855 8.94452 0.499153 -1.94836 0.0517446  
  -3.45925 12.9425 4.00621 0.999103 -0.953447 0.0969383  
  -10.1565 8.24792 23.6455 0.600106 -0.242921 0.122387  
  -11.1987 6.75288 1.69252 0.358402 -0.129258 0.125555  
  -1.53676 15.7264 14.0552 1.32193 -1.16235 0.0907871  
  -3.53002 15.9935 10.2028 1.33901 -0.94654 0.0994584  
  -11.2065 10.19 21.7588 0.794099 -0.130995 0.128242  
  -9.48189 8.86953 23.6765 0.665242 -0.316497 0.119928  
  -7.36703 5.81814 25.5818 0.354672 -0.5442 0.108448  
  -17.1537 3.59867 15.7885 0.091722 0.499355 0.148918  
  -9.62415 7.163 24.4102 0.490687 -0.301078 0.119294  
  -16.7437 7.30493 11.7765 0.462169 0.462147 0.15039  
  -11.8423 4.81795 1.54447 0.151628 -0.0673861 0.126477  
  -6.14361 12.0992 22.2886 0.988209 -0.671638 0.108228  
  -14.1944 10.9934 8.50977 0.824536 0.188704 0.141759  
  -11.2035 2.24481 1.01584 -0.116808 -0.136547 0.121299  
  -14.0447 9.78122 18.3067 0.741496 0.161321 0.139566  
  -16.749 3.42945 17.2868 0.0833 0.454702 0.14703  
  -4.19945 5.73227 -0.309282 0.234236 -0.880358 0.093291  
  -7.17054 15.4488 16.6651 1.31738 -0.556111 0.11529  
  -15.1965 3.12892 4.74424 -0.00952088 0.295871 0.140138  
  -0.868412 10.0208 2.31314 0.684438 -1.23309 0.0819388  
  -10.5537 10.8865 3.64233 0.787897 -0.198273 0.125452  
  6.53877 6.01028 9.8309 0.296069 -2.03144 0.0463902  
  4.56825 10.5861 9.43281 0.76966 -1.81838 0.0585285  
  -1.76247 15.6202 10.2 1.29982 -1.13349 0.0912226  
  -10.7911 -8.84057 14.9506 -1.20792 -0.189876 0.111385  
  -2.27979 2.49769 -0.234149 -0.102149 -1.08479 0.082087  
  -13.5531 -3.09677 4.62092 -0.659421 0.114117 0.127706  
  -3.72263 11.0208 23.3031 0.878583 -0.929501 0.0959122  
  -0.0722567 15.2192 13.1305 1.26713 -1.31346 0.0834556  
  1.67445 4.73402 1.8982 0.134377 -1.5112 0.0652773  
  -1.15451 15.5378 14.2451 1.30777 -1.1972 0.0882083  
  6.03924 8.43802 11.8105 0.5588 -1.97865 0.0494071  
  -14.743 0.249836 4.66426 -0.30746 0.245824 0.134993  
  -12.5041 13.4175 10.9719 1.08321 0.013256 0.135848  
  -9.0065 15.0886 16.0553 1.2806 -0.358768 0.122062  
  -4.31843 15.1052 7.20597 1.2388 -0.8589 0.101317  
  -9.32918 8.79079 23.8826 0.656318 -0.32964 0.118528  
  -9.33237 -0.485648 0.697577 -0.408562 -0.325505 0.11155  
  5.90501 6.41277 8.0185 0.32852 -1.96171 0.0485497  
  -12.2918 12.5366 17.4249 1.02444 -0.0115608 0.134408  
  -16.7813 -1.71869 14.4036 -0.466807 0.459431 0.142447  
  -13.634 10.6687 7.01005 0.782263 0.131722 0.138201  
  -17.2976 5.27486 13.5502 0.25802 0.517917 0.149973  
  -16.4309 8.21429 11.7541 0.550984 0.425612 0.148007  
  -16.2299 1.72562 6.69559 -0.142887 0.403469 0.142924  
  -3.57461 10.1531 1.74626 0.701596 -0.940016 0.092869  
  -15.1296 8.94998 7.57474 0.611345 0.288681 0.14306  
  -7.81754 15.4653 9.11859 1.28516 -0.485341 0.116175  
  -8.13435 10.5487 23.2373 0.835238 -0.455966 0.114311  
  1.29936 13.6495 16.9234 1.12157 -1.46067 0.0752688  
  -15.5239 -4.30587 11.3266 -0.752407 0.334025 0.135911  
  6.75603 1.80106 10.1979 -0.136857 -2.05843 0.0403706  
  5.91192 8.77616 11.7512 0.595712 -1.9619 0.0504014  
  -10.5783 0.518535 0.957231 -0.294755 -0.200435 0.11667  
  -8.7783 15.1303 8.61098 1.24888 -0.387668 0.120073  
  -10.9716 11.3348 4.3863 0.837633 -0.153054 0.126946  
  0.702674 11.993 5.10206 0.898937 -1.40605 0.0753493  
  -14.7537 10.7002 9.87652 0.799977 0.252624 0.142777  
  -11.6208 6.26317 1.97637 0.311681 -0.0845257 0.125389  
  -16.3527 7.84654 14.806 0.523707 0.415769 0.146995  
  -3.56083 15.7555 9.29202 1.31086 -0.941003 0.0981425  
  -12.7973 13.2503 11.34 1.06684 0.0421488 0.1362  
  -4.99555 -7.84355 20.3795 -1.08058 -0.805137 0.0851409  
  -7.20724 -9.90212 15.6265 -1.31534 -0.573351 0.0928978  
  -0.56154 15.1492 10.1157 1.25183 -1.25787 0.0844325  
  -9.54244 10.113 22.8977 0.793637 -0.3058 0.119731  
  -6.80064 13.5938 4.91364 1.07583 -0.594874 0.110244  
  -3.62728 5.9417 -0.0948497 0.259243 -0.940436 0.0899355  
  -13.2242 9.06399 4.755 0.613858 0.087814 0.134823  
  -8.74348 15.6506 12.8564 1.31957 -0.388624 0.120268  
  -1.57585 15.4301 15.6606 1.30134 -1.15027 0.0894401  
  -2.82962 14.5136 18.9055 1.21983 -1.02135 0.0936651  
  5.12011 7.68095 7.07655 0.460004 -1.87709 0.052536  
  -9.08923 15.2812 15.1099 1.29573 -0.348716 0.12163  
  -6.90045 12.4051 21.9235 1.02306 -0.584384 0.109605  
  -12.8876 -4.57297 4.72719 -0.79726 0.0339353 0.120755  
  -7.19586 7.07735 25.3324 0.486472 -0.559532 0.106804  
  -15.5425 9.13021 8.99524 0.636186 0.332111 0.144741  
  -12.3701 0.316967 2.19749 -0.309026 -0.00858823 0.12338  
  -2.61977 7.71688 0.65211 0.446505 -1.04402 0.0865536  
  -0.231846 10.9454 22.0663 0.864004 -1.29692 0.0792611  
  -7.90573 -6.45138 3.70232 -1.00892 -0.486742 0.0987776  
  6.63323 6.77648 14.1814 0.394576 -2.03479 0.0451833  
  1.95741 9.33341 21.6296 0.696744 -1.53414 0.0682127  
  -6.20987 13.6297 20.326 1.14593 -0.657103 0.107857  
  -6.20414 10.1901 23.9367 0.80279 -0.661269 0.105005  
  4.42151 -3.3176 7.55432 -0.672409 -1.80706 0.0462849  
  -4.98055 6.34097 -0.152983 0.302387 -0.792584 0.0956752  
  6.10562 8.37546 13.9558 0.561678 -1.97908 0.0490018  
  -13.7982 2.83117 2.9571 -0.0448916 0.145203 0.131728  
