0 0 0.370551 1.02748 0.656931 0.525127 0.40321 
1 0 0.370551 1.02748 0.656931 0.525127 0.40321 
2 0 0.370551 1.02748 0.656931 0.525127 0.40321 
3 0 0.370551 1.02748 0.656931 0.525127 0.40321 
4 0 0.370551 1.02748 0.656931 0.525127 0.40321 
5 0 0.370551 1.02748 0.656931 0.525127 0.40321 
6 0 0.370551 1.02748 0.656931 0.525127 0.40321 
7 0 0.370551 1.02748 0.656931 0.525127 0.40321 
8 0 0.370551 1.02748 0.656931 0.525127 0.40321 
9 0 0.370551 1.02748 0.656931 0.525127 0.40321 
10 0 0.370551 1.02748 0.656931 0.525127 0.40321 
11 0 0.370551 1.02748 0.656931 0.525127 0.40321 
12 0 0.370551 1.02748 0.656931 0.525127 0.40321 
13 0 0.370551 1.02748 0.656931 0.525127 0.40321 
14 0 0.370551 1.02748 0.656931 0.525127 0.40321 
15 0 0.370551 1.02748 0.656931 0.525127 0.40321 
16 0 0.370551 1.02748 0.656931 0.525127 0.40321 
17 0 0.370551 1.02748 0.656931 0.525127 0.40321 
18 0 0.370551 1.02748 0.656931 0.525127 0.40321 
19 0 0.370551 1.02748 0.656931 0.525127 0.40321 
20 0 0.370551 1.02748 0.656931 0.525127 0.40321 
21 0 0.370551 1.02748 0.656931 0.525127 0.40321 
22 0 0.370551 1.02748 0.656931 0.525127 0.40321 
23 0 0.370551 1.02748 0.656931 0.525127 0.40321 
24 0 0.370551 1.02748 0.656931 0.525127 0.40321 
25 0 0.370551 1.02748 0.656931 0.525127 0.40321 
26 0 0.370551 1.02748 0.656931 0.525127 0.40321 
27 0 0.370551 1.02748 0.656931 0.525127 0.40321 
28 0 0.370551 1.02748 0.656931 0.525127 0.40321 
29 0 0.370551 1.02748 0.656931 0.525127 0.40321 
30 0 0.370551 1.02748 0.656931 0.525127 0.40321 
31 0 0.370551 1.02748 0.656931 0.525127 0.40321 
32 0 0.370551 1.02748 0.656931 0.525127 0.40321 
33 0 0.370551 1.02748 0.656931 0.525127 0.40321 
34 0 0.370551 1.02748 0.656931 0.525127 0.40321 
35 0 0.370551 1.02748 0.656931 0.525127 0.40321 
36 0 0.370551 1.02748 0.656931 0.525127 0.40321 
37 0 0.370551 1.02748 0.656931 0.525127 0.40321 
38 0 0.370551 1.02748 0.656931 0.525127 0.40321 
39 0 0.370551 1.02748 0.656931 0.525127 0.40321 
40 0 0.370551 1.02748 0.656931 0.525127 0.40321 
41 0 0.370551 1.02748 0.656931 0.525127 0.40321 
42 0 0.370551 1.02748 0.656931 0.525127 0.40321 
43 0 0.370551 1.02748 0.656931 0.525127 0.40321 
44 0 0.370551 1.02748 0.656931 0.525127 0.40321 
45 0 0.370551 1.02748 0.656931 0.525127 0.40321 
46 0 0.370551 1.02748 0.656931 0.525127 0.40321 
47 0 0.370551 1.02748 0.656931 0.525127 0.40321 
48 0 0.370551 1.02748 0.656931 0.525127 0.40321 
49 0 0.370551 1.02748 0.656931 0.525127 0.40321 
50 0 0.370551 1.02748 0.656931 0.525127 0.40321 
51 0 0.370551 1.02748 0.656931 0.525127 0.40321 
52 0 0.370551 1.02748 0.656931 0.525127 0.40321 
53 0 0.370551 1.02748 0.656931 0.525127 0.40321 
54 0 0.370551 1.02748 0.656931 0.525127 0.40321 
55 0 0.370551 1.02748 0.656931 0.525127 0.40321 
56 0 0.370551 1.02748 0.656931 0.525127 0.40321 
57 0 0.370551 1.02748 0.656931 0.525127 0.40321 
58 0 0.370551 1.02748 0.656931 0.525127 0.40321 
59 0 0.370551 1.02748 0.656931 0.525127 0.40321 
60 0 0.370551 1.02748 0.656931 0.525127 0.40321 
61 0 0.370551 1.02748 0.656931 0.525127 0.40321 
62 0 0.370551 1.02748 0.656931 0.525127 0.40321 
63 0 0.370551 1.02748 0.656931 0.525127 0.40321 
64 0 0.370551 1.02748 0.656931 0.525127 0.40321 
65 0 0.370551 1.02748 0.656931 0.525127 0.40321 
66 0 0.370551 1.02748 0.656931 0.525127 0.40321 
67 0 0.370551 1.02748 0.656931 0.525127 0.40321 
68 0 0.370551 1.02748 0.656931 0.525127 0.40321 
69 0 0.370551 1.02748 0.656931 0.525127 0.40321 
70 0 0.370551 1.02748 0.656931 0.525127 0.40321 
71 0 0.370551 1.02748 0.656931 0.525127 0.40321 
72 0 0.370551 1.02748 0.656931 0.525127 0.40321 
73 0 0.370551 1.02748 0.656931 0.525127 0.40321 
74 0 0.370551 1.02748 0.656931 0.525127 0.40321 
75 0 0.370551 1.02748 0.656931 0.525127 0.40321 
76 0 0.370551 1.02748 0.656931 0.525127 0.40321 
77 0 0.370551 1.02748 0.656931 0.525127 0.40321 
78 0 0.370551 1.02748 0.656931 0.525127 0.40321 
79 0 0.370551 1.02748 0.656931 0.525127 0.40321 
80 0 0.370551 1.02748 0.656931 0.525127 0.40321 
81 0 0.370551 1.02748 0.656931 0.525127 0.40321 
82 0 0.370551 1.02748 0.656931 0.525127 0.40321 
83 0 0.370551 1.02748 0.656931 0.525127 0.40321 
84 0 0.370551 1.02748 0.656931 0.525127 0.40321 
85 0 0.370551 1.02748 0.656931 0.525127 0.40321 
86 0 0.370551 1.02748 0.656931 0.525127 0.40321 
87 0 0.370551 1.02748 0.656931 0.525127 0.40321 
88 0 0.370551 1.02748 0.656931 0.525127 0.40321 
89 0 0.370551 1.02748 0.656931 0.525127 0.40321 
90 0 0.370551 1.02748 0.656931 0.525127 0.40321 
91 0 0.370551 1.02748 0.656931 0.525127 0.40321 
92 0 0.370551 1.02748 0.656931 0.525127 0.40321 
93 0 0.370551 1.02748 0.656931 0.525127 0.40321 
94 0 0.370551 1.02748 0.656931 0.525127 0.40321 
95 0 0.370551 1.02748 0.656931 0.525127 0.40321 
96 0 0.370551 1.02748 0.656931 0.525127 0.40321 
97 0 0.370551 1.02748 0.656931 0.525127 0.40321 
98 0 0.370551 1.02748 0.656931 0.525127 0.40321 
99 0 0.370551 1.02748 0.656931 0.525127 0.40321 
100 0 0.370551 1.02748 0.656931 0.525127 0.40321 
101 0 0.370551 1.02748 0.656931 0.525127 0.40321 
102 0 0.370551 1.02748 0.656931 0.525127 0.40321 
103 0 0.370551 1.02748 0.656931 0.525127 0.40321 
104 0 0.370551 1.02748 0.656931 0.525127 0.40321 
105 0 0.370551 1.02748 0.656931 0.525127 0.40321 
106 0 0.370551 1.02748 0.656931 0.525127 0.40321 
107 0 0.370551 1.02748 0.656931 0.525127 0.40321 
108 0 0.370551 1.02748 0.656931 0.525127 0.40321 
109 0 0.370551 1.02748 0.656931 0.525127 0.40321 
110 0 0.370551 1.02748 0.656931 0.525127 0.40321 
111 0 0.370551 1.02748 0.656931 0.525127 0.40321 
112 0 0.370551 1.02748 0.656931 0.525127 0.40321 
113 0 0.370551 1.02748 0.656931 0.525127 0.40321 
114 0 0.370551 1.02748 0.656931 0.525127 0.40321 
115 0 0.370551 1.02748 0.656931 0.525127 0.40321 
116 0 0.370551 1.02748 0.656931 0.525127 0.40321 
117 0 0.370551 1.02748 0.656931 0.525127 0.40321 
118 0 0.370551 1.02748 0.656931 0.525127 0.40321 
119 0 0.370551 1.02748 0.656931 0.525127 0.40321 
120 0 0.370551 1.02748 0.656931 0.525127 0.40321 
121 0 0.370551 1.02748 0.656931 0.525127 0.40321 
122 0 0.370551 1.02748 0.656931 0.525127 0.40321 
123 0 0.370551 1.02748 0.656931 0.525127 0.40321 
124 0 0.370551 1.02748 0.656931 0.525127 0.40321 
125 0 0.370551 1.02748 0.656931 0.525127 0.40321 
126 0 0.370551 1.02748 0.656931 0.525127 0.40321 
127 0 0.370551 1.02748 0.656931 0.525127 0.40321 
128 0 0.370551 1.02748 0.656931 0.525127 0.40321 
129 0 0.370551 1.02748 0.656931 0.525127 0.40321 
130 0 0.370551 1.02748 0.656931 0.525127 0.40321 
131 0 0.370551 1.02748 0.656931 0.525127 0.40321 
132 0 0.370551 1.02748 0.656931 0.525127 0.40321 
133 0 0.370551 1.02748 0.656931 0.525127 0.40321 
134 0 0.370551 1.02748 0.656931 0.525127 0.40321 
135 0 0.370551 1.02748 0.656931 0.525127 0.40321 
136 0 0.370551 1.02748 0.656931 0.525127 0.40321 
137 0 0.370551 1.02748 0.656931 0.525127 0.40321 
138 0 0.370551 1.02748 0.656931 0.525127 0.40321 
139 0 0.370551 1.02748 0.656931 0.525127 0.40321 
140 0 0.370551 1.02748 0.656931 0.525127 0.40321 
141 0 0.370551 1.02748 0.656931 0.525127 0.40321 
142 0 0.370551 1.02748 0.656931 0.525127 0.40321 
143 0 0.370551 1.02748 0.656931 0.525127 0.40321 
144 0 0.370551 1.02748 0.656931 0.525127 0.40321 
145 0 0.370551 1.02748 0.656931 0.525127 0.40321 
146 0 0.370551 1.02748 0.656931 0.525127 0.40321 
147 0 0.370551 1.02748 0.656931 0.525127 0.40321 
148 0 0.370551 1.02748 0.656931 0.525127 0.40321 
149 0 0.370551 1.02748 0.656931 0.525127 0.40321 
150 0 0.370551 1.02748 0.656931 0.525127 0.40321 
151 0 0.370551 1.02748 0.656931 0.525127 0.40321 
152 0 0.370551 1.02748 0.656931 0.525127 0.40321 
153 0 0.370551 1.02748 0.656931 0.525127 0.40321 
154 0 0.370551 1.02748 0.656931 0.525127 0.40321 
155 0 0.370551 1.02748 0.656931 0.525127 0.40321 
156 0 0.370551 1.02748 0.656931 0.525127 0.40321 
157 0 0.370551 1.02748 0.656931 0.525127 0.40321 
158 0 0.370551 1.02748 0.656931 0.525127 0.40321 
159 0 0.370551 1.02748 0.656931 0.525127 0.40321 
160 0 0.370551 1.02748 0.656931 0.525127 0.40321 
161 0 0.370551 1.02748 0.656931 0.525127 0.40321 
162 0 0.370551 1.02748 0.656931 0.525127 0.40321 
163 0 0.370551 1.02748 0.656931 0.525127 0.40321 
164 0 0.370551 1.02748 0.656931 0.525127 0.40321 
165 0 0.370551 1.02748 0.656931 0.525127 0.40321 
166 0 0.370551 1.02748 0.656931 0.525127 0.40321 
167 0 0.370551 1.02748 0.656931 0.525127 0.40321 
168 0 0.370551 1.02748 0.656931 0.525127 0.40321 
169 0 0.370551 1.02748 0.656931 0.525127 0.40321 
170 0 0.370551 1.02748 0.656931 0.525127 0.40321 
171 0 0.370551 1.02748 0.656931 0.525127 0.40321 
172 0 0.370551 1.02748 0.656931 0.525127 0.40321 
173 0 0.370551 1.02748 0.656931 0.525127 0.40321 
174 0 0.370551 1.02748 0.656931 0.525127 0.40321 
175 0 0.370551 1.02748 0.656931 0.525127 0.40321 
176 0 0.370551 1.02748 0.656931 0.525127 0.40321 
177 0 0.370551 1.02748 0.656931 0.525127 0.40321 
178 0 0.370551 1.02748 0.656931 0.525127 0.40321 
179 0 0.370551 1.02748 0.656931 0.525127 0.40321 
180 0 0.370551 1.02748 0.656931 0.525127 0.40321 
181 0 0.370551 1.02748 0.656931 0.525127 0.40321 
182 0 0.370551 1.02748 0.656931 0.525127 0.40321 
183 0 0.370551 1.02748 0.656931 0.525127 0.40321 
184 0 0.370551 1.02748 0.656931 0.525127 0.40321 
185 0 0.370551 1.02748 0.656931 0.525127 0.40321 
186 0 0.370551 1.02748 0.656931 0.525127 0.40321 
187 0 0.370551 1.02748 0.656931 0.525127 0.40321 
188 0 0.370551 1.02748 0.656931 0.525127 0.40321 
189 0 0.370551 1.02748 0.656931 0.525127 0.40321 
190 0.0254747 0.370551 1.02748 0.656931 0.525127 0.40321 
191 0 0.370551 1.02748 0.656931 0.525127 0.40321 
192 0.127141 0.370551 1.02748 0.656931 0.525127 0.40321 
193 0 0.370551 1.02748 0.656931 0.525127 0.40321 
194 0.200422 0.370551 1.02748 0.656931 0.525127 0.40321 
195 0 0.370551 1.02748 0.656931 1.12748 0.40321 
196 0.249786 0.370551 1.02748 0.656931 1.12748 0.40321 
197 0 0.370551 1.02748 0.656931 1.12748 0.40321 
198 0.279417 0.370551 1.02748 0.656931 1.12748 0.40321 
199 0 0.370551 1.02748 0.656931 1.12748 0.40321 
200 0.29315 0.370551 1.02748 0.656931 1.12748 0.40321 
201 0 0.370551 1.02748 0.656931 1.12748 0.40321 
202 0.294426 0.370551 1.02748 0.656931 1.12748 0.40321 
203 0 0.370551 1.02748 0.656931 1.12748 0.40321 
204 0.286271 0.370551 1.02748 0.656931 1.12748 0.40321 
205 0 0.370551 1.02748 0.656931 1.12748 0.40321 
206 0.271297 0.370551 1.02748 0.656931 1.12748 0.40321 
207 0 0.370551 1.02748 0.656931 1.12748 0.40321 
208 0.251713 0.370551 1.02748 0.656931 1.12748 0.40321 
209 0 0.370551 1.02748 0.656931 1.12748 0.40321 
210 0.229348 0.370551 1.02748 0.656931 1.12748 0.40321 
211 0 0.370551 1.02748 0.656931 1.12748 0.40321 
212 0.205679 0.370551 1.02748 0.656931 1.12748 0.40321 
213 0 0.370551 1.02748 0.656931 1.12748 0.40321 
214 0.181869 0.370551 1.02748 0.656931 1.12748 0.40321 
215 0 0.370551 1.02748 0.656931 1.12748 0.40321 
216 0.158799 0.370551 1.02748 0.656931 1.12748 0.40321 
217 0 0.370551 1.02748 0.656931 1.12748 0.40321 
218 0.137106 0.370551 1.02748 0.656931 1.12748 0.40321 
219 0 0.370551 1.02748 0.656931 1.12748 0.40321 
220 0.117222 0.370551 1.02748 0.656931 1.12748 0.40321 
221 0 0.370551 1.02748 0.656931 1.12748 0.40321 
222 0.0994083 0.370551 1.02748 0.656931 1.12748 0.40321 
223 0 0.370551 1.02748 0.656931 1.12748 0.40321 
224 0.0837856 0.370551 1.02748 0.656931 1.12748 0.40321 
225 0 0.370551 1.02748 0.656931 1.12748 0.40321 
226 0.0703664 0.370551 1.02748 0.656931 1.12748 0.40321 
227 0 0.370551 1.02748 0.656931 1.12748 0.40321 
228 0.0590806 0.370551 1.02748 0.656931 1.12748 0.40321 
229 0 0.370551 1.02748 0.656931 1.12748 0.40321 
230 0.0497993 0.370551 1.02748 0.656931 1.12748 0.40321 
231 0 0.370551 1.02748 0.656931 1.12748 0.40321 
232 0.0423553 0.370551 1.02748 0.656931 1.12748 0.40321 
233 0 0.370551 1.02748 0.656931 1.12748 0.40321 
234 0.0365608 0.370551 1.02748 0.656931 1.12748 0.40321 
235 0 0.370551 1.02748 0.656931 1.12748 0.40321 
236 0.0322209 0.370551 1.02748 0.656931 1.12748 0.40321 
237 0 0.370551 1.02748 0.656931 1.12748 0.40321 
238 0.0291468 0.370551 1.02748 0.656931 1.12748 0.40321 
239 0 0.370551 1.02748 0.656931 1.12748 0.40321 
240 0.0271639 0.370551 1.02748 0.656931 1.12748 0.40321 
241 0 0.370551 1.02748 0.656931 1.12748 0.40321 
242 0.0261198 0.370551 1.02748 0.656931 1.12748 0.40321 
243 0 0.370551 1.02748 0.656931 1.12748 0.40321 
244 0.0258889 0.370551 1.02748 0.656931 1.12748 0.40321 
245 0 0.370551 1.02748 0.656931 1.12748 0.40321 
246 0.0263763 0.370551 1.02748 0.656931 1.12748 0.40321 
247 0 0.370551 1.02748 0.656931 1.12748 0.40321 
248 0.0275186 0.370551 1.02748 0.656931 1.12748 0.40321 
249 0 0.370551 1.02748 0.656931 1.12748 0.40321 
250 0.0292849 0.370551 1.02748 0.656931 1.12748 0.40321 
251 0 0.370551 1.02748 0.656931 1.12748 0.40321 
252 0.031675 0.370551 1.02748 0.656931 1.12748 0.40321 
253 0 0.370551 1.02748 0.656931 1.12748 0.40321 
254 0.034717 0.370551 1.02748 0.656931 1.12748 0.40321 
255 0 0.370551 1.02748 0.656931 1.12748 0.40321 
256 0.038463 0.370551 1.02748 0.656931 1.12748 0.40321 
257 0 0.370551 1.02748 0.656931 1.12748 0.40321 
258 0.0429841 0.370551 1.02748 0.656931 1.12748 0.40321 
259 0 0.370551 1.02748 0.656931 1.12748 0.40321 
260 0.048363 0.370551 1.02748 0.656931 1.12748 0.40321 
261 0 0.370551 1.02748 0.656931 1.12748 0.40321 
262 0.0546865 0.370551 1.02748 0.656931 1.12748 0.40321 
263 0 0.370551 1.02748 0.656931 1.12748 0.40321 
264 0.0620347 0.370551 1.02748 0.656931 1.12748 0.40321 
265 0 0.370551 1.02748 0.656931 1.12748 0.40321 
266 0.0704704 0.370551 1.02748 0.656931 1.12748 0.40321 
267 0 0.370551 1.02748 0.656931 1.12748 0.40321 
268 0.0800253 0.370551 1.02748 0.656931 1.12748 0.40321 
269 0 0.370551 1.02748 0.656931 1.12748 0.40321 
270 0.0906851 0.370551 1.02748 0.656931 1.12748 0.40321 
271 0 0.370551 1.02748 0.656931 1.12748 0.40321 
272 0.102373 0.370551 1.02748 0.656931 1.12748 0.40321 
273 0 0.370551 1.02748 0.656931 1.12748 0.40321 
274 0.114931 0.370551 1.02748 0.656931 1.12748 0.40321 
275 0 0.370551 1.02748 0.656931 1.12748 0.40321 
276 0.1281 0.370551 1.02748 0.656931 1.12748 0.40321 
277 0 0.370551 1.02748 0.656931 1.12748 0.40321 
278 0.141499 0.370551 1.02748 0.656931 1.12748 0.40321 
279 0 0.370551 1.02748 0.656931 1.12748 0.40321 
280 0.154605 0.370551 1.02748 0.656931 1.12748 0.40321 
281 0 0.370551 1.02748 0.656931 1.12748 0.40321 
282 0.166726 0.370551 1.02748 0.656931 1.12748 0.40321 
283 0 0.370551 1.02748 0.656931 1.12748 0.40321 
284 0.176985 0.370551 1.02748 0.656931 1.12748 0.40321 
285 0 0.370551 1.02748 0.656931 1.12748 0.40321 
286 0.184297 0.370551 1.02748 0.656931 1.12748 0.40321 
287 0 0.370551 1.02748 0.656931 1.12748 0.40321 
288 0.187354 0.370551 1.02748 0.656931 1.12748 0.40321 
289 0 0.370551 1.02748 0.656931 1.12748 0.40321 
290 0.184613 0.370551 1.02748 0.656931 1.12748 0.40321 
291 0 0.370551 1.02748 0.656931 1.12748 0.40321 
292 0.174288 0.370551 1.02748 0.656931 1.12748 0.40321 
293 0 0.370551 1.02748 0.656931 1.12748 0.40321 
294 0.154356 0.370551 1.02748 0.656931 1.12748 0.40321 
295 0 0.370551 1.02748 0.656931 1.12748 0.40321 
296 0.122571 0.370551 1.02748 0.656931 1.12748 0.40321 
297 0 0.370551 1.02748 0.656931 1.12748 0.40321 
298 0.0764916 0.370551 1.02748 0.656931 1.12748 0.40321 
299 0 0.370551 1.02748 0.656931 1.12748 0.40321 
300 0.0135277 0.370551 1.02748 0.656931 1.12748 0.40321 
