0 0 0.356812 1.02748 0.67067 0.525127 0.413059 
1 0 0.356812 1.02748 0.67067 0.525127 0.413059 
2 0 0.356812 1.02748 0.67067 0.525127 0.413059 
3 0 0.356812 1.02748 0.67067 0.525127 0.413059 
4 0 0.356812 1.02748 0.67067 0.525127 0.413059 
5 0 0.356812 1.02748 0.67067 0.525127 0.413059 
6 0 0.356812 1.02748 0.67067 0.525127 0.413059 
7 0 0.356812 1.02748 0.67067 0.525127 0.413059 
8 0 0.356812 1.02748 0.67067 0.525127 0.413059 
9 0 0.356812 1.02748 0.67067 0.525127 0.413059 
10 0 0.356812 1.02748 0.67067 0.525127 0.413059 
11 0 0.356812 1.02748 0.67067 0.525127 0.413059 
12 0 0.356812 1.02748 0.67067 0.525127 0.413059 
13 0 0.356812 1.02748 0.67067 0.525127 0.413059 
14 0 0.356812 1.02748 0.67067 0.525127 0.413059 
15 0 0.356812 1.02748 0.67067 0.525127 0.413059 
16 0 0.356812 1.02748 0.67067 0.525127 0.413059 
17 0 0.356812 1.02748 0.67067 0.525127 0.413059 
18 0 0.356812 1.02748 0.67067 0.525127 0.413059 
19 0 0.356812 1.02748 0.67067 0.525127 0.413059 
20 0 0.356812 1.02748 0.67067 0.525127 0.413059 
21 0 0.356812 1.02748 0.67067 0.525127 0.413059 
22 0 0.356812 1.02748 0.67067 0.525127 0.413059 
23 0 0.356812 1.02748 0.67067 0.525127 0.413059 
24 0 0.356812 1.02748 0.67067 0.525127 0.413059 
25 0 0.356812 1.02748 0.67067 0.525127 0.413059 
26 0 0.356812 1.02748 0.67067 0.525127 0.413059 
27 0 0.356812 1.02748 0.67067 0.525127 0.413059 
28 0 0.356812 1.02748 0.67067 0.525127 0.413059 
29 0 0.356812 1.02748 0.67067 0.525127 0.413059 
30 0 0.356812 1.02748 0.67067 0.525127 0.413059 
31 0 0.356812 1.02748 0.67067 0.525127 0.413059 
32 0 0.356812 1.02748 0.67067 0.525127 0.413059 
33 0 0.356812 1.02748 0.67067 0.525127 0.413059 
34 0 0.356812 1.02748 0.67067 0.525127 0.413059 
35 0 0.356812 1.02748 0.67067 0.525127 0.413059 
36 0 0.356812 1.02748 0.67067 0.525127 0.413059 
37 0 0.356812 1.02748 0.67067 0.525127 0.413059 
38 0 0.356812 1.02748 0.67067 0.525127 0.413059 
39 0 0.356812 1.02748 0.67067 0.525127 0.413059 
40 0 0.356812 1.02748 0.67067 0.525127 0.413059 
41 0 0.356812 1.02748 0.67067 0.525127 0.413059 
42 0 0.356812 1.02748 0.67067 0.525127 0.413059 
43 0 0.356812 1.02748 0.67067 0.525127 0.413059 
44 0 0.356812 1.02748 0.67067 0.525127 0.413059 
45 0 0.356812 1.02748 0.67067 0.525127 0.413059 
46 0 0.356812 1.02748 0.67067 0.525127 0.413059 
47 0 0.356812 1.02748 0.67067 0.525127 0.413059 
48 0 0.356812 1.02748 0.67067 0.525127 0.413059 
49 0 0.356812 1.02748 0.67067 0.525127 0.413059 
50 0 0.356812 1.02748 0.67067 0.525127 0.413059 
51 0 0.356812 1.02748 0.67067 0.525127 0.413059 
52 0 0.356812 1.02748 0.67067 0.525127 0.413059 
53 0 0.356812 1.02748 0.67067 0.525127 0.413059 
54 0 0.356812 1.02748 0.67067 0.525127 0.413059 
55 0 0.356812 1.02748 0.67067 0.525127 0.413059 
56 0 0.356812 1.02748 0.67067 0.525127 0.413059 
57 0 0.356812 1.02748 0.67067 0.525127 0.413059 
58 0 0.356812 1.02748 0.67067 0.525127 0.413059 
59 0 0.356812 1.02748 0.67067 0.525127 0.413059 
60 0 0.356812 1.02748 0.67067 0.525127 0.413059 
61 0 0.356812 1.02748 0.67067 0.525127 0.413059 
62 0 0.356812 1.02748 0.67067 0.525127 0.413059 
63 0 0.356812 1.02748 0.67067 0.525127 0.413059 
64 0 0.356812 1.02748 0.67067 0.525127 0.413059 
65 0 0.356812 1.02748 0.67067 0.525127 0.413059 
66 0 0.356812 1.02748 0.67067 0.525127 0.413059 
67 0 0.356812 1.02748 0.67067 0.525127 0.413059 
68 0 0.356812 1.02748 0.67067 0.525127 0.413059 
69 0 0.356812 1.02748 0.67067 0.525127 0.413059 
70 0 0.356812 1.02748 0.67067 0.525127 0.413059 
71 0 0.356812 1.02748 0.67067 0.525127 0.413059 
72 0 0.356812 1.02748 0.67067 0.525127 0.413059 
73 0 0.356812 1.02748 0.67067 0.525127 0.413059 
74 0 0.356812 1.02748 0.67067 0.525127 0.413059 
75 0 0.356812 1.02748 0.67067 0.525127 0.413059 
76 0 0.356812 1.02748 0.67067 0.525127 0.413059 
77 0 0.356812 1.02748 0.67067 0.525127 0.413059 
78 0 0.356812 1.02748 0.67067 0.525127 0.413059 
79 0 0.356812 1.02748 0.67067 0.525127 0.413059 
80 0 0.356812 1.02748 0.67067 0.525127 0.413059 
81 0 0.356812 1.02748 0.67067 0.525127 0.413059 
82 0 0.356812 1.02748 0.67067 0.525127 0.413059 
83 0 0.356812 1.02748 0.67067 0.525127 0.413059 
84 0 0.356812 1.02748 0.67067 0.525127 0.413059 
85 0 0.356812 1.02748 0.67067 0.525127 0.413059 
86 0 0.356812 1.02748 0.67067 0.525127 0.413059 
87 0 0.356812 1.02748 0.67067 0.525127 0.413059 
88 0 0.356812 1.02748 0.67067 0.525127 0.413059 
89 0 0.356812 1.02748 0.67067 0.525127 0.413059 
90 0 0.356812 1.02748 0.67067 0.525127 0.413059 
91 0 0.356812 1.02748 0.67067 0.525127 0.413059 
92 0 0.356812 1.02748 0.67067 0.525127 0.413059 
93 0 0.356812 1.02748 0.67067 0.525127 0.413059 
94 0 0.356812 1.02748 0.67067 0.525127 0.413059 
95 0 0.356812 1.02748 0.67067 0.525127 0.413059 
96 0 0.356812 1.02748 0.67067 0.525127 0.413059 
97 0 0.356812 1.02748 0.67067 0.525127 0.413059 
98 0 0.356812 1.02748 0.67067 0.525127 0.413059 
99 0 0.356812 1.02748 0.67067 0.525127 0.413059 
100 0 0.356812 1.02748 0.67067 0.525127 0.413059 
101 0 0.356812 1.02748 0.67067 0.525127 0.413059 
102 0 0.356812 1.02748 0.67067 0.525127 0.413059 
103 0 0.356812 1.02748 0.67067 0.525127 0.413059 
104 0 0.356812 1.02748 0.67067 0.525127 0.413059 
105 0 0.356812 1.02748 0.67067 0.525127 0.413059 
106 0 0.356812 1.02748 0.67067 0.525127 0.413059 
107 0 0.356812 1.02748 0.67067 0.525127 0.413059 
108 0 0.356812 1.02748 0.67067 0.525127 0.413059 
109 0 0.356812 1.02748 0.67067 0.525127 0.413059 
110 0 0.356812 1.02748 0.67067 0.525127 0.413059 
111 0 0.356812 1.02748 0.67067 0.525127 0.413059 
112 0 0.356812 1.02748 0.67067 0.525127 0.413059 
113 0 0.356812 1.02748 0.67067 0.525127 0.413059 
114 0 0.356812 1.02748 0.67067 0.525127 0.413059 
115 0 0.356812 1.02748 0.67067 0.525127 0.413059 
116 0 0.356812 1.02748 0.67067 0.525127 0.413059 
117 0 0.356812 1.02748 0.67067 0.525127 0.413059 
118 0 0.356812 1.02748 0.67067 0.525127 0.413059 
119 0 0.356812 1.02748 0.67067 0.525127 0.413059 
120 0 0.356812 1.02748 0.67067 0.525127 0.413059 
121 0 0.356812 1.02748 0.67067 0.525127 0.413059 
122 0 0.356812 1.02748 0.67067 0.525127 0.413059 
123 0 0.356812 1.02748 0.67067 0.525127 0.413059 
124 0 0.356812 1.02748 0.67067 0.525127 0.413059 
125 0 0.356812 1.02748 0.67067 0.525127 0.413059 
126 0 0.356812 1.02748 0.67067 0.525127 0.413059 
127 0 0.356812 1.02748 0.67067 0.525127 0.413059 
128 0 0.356812 1.02748 0.67067 0.525127 0.413059 
129 0 0.356812 1.02748 0.67067 0.525127 0.413059 
130 0 0.356812 1.02748 0.67067 0.525127 0.413059 
131 0 0.356812 1.02748 0.67067 0.525127 0.413059 
132 0 0.356812 1.02748 0.67067 0.525127 0.413059 
133 0 0.356812 1.02748 0.67067 0.525127 0.413059 
134 0 0.356812 1.02748 0.67067 0.525127 0.413059 
135 0 0.356812 1.02748 0.67067 0.525127 0.413059 
136 0 0.356812 1.02748 0.67067 0.525127 0.413059 
137 0 0.356812 1.02748 0.67067 0.525127 0.413059 
138 0 0.356812 1.02748 0.67067 0.525127 0.413059 
139 0 0.356812 1.02748 0.67067 0.525127 0.413059 
140 0 0.356812 1.02748 0.67067 0.525127 0.413059 
141 0 0.356812 1.02748 0.67067 0.525127 0.413059 
142 0 0.356812 1.02748 0.67067 0.525127 0.413059 
143 0 0.356812 1.02748 0.67067 0.525127 0.413059 
144 0 0.356812 1.02748 0.67067 0.525127 0.413059 
145 0 0.356812 1.02748 0.67067 0.525127 0.413059 
146 0 0.356812 1.02748 0.67067 0.525127 0.413059 
147 0 0.356812 1.02748 0.67067 0.525127 0.413059 
148 0 0.356812 1.02748 0.67067 0.525127 0.413059 
149 0 0.356812 1.02748 0.67067 0.525127 0.413059 
150 0 0.356812 1.02748 0.67067 0.525127 0.413059 
151 0 0.356812 1.02748 0.67067 0.525127 0.413059 
152 0 0.356812 1.02748 0.67067 0.525127 0.413059 
153 0 0.356812 1.02748 0.67067 0.525127 0.413059 
154 0 0.356812 1.02748 0.67067 0.525127 0.413059 
155 0 0.356812 1.02748 0.67067 0.525127 0.413059 
156 0 0.356812 1.02748 0.67067 0.525127 0.413059 
157 0 0.356812 1.02748 0.67067 0.525127 0.413059 
158 0 0.356812 1.02748 0.67067 0.525127 0.413059 
159 0 0.356812 1.02748 0.67067 0.525127 0.413059 
160 0 0.356812 1.02748 0.67067 0.525127 0.413059 
161 0 0.356812 1.02748 0.67067 0.525127 0.413059 
162 0 0.356812 1.02748 0.67067 0.525127 0.413059 
163 0 0.356812 1.02748 0.67067 0.525127 0.413059 
164 0 0.356812 1.02748 0.67067 0.525127 0.413059 
165 0 0.356812 1.02748 0.67067 0.525127 0.413059 
166 0 0.356812 1.02748 0.67067 0.525127 0.413059 
167 0 0.356812 1.02748 0.67067 0.525127 0.413059 
168 0 0.356812 1.02748 0.67067 0.525127 0.413059 
169 0 0.356812 1.02748 0.67067 0.525127 0.413059 
170 0 0.356812 1.02748 0.67067 0.525127 0.413059 
171 0 0.356812 1.02748 0.67067 0.525127 0.413059 
172 0 0.356812 1.02748 0.67067 0.525127 0.413059 
173 0 0.356812 1.02748 0.67067 0.525127 0.413059 
174 0 0.356812 1.02748 0.67067 0.525127 0.413059 
175 0 0.356812 1.02748 0.67067 0.525127 0.413059 
176 0 0.356812 1.02748 0.67067 0.525127 0.413059 
177 0 0.356812 1.02748 0.67067 0.525127 0.413059 
178 0 0.356812 1.02748 0.67067 0.525127 0.413059 
179 0 0.356812 1.02748 0.67067 0.525127 0.413059 
180 0 0.356812 1.02748 0.67067 0.525127 0.413059 
181 0 0.356812 1.02748 0.67067 0.525127 0.413059 
182 0 0.356812 1.02748 0.67067 0.525127 0.413059 
183 0 0.356812 1.02748 0.67067 0.525127 0.413059 
184 0 0.356812 1.02748 0.67067 0.525127 0.413059 
185 0 0.356812 1.02748 0.67067 0.525127 0.413059 
186 0 0.356812 1.02748 0.67067 0.525127 0.413059 
187 0 0.356812 1.02748 0.67067 0.525127 0.413059 
188 0 0.356812 1.02748 0.67067 0.525127 0.413059 
189 0 0.356812 1.02748 0.67067 0.525127 0.413059 
190 0.0254747 0.356812 1.02748 0.67067 0.525127 0.413059 
191 0 0.356812 1.02748 0.67067 0.525127 0.413059 
192 0.127141 0.356812 1.02748 0.67067 0.525127 0.413059 
193 0 0.356812 1.02748 0.67067 0.525127 0.413059 
194 0.200422 0.356812 1.02748 0.67067 0.525127 0.413059 
195 0 0.356812 1.02748 0.67067 0.525127 0.413059 
196 0.249786 0.356812 1.02748 0.67067 0.525127 0.413059 
197 0 0.356812 1.02748 0.67067 0.525127 0.413059 
198 0.279417 0.356812 1.02748 0.67067 0.525127 0.413059 
199 0 0.356812 1.02748 0.67067 0.525127 0.413059 
200 0.29315 0.356812 1.02748 0.67067 0.525127 0.413059 
201 0 0.356812 1.02748 0.67067 0.525127 0.413059 
202 0.294426 0.356812 1.02748 0.67067 0.525127 0.413059 
203 0 0.356812 1.02748 0.67067 0.525127 0.413059 
204 0.286271 0.356812 1.02748 0.67067 0.525127 0.413059 
205 0 0.356812 1.02748 0.67067 0.525127 0.413059 
206 0.271297 0.356812 1.02748 0.67067 0.525127 0.413059 
207 0 0.356812 1.02748 0.67067 0.525127 0.413059 
208 0.251713 0.356812 1.02748 0.67067 0.525127 0.413059 
209 0 0.356812 1.02748 0.67067 0.525127 0.413059 
210 0.229348 0.356812 1.02748 0.67067 0.525127 0.413059 
211 0 0.356812 1.02748 0.67067 0.525127 0.413059 
212 0.205679 0.356812 1.02748 0.67067 0.525127 0.413059 
213 0 0.356812 1.02748 0.67067 0.525127 0.413059 
214 0.181869 0.356812 1.02748 0.67067 0.525127 0.413059 
215 0 0.356812 1.02748 0.67067 0.525127 0.413059 
216 0.158799 0.356812 1.02748 0.67067 0.525127 0.413059 
217 0 0.356812 1.02748 0.67067 0.525127 0.413059 
218 0.137106 0.356812 1.02748 0.67067 0.525127 0.413059 
219 0 0.356812 1.02748 0.67067 0.525127 0.413059 
220 0.117222 0.356812 1.02748 0.67067 0.525127 0.413059 
221 0 0.356812 1.02748 0.67067 0.525127 0.413059 
222 0.0994083 0.356812 1.02748 0.67067 0.525127 0.413059 
223 0 0.356812 1.02748 0.67067 0.525127 0.413059 
