0 0 0.38 1.04993 0.669933 0.5 0.5 
1 0 0.38 1.04804 0.668041 0.5 0.5 
2 0 0.38 1.04207 0.662074 0.5 0.5 
3 0 0.38 1.03242 0.65242 0.5 0.5 
4 0 0.38 1.01956 0.639557 0.5 0.5 
5 0 0.38 1.00402 0.624016 0.5 0.5 
6 0 0.38 0.986319 0.606319 0.5 0.5 
7 0 0.38 0.966962 0.586962 0.5 0.5 
8 0 0.38 0.946396 0.566396 0.5 0.5 
9 0 0.38 0.925019 0.545019 0.5 0.5 
10 0 0.38 0.903177 0.523177 0.5 0.5 
11 0 0.38 0.881155 0.501155 0.5 0.5 
12 0 0.38 0.85918 0.47918 0.5 0.5 
13 0 0.38 0.837428 0.457428 0.5 0.5 
14 0 0.38 0.816035 0.436035 0.5 0.5 
15 0 0.38 0.795099 0.415099 0.5 0.5 
16 0 0.38 0.774658 0.394658 0.5 0.5 
17 0 0.38 0.754663 0.374663 0.5 0.5 
18 0 0.38 0.735144 0.355144 0.5 0.5 
19 0 0.38 0.716169 0.336169 0.5 0.5 
20 0 0.38 0.697803 0.317803 0.5 0.5 
21 0 0.38 0.680098 0.300098 0.5 0.5 
22 0 0.38 0.663085 0.283085 0.5 0.5 
23 0 0.38 0.646767 0.266767 0.5 0.5 
24 0 0.38 0.63114 0.25114 0.5 0.5 
25 0 0.38 0.616192 0.236192 0.5 0.5 
26 0 0.38 0.601908 0.221908 0.5 0.5 
27 0 0.38 0.588271 0.208271 0.5 0.5 
28 0 0.38 0.575263 0.195263 0.5 0.5 
29 0 0.38 0.562853 0.182853 0.5 0.5 
30 0 0.38 0.551022 0.171022 0.5 0.5 
31 0 0.38 0.539753 0.159753 0.5 0.5 
32 0 0.38 0.529029 0.149029 0.5 0.5 
33 0 0.38 0.518831 0.138831 0.5 0.5 
34 0 0.38 0.509142 0.129142 0.5 0.5 
35 0 0.38 0.500052 0.120052 0.5 0.5 
36 0 0.38 0.491772 0.111772 0.5 0.5 
37 0 0.38 0.484361 0.104361 0.5 0.5 
38 0 0.38 0.477891 0.0978913 0.5 0.5 
39 0 0.38 0.472457 0.092457 0.5 0.5 
40 0 0.38 0.468138 0.0881378 0.5 0.5 
41 0 0.38 0.464989 0.084989 0.5 0.5 
42 0 0.38 0.463036 0.0830356 0.5 0.5 
43 0 0.38 0.462323 0.0823229 0.5 0.5 
44 0 0.38 0.463032 0.0830317 0.5 0.5 
45 0 0.38 0.465259 0.0852589 0.5 0.5 
46 0 0.38 0.468982 0.0889824 0.5 0.5 
47 0 0.38 0.474038 0.0940381 0.5 0.5 
48 0 0.38 0.48011 0.10011 0.5 0.5 
49 0 0.38 0.486681 0.106681 0.5 0.5 
50 0 0.38 0.492893 0.112893 0.5 0.5 
51 0 0.38 0.498109 0.118109 0.5 0.5 
52 0 0.38 0.502048 0.122048 0.5 0.5 
53 0 0.38 0.504708 0.124708 0.5 0.5 
54 0 0.38 0.506128 0.126128 0.5 0.5 
55 0 0.38 0.506522 0.126522 0.5 0.5 
56 0 0.38 0.506145 0.126145 0.5 0.5 
57 0 0.38 0.505246 0.125246 0.5 0.5 
58 0 0.38 0.504047 0.124047 0.5 0.5 
59 0 0.38 0.502732 0.122732 0.5 0.5 
60 0 0.38 0.501445 0.121445 0.5 0.5 
61 0 0.38 0.500291 0.120291 0.5 0.5 
62 0 0.38 0.499341 0.119341 0.5 0.5 
63 0 0.38 0.498632 0.118632 0.5 0.5 
64 0 0.38 0.498171 0.118171 0.5 0.5 
65 0 0.38 0.497947 0.117947 0.5 0.5 
66 0 0.38 0.497877 0.117877 0.5 0.5 
67 0 0.38 0.497822 0.117822 0.5 0.5 
68 0 0.38 0.497509 0.117509 0.5 0.5 
69 0 0.38 0.496805 0.116805 0.5 0.5 
70 0 0.38 0.495658 0.115658 0.5 0.5 
71 0 0.38 0.494066 0.114066 0.5 0.5 
72 0 0.38 0.492022 0.112022 0.5 0.5 
73 0 0.38 0.489542 0.109542 0.5 0.5 
74 0 0.38 0.486817 0.106817 0.5 0.5 
75 0 0.38 0.484076 0.104076 0.5 0.5 
76 0 0.38 0.481505 0.101505 0.5 0.5 
77 0 0.38 0.479893 0.0998933 0.5 0.5 
78 0 0.38 0.479931 0.0999308 0.5 0.5 
79 0 0.38 0.482133 0.102133 0.5 0.5 
80 0 0.38 0.486517 0.106517 0.5 0.5 
81 0 0.38 0.491311 0.111311 0.5 0.5 
82 0 0.38 0.495579 0.115579 0.5 0.5 
83 0 0.38 0.498844 0.118844 0.5 0.5 
84 0 0.38 0.500973 0.120973 0.5 0.5 
85 0 0.38 0.50202 0.12202 0.5 0.5 
86 0 0.38 0.502136 0.122136 0.5 0.5 
87 0 0.38 0.501517 0.121517 0.5 0.5 
88 0 0.38 0.500366 0.120366 0.5 0.5 
89 0 0.38 0.498876 0.118876 0.5 0.5 
90 0 0.38 0.497219 0.117219 0.5 0.5 
91 0 0.38 0.495538 0.115538 0.5 0.5 
92 0 0.38 0.493944 0.113944 0.5 0.5 
93 0 0.38 0.492515 0.112515 0.5 0.5 
94 0 0.38 0.491295 0.111295 0.5 0.5 
95 0 0.38 0.490203 0.110203 0.5 0.5 
96 0 0.38 0.489138 0.109138 0.5 0.5 
97 0 0.38 0.488005 0.108005 0.5 0.5 
98 0 0.38 0.486715 0.106715 0.5 0.5 
99 0 0.38 0.485148 0.105148 0.5 0.5 
100 0 0.38 0.483208 0.103208 0.5 0.5 
101 0 0.38 0.480944 0.100944 0.5 0.5 
102 0 0.38 0.478434 0.0984343 0.5 0.5 
103 0 0.38 0.475712 0.0957119 0.5 0.5 
104 0 0.38 0.473008 0.0930084 0.5 0.5 
105 0 0.38 0.471066 0.0910663 0.5 0.5 
106 0 0.38 0.470717 0.0907174 0.5 0.5 
107 0 0.38 0.472782 0.0927818 0.5 0.5 
108 0 0.38 0.477548 0.097548 0.5 0.5 
109 0 0.38 0.484625 0.104625 0.5 0.5 
110 0 0.38 0.492598 0.112598 0.5 0.5 
111 0 0.38 0.499749 0.119749 0.5 0.5 
112 0 0.38 0.505478 0.125478 0.5 0.5 
113 0 0.38 0.509672 0.129672 0.5 0.5 
114 0 0.38 0.512455 0.132455 0.5 0.5 
115 0 0.38 0.51405 0.13405 0.5 0.5 
116 0 0.38 0.514702 0.134702 0.5 0.5 
117 0 0.38 0.514654 0.134654 0.5 0.5 
118 0 0.38 0.514126 0.134126 0.5 0.5 
119 0 0.38 0.513309 0.133309 0.5 0.5 
120 0 0.38 0.512366 0.132366 0.5 0.5 
121 0 0.38 0.511428 0.131428 0.5 0.5 
122 0 0.38 0.510591 0.130591 0.5 0.5 
123 0 0.38 0.509921 0.129921 0.5 0.5 
124 0 0.38 0.509453 0.129453 0.5 0.5 
125 0 0.38 0.509192 0.129192 0.5 0.5 
126 0 0.38 0.509119 0.129119 0.5 0.5 
127 0 0.38 0.509197 0.129197 0.5 0.5 
128 0 0.38 0.509369 0.129369 0.5 0.5 
129 0 0.38 0.509571 0.129571 0.5 0.5 
130 0 0.38 0.509727 0.129727 0.5 0.5 
131 0 0.38 0.509727 0.129727 0.5 0.5 
132 0.124009 0.38 0.509437 0.129437 0.5 0.5 
133 0 0.38 0.508781 0.128781 0.5 0.5 
134 0.405846 0.38 0.507711 0.127711 0.5 0.5 
135 0 0.38 0.506195 0.126195 0.5 0.5 
136 0.609583 0.38 0.504286 0.124286 0.5 0.5 
137 0 0.38 0.502033 0.122033 0.5 0.5 
138 0.747379 0.38 0.499435 0.119435 0.5 0.5 
139 0 0.38 0.496751 0.116751 0.5 0.5 
140 0.830658 0.38 0.494436 0.114436 0.5 0.5 
141 0 0.38 0.492829 0.112829 0.5 0.5 
142 0.869909 0.38 0.491943 0.111943 0.5 0.5 
143 0 0.38 0.49192 0.11192 0.5 0.5 
144 0.874571 0.38 0.492888 0.112888 0.5 0.5 
145 0 0.38 0.494848 0.114848 0.5 0.5 
146 0.852972 0.38 0.497402 0.117402 0.5 0.5 
147 0 0.38 0.49996 0.11996 0.5 0.5 
148 0.812319 0.38 0.50212 0.12212 0.5 0.5 
149 0 0.38 0.503739 0.123739 0.5 0.5 
150 0.758731 0.38 0.504716 0.124716 0.5 0.5 
151 0 0.38 0.504922 0.124922 0.5 0.5 
152 0.69729 0.38 0.504359 0.124359 0.5 0.5 
153 0 0.38 0.503114 0.123114 0.5 0.5 
154 0.632127 0.38 0.501312 0.121312 0.5 0.5 
155 0 0.38 0.499099 0.119099 0.5 0.5 
156 0.566502 0.38 0.49662 0.11662 0.5 0.5 
157 0 0.38 0.494006 0.114006 0.5 0.5 
158 0.502911 0.38 0.491353 0.111353 0.5 0.5 
159 0 0.38 0.488635 0.108635 0.5 0.5 
160 0.443177 0.38 0.485834 0.105834 0.5 0.5 
161 0 0.38 0.482965 0.102965 0.5 0.5 
162 0.388553 0.38 0.480034 0.100034 0.5 0.5 
163 0 0.38 0.477043 0.0970425 0.5 0.5 
164 0.339812 0.38 0.474111 0.0941112 0.5 0.5 
165 0 0.38 0.471848 0.0918477 0.5 0.5 
166 0.297336 0.38 0.470956 0.0909558 0.5 0.5 
167 0 0.38 0.470867 0.0908665 0.5 0.5 
168 0.261196 0.38 0.470915 0.0909152 0.5 0.5 
169 0 0.38 0.470933 0.0909329 0.5 0.5 
170 0.23122 0.38 0.471174 0.0911737 0.5 0.5 
171 0 0.38 0.47239 0.0923904 0.5 0.5 
172 0.207062 0.38 0.474977 0.0949767 0.5 0.5 
173 0 0.38 0.478491 0.098491 0.5 0.5 
174 0.188247 0.38 0.482005 0.102005 0.5 0.5 
175 0 0.38 0.484867 0.104867 0.5 0.5 
176 0.174224 0.38 0.486636 0.106636 0.5 0.5 
177 0 0.38 0.487448 0.107448 0.5 0.5 
178 0.164399 0.38 0.48756 0.10756 0.5 0.5 
179 0 0.38 0.487222 0.107222 0.5 0.5 
180 0.158166 0.38 0.486637 0.106637 0.5 0.5 
181 0 0.38 0.485933 0.105933 0.5 0.5 
182 0.154934 0.38 0.485164 0.105164 0.5 0.5 
183 0 0.38 0.484326 0.104326 0.5 0.5 
184 0.154139 0.38 0.483368 0.103368 0.5 0.5 
185 0 0.38 0.482333 0.102333 0.5 0.5 
186 0.155259 0.38 0.481308 0.101308 0.5 0.5 
187 0 0.38 0.480515 0.100515 0.5 0.5 
188 0.157824 0.38 0.480249 0.100249 0.5 0.5 
189 0 0.38 0.480269 0.100269 0.5 0.5 
190 0.16142 0.38 0.479684 0.0996843 0.5 0.5 
191 0 0.38 0.478448 0.0984484 0.5 0.5 
192 0.165688 0.38 0.476775 0.0967749 0.5 0.5 
193 0 0.38 0.474932 0.0949324 0.5 0.5 
194 0.170327 0.38 0.473134 0.0931342 0.5 0.5 
195 0 0.38 0.47134 0.0913399 0.5 0.5 
196 0.17509 0.38 0.470018 0.0900181 0.5 0.5 
197 0 0.38 0.469718 0.0897178 0.5 0.5 
198 0.179781 0.38 0.470758 0.0907579 0.5 0.5 
199 0 0.38 0.472955 0.0929546 0.5 0.5 
200 0.18425 0.38 0.475809 0.0958085 0.5 0.5 
201 0 0.38 0.478489 0.0984885 0.5 0.5 
202 0.188387 0.38 0.480289 0.100289 0.5 0.5 
203 0 0.38 0.481253 0.101253 0.5 0.5 
204 0.19212 0.38 0.48162 0.10162 0.5 0.5 
205 0 0.38 0.481637 0.101637 0.5 0.5 
206 0.195407 0.38 0.481494 0.101494 0.5 0.5 
207 0 0.38 0.481292 0.101292 0.5 0.5 
208 0.198229 0.38 0.481063 0.101063 0.5 0.5 
209 0 0.38 0.480744 0.100744 0.5 0.5 
210 0.200592 0.38 0.48015 0.10015 0.5 0.5 
211 0 0.38 0.479248 0.099248 0.5 0.5 
212 0.202515 0.38 0.478144 0.098144 0.5 0.5 
213 0 0.38 0.477119 0.0971193 0.5 0.5 
214 0.204028 0.38 0.47666 0.0966603 0.5 0.5 
215 0 0.38 0.476666 0.0966665 0.5 0.5 
216 0.205171 0.38 0.47615 0.0961502 0.5 0.5 
217 0 0.38 0.475033 0.0950331 0.5 0.5 
218 0.20599 0.38 0.473502 0.0935022 0.5 0.5 
219 0 0.38 0.471799 0.0917993 0.5 0.5 
220 0.206531 0.38 0.470082 0.0900824 0.5 0.5 
221 0 0.38 0.468911 0.0889113 0.5 0.5 
222 0.20684 0.38 0.468833 0.0888327 0.5 0.5 
223 0 0.38 0.470034 0.0900335 0.5 0.5 
224 0.206964 0.38 0.472174 0.0921737 0.5 0.5 
225 0 0.38 0.47437 0.0943696 0.5 0.5 
226 0.206943 0.38 0.475775 0.0957752 0.5 0.5 
227 0 0.38 0.476405 0.0964054 0.5 0.5 
228 0.206815 0.38 0.476484 0.0964843 0.5 0.5 
229 0 0.38 0.476304 0.0963036 0.5 0.5 
230 0.206611 0.38 0.476083 0.0960828 0.5 0.5 
231 0 0.38 0.475937 0.0959367 0.5 0.5 
232 0.206357 0.38 0.475891 0.0958911 0.5 0.5 
233 0 0.38 0.475584 0.0955842 0.5 0.5 
234 0.206072 0.38 0.47489 0.09489 0.5 0.5 
235 0 0.38 0.473781 0.0937806 0.5 0.5 
236 0.205768 0.38 0.472638 0.0926379 0.5 0.5 
237 0 0.38 0.47205 0.0920501 0.5 0.5 
238 0.205452 0.38 0.471961 0.0919612 0.5 0.5 
239 0 0.38 0.471475 0.0914746 0.5 0.5 
240 0.205124 0.38 0.470663 0.0906627 0.5 0.5 
241 0 0.38 0.469943 0.0899432 0.5 0.5 
242 0.204776 0.38 0.470042 0.0900422 0.5 0.5 
243 0 0.38 0.470106 0.0901059 0.5 0.5 
244 0.204397 0.38 0.469951 0.089951 0.5 0.5 
245 0 0.38 0.47079 0.09079 0.5 0.5 
246 0.20397 0.38 0.473865 0.0938648 0.5 0.5 
247 0 0.38 0.478212 0.0982115 0.5 0.5 
248 0.203474 0.38 0.482092 0.102092 0.5 0.5 
249 0 0.38 0.485102 0.105102 0.5 0.5 
250 0.202884 0.38 0.487223 0.107223 0.5 0.5 
251 0 0.38 0.488577 0.108577 0.5 0.5 
252 0.202174 0.38 0.48932 0.10932 0.5 0.5 
253 0 0.38 0.489585 0.109585 0.5 0.5 
254 0.201317 0.38 0.489474 0.109474 0.5 0.5 
255 0 0.38 0.489053 0.109053 0.5 0.5 
256 0.200287 0.38 0.488345 0.108345 0.5 0.5 
257 0 0.38 0.487345 0.107345 0.5 0.5 
258 0.19906 0.38 0.486013 0.106013 0.5 0.5 
259 0 0.38 0.484257 0.104257 0.5 0.5 
260 0.197617 0.38 0.482102 0.102102 0.5 0.5 
261 0 0.38 0.479635 0.0996348 0.5 0.5 
262 0.195946 0.38 0.476977 0.096977 0.5 0.5 
263 0 0.38 0.474269 0.0942692 0.5 0.5 
264 0.194045 0.38 0.471634 0.091634 0.5 0.5 
265 0 0.38 0.469305 0.0893049 0.5 0.5 
266 0.191922 0.38 0.468362 0.0883624 0.5 0.5 
267 0 0.38 0.47013 0.09013 0.5 0.5 
268 0.189603 0.38 0.475215 0.0952149 0.5 0.5 
269 0 0.38 0.482735 0.102735 0.5 0.5 
270 0.187131 0.38 0.489992 0.109992 0.5 0.5 
271 0 0.38 0.496017 0.116017 0.5 0.5 
272 0.18457 0.38 0.500639 0.120639 0.5 0.5 
273 0 0.38 0.504006 0.124006 0.5 0.5 
274 0.182009 0.38 0.506341 0.126341 0.5 0.5 
275 0 0.38 0.507861 0.127861 0.5 0.5 
276 0.179563 0.38 0.508748 0.128748 0.5 0.5 
277 0 0.38 0.509156 0.129156 0.5 0.5 
278 0.177378 0.38 0.509213 0.129213 0.5 0.5 
279 0 0.38 0.50903 0.12903 0.5 0.5 
280 0.175633 0.38 0.5087 0.1287 0.5 0.5 
281 0 0.38 0.508303 0.128303 0.5 0.5 
282 0.174537 0.38 0.507902 0.127902 0.5 0.5 
283 0 0.38 0.507542 0.127542 0.5 0.5 
284 0.174333 0.38 0.507249 0.127249 0.5 0.5 
285 0 0.38 0.507029 0.127029 0.5 0.5 
286 0.175298 0.38 0.506872 0.126872 0.5 0.5 
287 0 0.38 0.506754 0.126754 0.5 0.5 
288 0.177733 0.38 0.506638 0.126638 0.5 0.5 
289 0 0.38 0.506441 0.126441 0.5 0.5 
290 0.181964 0.38 0.505938 0.125938 0.5 0.5 
291 0 0.38 0.505034 0.125034 0.5 0.5 
292 0.188331 0.38 0.503782 0.123782 0.5 0.5 
293 0 0.38 0.502207 0.122207 0.5 0.5 
294 0.197175 0.38 0.500282 0.120282 0.5 0.5 
295 0 0.38 0.498282 0.118282 0.5 0.5 
296 0.208825 0.38 0.496555 0.116555 0.5 0.5 
297 0 0.38 0.495361 0.115361 0.5 0.5 
298 0.223576 0.38 0.494754 0.114754 0.5 0.5 
299 0 0.38 0.494515 0.114515 0.5 0.5 
300 0.241668 0.38 0.494264 0.114264 0.5 0.5 
