0 0 0.38 1.04993 0.669933 0.5 0.5 
1 0 0.38 1.04803 0.668029 0.5 0.5 
2 0 0.38 1.04193 0.66193 0.5 0.5 
3 0 0.38 1.03192 0.65192 0.5 0.5 
4 0 0.38 1.01849 0.63849 0.5 0.5 
5 0 0.38 1.00225 0.622252 0.5 0.5 
6 0 0.38 0.983836 0.603836 0.5 0.5 
7 0 0.38 0.963844 0.583844 0.5 0.5 
8 0 0.38 0.94282 0.56282 0.5 0.5 
9 0 0.38 0.921228 0.541228 0.5 0.5 
10 0 0.38 0.899431 0.519431 0.5 0.5 
11 0 0.38 0.877696 0.497696 0.5 0.5 
12 0 0.38 0.856211 0.476211 0.5 0.5 
13 0 0.38 0.83509 0.45509 0.5 0.5 
14 0 0.38 0.814403 0.434403 0.5 0.5 
15 0 0.38 0.794192 0.414192 0.5 0.5 
16 0 0.38 0.774455 0.394455 0.5 0.5 
17 0 0.38 0.755143 0.375143 0.5 0.5 
18 0 0.38 0.736326 0.356326 0.5 0.5 
19 0 0.38 0.718047 0.338047 0.5 0.5 
20 0 0.38 0.700327 0.320327 0.5 0.5 
21 0 0.38 0.683163 0.303163 0.5 0.5 
22 0 0.38 0.666593 0.286593 0.5 0.5 
23 0 0.38 0.650638 0.270638 0.5 0.5 
24 0 0.38 0.635316 0.255316 0.5 0.5 
25 0 0.38 0.620638 0.240638 0.5 0.5 
26 0 0.38 0.606604 0.226604 0.5 0.5 
27 0 0.38 0.593193 0.213193 0.5 0.5 
28 0 0.38 0.580374 0.200374 0.5 0.5 
29 0 0.38 0.568112 0.188112 0.5 0.5 
30 0 0.38 0.556378 0.176378 0.5 0.5 
31 0 0.38 0.545149 0.165149 0.5 0.5 
32 0 0.38 0.534414 0.154414 0.5 0.5 
33 0 0.38 0.524173 0.144173 0.5 0.5 
34 0 0.38 0.514426 0.134426 0.5 0.5 
35 0 0.38 0.505163 0.125163 0.5 0.5 
36 0 0.38 0.496396 0.116396 0.5 0.5 
37 0 0.38 0.48819 0.10819 0.5 0.5 
38 0 0.38 0.480605 0.100605 0.5 0.5 
39 0 0.38 0.47374 0.0937398 0.5 0.5 
40 0 0.38 0.46771 0.0877099 0.5 0.5 
41 0 0.38 0.462647 0.0826474 0.5 0.5 
42 0 0.38 0.458682 0.0786819 0.5 0.5 
43 0 0.38 0.455925 0.0759248 0.5 0.5 
44 0 0.38 0.454453 0.0744534 0.5 0.5 
45 0 0.38 0.454292 0.0742924 0.5 0.5 
46 0 0.38 0.455407 0.0754069 0.5 0.5 
47 0 0.38 0.457778 0.0777782 0.5 0.5 
48 0 0.38 0.461556 0.0815563 0.5 0.5 
49 0 0.38 0.466741 0.086741 0.5 0.5 
50 0 0.38 0.473123 0.0931232 0.5 0.5 
51 0 0.38 0.480258 0.100258 0.5 0.5 
52 0 0.38 0.487345 0.107345 0.5 0.5 
53 0 0.38 0.493264 0.113264 0.5 0.5 
54 0 0.38 0.497654 0.117654 0.5 0.5 
55 0 0.38 0.500656 0.120656 0.5 0.5 
56 0 0.38 0.5026 0.1226 0.5 0.5 
57 0 0.38 0.50383 0.12383 0.5 0.5 
58 0 0.38 0.504728 0.124728 0.5 0.5 
59 0 0.38 0.505621 0.125621 0.5 0.5 
60 0 0.38 0.506749 0.126749 0.5 0.5 
61 0 0.38 0.508265 0.128265 0.5 0.5 
62 0 0.38 0.510238 0.130238 0.5 0.5 
63 0 0.38 0.512666 0.132666 0.5 0.5 
64 0 0.38 0.515487 0.135487 0.5 0.5 
65 0 0.38 0.518595 0.138595 0.5 0.5 
66 0 0.38 0.521837 0.141837 0.5 0.5 
67 0 0.38 0.525018 0.145018 0.5 0.5 
68 0 0.38 0.527967 0.147967 0.5 0.5 
69 0 0.38 0.530509 0.150509 0.5 0.5 
70 0 0.38 0.53246 0.15246 0.5 0.5 
71 0 0.38 0.533788 0.153788 0.5 0.5 
72 0 0.38 0.534442 0.154442 0.5 0.5 
73 0 0.38 0.534311 0.154311 0.5 0.5 
74 0 0.38 0.533367 0.153367 0.5 0.5 
75 0 0.38 0.531631 0.151631 0.5 0.5 
76 0 0.38 0.529161 0.149161 0.5 0.5 
77 0 0.38 0.526042 0.146042 0.5 0.5 
78 0 0.38 0.522366 0.142366 0.5 0.5 
79 0 0.38 0.518227 0.138227 0.5 0.5 
80 0 0.38 0.513715 0.133715 0.5 0.5 
81 0 0.38 0.508917 0.128917 0.5 0.5 
82 0 0.38 0.503922 0.123922 0.5 0.5 
83 0 0.38 0.498794 0.118794 0.5 0.5 
84 0 0.38 0.493589 0.113589 0.5 0.5 
85 0 0.38 0.48838 0.10838 0.5 0.5 
86 0 0.38 0.483249 0.103249 0.5 0.5 
87 0 0.38 0.478303 0.0983026 0.5 0.5 
88 0 0.38 0.473659 0.0936592 0.5 0.5 
89 0 0.38 0.469451 0.0894512 0.5 0.5 
90 0 0.38 0.465814 0.0858143 0.5 0.5 
91 0 0.38 0.462877 0.0828769 0.5 0.5 
92 0 0.38 0.460748 0.0807479 0.5 0.5 
93 0 0.38 0.45951 0.0795102 0.5 0.5 
94 0 0.38 0.459219 0.0792193 0.5 0.5 
95 0 0.38 0.459889 0.0798892 0.5 0.5 
96 0 0.38 0.461554 0.0815538 0.5 0.5 
97 0 0.38 0.464397 0.084397 0.5 0.5 
98 0 0.38 0.46849 0.0884898 0.5 0.5 
99 0 0.38 0.473745 0.0937453 0.5 0.5 
100 0 0.38 0.479893 0.0998932 0.5 0.5 
101 0 0.38 0.486313 0.106313 0.5 0.5 
102 0 0.38 0.491891 0.111891 0.5 0.5 
103 0 0.38 0.496126 0.116126 0.5 0.5 
104 0 0.38 0.499036 0.119036 0.5 0.5 
105 0 0.38 0.500881 0.120881 0.5 0.5 
106 0 0.38 0.501946 0.121946 0.5 0.5 
107 0 0.38 0.502595 0.122595 0.5 0.5 
108 0 0.38 0.503148 0.123148 0.5 0.5 
109 0 0.38 0.503852 0.123852 0.5 0.5 
110 0 0.38 0.504873 0.124873 0.5 0.5 
111 0 0.38 0.506297 0.126297 0.5 0.5 
112 0 0.38 0.508142 0.128142 0.5 0.5 
113 0 0.38 0.510365 0.130365 0.5 0.5 
114 0 0.38 0.512881 0.132881 0.5 0.5 
115 0 0.38 0.515556 0.135556 0.5 0.5 
116 0 0.38 0.518209 0.138209 0.5 0.5 
117 0 0.38 0.520656 0.140656 0.5 0.5 
118 0 0.38 0.522676 0.142676 0.5 0.5 
119 0 0.38 0.524133 0.144133 0.5 0.5 
120 0 0.38 0.52494 0.14494 0.5 0.5 
121 0 0.38 0.525049 0.145049 0.5 0.5 
122 0 0.38 0.524444 0.144444 0.5 0.5 
123 0 0.38 0.523147 0.143147 0.5 0.5 
124 0 0.38 0.521234 0.141234 0.5 0.5 
125 0 0.38 0.518786 0.138786 0.5 0.5 
126 0 0.38 0.515867 0.135867 0.5 0.5 
127 0 0.38 0.512508 0.132508 0.5 0.5 
128 0 0.38 0.508759 0.128759 0.5 0.5 
129 0 0.38 0.504721 0.124721 0.5 0.5 
130 0 0.38 0.500483 0.120483 0.5 0.5 
131 0 0.38 0.496057 0.116057 0.5 0.5 
132 0.124009 0.38 0.491539 0.111539 0.5 0.5 
133 0 0.38 0.487043 0.107043 0.5 0.5 
134 0.405846 0.38 0.482694 0.102694 0.5 0.5 
135 0 0.38 0.478624 0.0986244 0.5 0.5 
136 0.609583 0.38 0.474958 0.0949585 0.5 0.5 
137 0 0.38 0.471811 0.0918111 0.5 0.5 
138 0.747379 0.38 0.469281 0.0892814 0.5 0.5 
139 0 0.38 0.467452 0.0874517 0.5 0.5 
140 0.830658 0.38 0.466377 0.0863774 0.5 0.5 
141 0 0.38 0.466134 0.0861345 0.5 0.5 
142 0.869909 0.38 0.466927 0.086927 0.5 0.5 
143 0 0.38 0.468886 0.0888863 0.5 0.5 
144 0.874571 0.38 0.472056 0.0920555 0.5 0.5 
145 0 0.38 0.47635 0.0963502 0.5 0.5 
146 0.852972 0.38 0.481336 0.101336 0.5 0.5 
147 0 0.38 0.485946 0.105946 0.5 0.5 
148 0.812319 0.38 0.489676 0.109676 0.5 0.5 
149 0 0.38 0.492333 0.112333 0.5 0.5 
150 0.758731 0.38 0.493982 0.113982 0.5 0.5 
151 0 0.38 0.494843 0.114843 0.5 0.5 
152 0.69729 0.38 0.495174 0.115174 0.5 0.5 
153 0 0.38 0.495264 0.115264 0.5 0.5 
154 0.632127 0.38 0.495356 0.115356 0.5 0.5 
155 0 0.38 0.495624 0.115624 0.5 0.5 
156 0.566502 0.38 0.496179 0.116179 0.5 0.5 
157 0 0.38 0.497024 0.117024 0.5 0.5 
158 0.502911 0.38 0.497998 0.117998 0.5 0.5 
159 0 0.38 0.498974 0.118974 0.5 0.5 
160 0.443177 0.38 0.499849 0.119849 0.5 0.5 
161 0 0.38 0.500544 0.120544 0.5 0.5 
162 0.388553 0.38 0.50105 0.12105 0.5 0.5 
163 0 0.38 0.501346 0.121346 0.5 0.5 
164 0.339812 0.38 0.501334 0.121334 0.5 0.5 
165 0 0.38 0.500908 0.120908 0.5 0.5 
166 0.297336 0.38 0.49997 0.11997 0.5 0.5 
167 0 0.38 0.498425 0.118425 0.5 0.5 
168 0.261196 0.38 0.496343 0.116343 0.5 0.5 
169 0 0.38 0.493896 0.113896 0.5 0.5 
170 0.23122 0.38 0.491286 0.111286 0.5 0.5 
171 0 0.38 0.488739 0.108739 0.5 0.5 
172 0.207062 0.38 0.486514 0.106514 0.5 0.5 
173 0 0.38 0.484771 0.104771 0.5 0.5 
174 0.188247 0.38 0.483483 0.103483 0.5 0.5 
175 0 0.38 0.482684 0.102684 0.5 0.5 
176 0.174224 0.38 0.482511 0.102511 0.5 0.5 
177 0 0.38 0.483155 0.103155 0.5 0.5 
178 0.164399 0.38 0.485095 0.105095 0.5 0.5 
179 0 0.38 0.488304 0.108304 0.5 0.5 
180 0.158166 0.38 0.492099 0.112099 0.5 0.5 
181 0 0.38 0.495326 0.115326 0.5 0.5 
182 0.154934 0.38 0.49747 0.11747 0.5 0.5 
183 0 0.38 0.498488 0.118488 0.5 0.5 
184 0.154139 0.38 0.498578 0.118578 0.5 0.5 
185 0 0.38 0.498039 0.118039 0.5 0.5 
186 0.155259 0.38 0.497184 0.117184 0.5 0.5 
187 0 0.38 0.496294 0.116294 0.5 0.5 
188 0.157824 0.38 0.495594 0.115594 0.5 0.5 
189 0 0.38 0.495252 0.115252 0.5 0.5 
190 0.16142 0.38 0.495372 0.115372 0.5 0.5 
191 0 0.38 0.495817 0.115817 0.5 0.5 
192 0.165688 0.38 0.496367 0.116367 0.5 0.5 
193 0 0.38 0.496797 0.116797 0.5 0.5 
194 0.170327 0.38 0.49685 0.11685 0.5 0.5 
195 0 0.38 0.496382 0.116382 0.5 0.5 
196 0.17509 0.38 0.495415 0.115415 0.5 0.5 
197 0 0.38 0.494007 0.114007 0.5 0.5 
198 0.179781 0.38 0.492278 0.112278 0.5 0.5 
199 0 0.38 0.490256 0.110256 0.5 0.5 
200 0.18425 0.38 0.487846 0.107846 0.5 0.5 
201 0 0.38 0.485175 0.105175 0.5 0.5 
202 0.188387 0.38 0.482444 0.102444 0.5 0.5 
203 0 0.38 0.479995 0.0999953 0.5 0.5 
204 0.19212 0.38 0.478547 0.0985466 0.5 0.5 
205 0 0.38 0.478723 0.0987229 0.5 0.5 
206 0.195407 0.38 0.480834 0.100834 0.5 0.5 
207 0 0.38 0.484481 0.104481 0.5 0.5 
208 0.198229 0.38 0.488115 0.108115 0.5 0.5 
209 0 0.38 0.491083 0.111083 0.5 0.5 
210 0.200592 0.38 0.493192 0.113192 0.5 0.5 
211 0 0.38 0.494434 0.114434 0.5 0.5 
212 0.202515 0.38 0.494854 0.114854 0.5 0.5 
213 0 0.38 0.494632 0.114632 0.5 0.5 
214 0.204028 0.38 0.494003 0.114003 0.5 0.5 
215 0 0.38 0.493203 0.113203 0.5 0.5 
216 0.205171 0.38 0.49243 0.11243 0.5 0.5 
217 0 0.38 0.491761 0.111761 0.5 0.5 
218 0.20599 0.38 0.491226 0.111226 0.5 0.5 
219 0 0.38 0.490799 0.110799 0.5 0.5 
220 0.206531 0.38 0.49039 0.11039 0.5 0.5 
221 0 0.38 0.489813 0.109813 0.5 0.5 
222 0.20684 0.38 0.488881 0.108881 0.5 0.5 
223 0 0.38 0.487564 0.107564 0.5 0.5 
224 0.206964 0.38 0.48584 0.10584 0.5 0.5 
225 0 0.38 0.483661 0.103661 0.5 0.5 
226 0.206943 0.38 0.481188 0.101188 0.5 0.5 
227 0 0.38 0.478463 0.0984632 0.5 0.5 
228 0.206815 0.38 0.4757 0.0956996 0.5 0.5 
229 0 0.38 0.473834 0.0938343 0.5 0.5 
230 0.206611 0.38 0.473932 0.0939318 0.5 0.5 
231 0 0.38 0.476627 0.0966265 0.5 0.5 
232 0.206357 0.38 0.48149 0.10149 0.5 0.5 
233 0 0.38 0.486556 0.106556 0.5 0.5 
234 0.206072 0.38 0.490867 0.110867 0.5 0.5 
235 0 0.38 0.494013 0.114013 0.5 0.5 
236 0.205768 0.38 0.495997 0.115997 0.5 0.5 
237 0 0.38 0.497026 0.117026 0.5 0.5 
238 0.205452 0.38 0.497381 0.117381 0.5 0.5 
239 0 0.38 0.497356 0.117356 0.5 0.5 
240 0.205124 0.38 0.497213 0.117213 0.5 0.5 
241 0 0.38 0.497163 0.117163 0.5 0.5 
242 0.204776 0.38 0.497359 0.117359 0.5 0.5 
243 0 0.38 0.497885 0.117885 0.5 0.5 
244 0.204397 0.38 0.498768 0.118768 0.5 0.5 
245 0 0.38 0.499977 0.119977 0.5 0.5 
246 0.20397 0.38 0.501383 0.121383 0.5 0.5 
247 0 0.38 0.502691 0.122691 0.5 0.5 
248 0.203474 0.38 0.503821 0.123821 0.5 0.5 
249 0 0.38 0.504708 0.124708 0.5 0.5 
250 0.202884 0.38 0.505257 0.125257 0.5 0.5 
251 0 0.38 0.50534 0.12534 0.5 0.5 
252 0.202174 0.38 0.504777 0.124777 0.5 0.5 
253 0 0.38 0.503546 0.123546 0.5 0.5 
254 0.201317 0.38 0.501703 0.121703 0.5 0.5 
255 0 0.38 0.499417 0.119417 0.5 0.5 
256 0.200287 0.38 0.496937 0.116937 0.5 0.5 
257 0 0.38 0.494538 0.114538 0.5 0.5 
258 0.19906 0.38 0.492403 0.112403 0.5 0.5 
259 0 0.38 0.490584 0.110584 0.5 0.5 
260 0.197617 0.38 0.489028 0.109028 0.5 0.5 
261 0 0.38 0.487749 0.107749 0.5 0.5 
262 0.195946 0.38 0.48678 0.10678 0.5 0.5 
263 0 0.38 0.486138 0.106138 0.5 0.5 
264 0.194045 0.38 0.485743 0.105743 0.5 0.5 
265 0 0.38 0.485275 0.105275 0.5 0.5 
266 0.191922 0.38 0.484592 0.104592 0.5 0.5 
267 0 0.38 0.483946 0.103946 0.5 0.5 
268 0.189603 0.38 0.483586 0.103586 0.5 0.5 
269 0 0.38 0.483471 0.103471 0.5 0.5 
270 0.187131 0.38 0.483036 0.103036 0.5 0.5 
271 0 0.38 0.481995 0.101995 0.5 0.5 
272 0.18457 0.38 0.480406 0.100406 0.5 0.5 
273 0 0.38 0.478438 0.0984382 0.5 0.5 
274 0.182009 0.38 0.476264 0.0962643 0.5 0.5 
275 0 0.38 0.474068 0.0940679 0.5 0.5 
276 0.179563 0.38 0.472463 0.0924634 0.5 0.5 
277 0 0.38 0.472119 0.0921186 0.5 0.5 
278 0.177378 0.38 0.473271 0.0932713 0.5 0.5 
279 0 0.38 0.475476 0.0954764 0.5 0.5 
280 0.175633 0.38 0.477612 0.0976118 0.5 0.5 
281 0 0.38 0.478764 0.0987642 0.5 0.5 
282 0.174537 0.38 0.479076 0.0990764 0.5 0.5 
283 0 0.38 0.478925 0.0989252 0.5 0.5 
284 0.174333 0.38 0.478683 0.0986828 0.5 0.5 
285 0 0.38 0.478617 0.0986167 0.5 0.5 
286 0.175298 0.38 0.478836 0.0988363 0.5 0.5 
287 0 0.38 0.479271 0.0992712 0.5 0.5 
288 0.177733 0.38 0.479901 0.0999008 0.5 0.5 
289 0 0.38 0.480735 0.100735 0.5 0.5 
290 0.181964 0.38 0.481752 0.101752 0.5 0.5 
291 0 0.38 0.482842 0.102842 0.5 0.5 
292 0.188331 0.38 0.483946 0.103946 0.5 0.5 
293 0 0.38 0.484964 0.104964 0.5 0.5 
294 0.197175 0.38 0.485728 0.105728 0.5 0.5 
295 0 0.38 0.48634 0.10634 0.5 0.5 
296 0.208825 0.38 0.486887 0.106887 0.5 0.5 
297 0 0.38 0.487392 0.107392 0.5 0.5 
298 0.223576 0.38 0.487728 0.107728 0.5 0.5 
299 0 0.38 0.487524 0.107524 0.5 0.5 
300 0.241668 0.38 0.48679 0.10679 0.5 0.5 
