[ 0.0983997 0 0 -0.999926 1 0 0.500477 0.5 -1.00074 1 -1.99956 -2 -1.50001 1.5 -0.000418195 0 -0.5 0.5 0 0 0 0
  0.0953154 0 0 -0.999778 1 0 0.501393 0.5 -1.00217 1 -1.9987 -2 -1.50004 1.5 -0.00122426 0 -0.5 0.5 0 0 0 0
  0.0908594 0 0 -0.999556 1 0 0.502715 0.5 -1.00423 1 -1.99745 -2 -1.50008 1.5 -0.00238895 0 -0.5 0.5 0 0 0 0
  0.0851395 0 0 -0.999261 1 0 0.504407 0.5 -1.00688 1 -1.99584 -2 -1.50013 1.5 -0.00388405 0 -0.5 0.5 0 0 0 0
  0.0782595 0 0 -0.998894 1 0 0.506438 0.5 -1.01007 1 -1.99389 -2 -1.50019 1.5 -0.00568243 0 -0.5 0.5 0 0 0 0
  0.0703191 0 0 -0.998454 1 0 0.508776 0.5 -1.01375 1 -1.99162 -2 -1.50026 1.5 -0.00775799 0 -0.5 0.5 0 0 0 0
  0.0614137 0 0 -0.997942 1 0 0.51139 0.5 -1.01787 1 -1.98907 -2 -1.50034 1.5 -0.0100857 0 -0.5 0.5 0 0 0 0
  0.0516349 0 0 -0.997358 1 0 0.514253 0.5 -1.02241 1 -1.98625 -2 -1.50043 1.5 -0.0126415 0 -0.5 0.5 0 0 0 0
  0.04107 0 0 -0.996703 1 0 0.517336 0.5 -1.02731 1 -1.98318 -2 -1.50053 1.5 -0.0154023 0 -0.5 0.5 0 0 0 0
  0.0298026 0 0 -0.995978 1 0 0.520614 0.5 -1.03254 1 -1.9799 -2 -1.50063 1.5 -0.0183463 0 -0.5 0.5 0 0 0 0
  0.0179125 0 0 -0.995181 1 0 0.52406 0.5 -1.03805 1 -1.9764 -2 -1.50075 1.5 -0.0214523 0 -0.5 0.5 0 0 0 0
  0.00547533 0 0 -0.994315 1 0 0.527651 0.5 -1.04383 1 -1.97273 -2 -1.50086 1.5 -0.0247003 0 -0.5 0.5 0 0 0 0
  -0.0074366 0 0 -0.993378 1 0 0.531365 0.5 -1.04982 1 -1.96889 -2 -1.50098 1.5 -0.0280713 0 -0.5 0.5 0 0 0 0
  -0.0207548 0 0 -0.992373 1 0 0.535179 0.5 -1.056 1 -1.96491 -2 -1.50111 1.5 -0.031547 0 -0.5 0.5 0 0 0 0
  -0.0344144 0 0 -0.991298 1 0 0.539073 0.5 -1.06234 1 -1.96081 -2 -1.50124 1.5 -0.0351103 0 -0.5 0.5 0 0 0 0
  -0.0483538 0 0 -0.990154 1 0 0.543028 0.5 -1.06881 1 -1.95659 -2 -1.50137 1.5 -0.0387448 0 -0.5 0.5 0 0 0 0
  -0.062515 0 0 -0.988942 1 0 0.547026 0.5 -1.07539 1 -1.95228 -2 -1.5015 1.5 -0.0424352 0 -0.5 0.5 0 0 0 0
  -0.0768432 0 0 -0.987662 1 0 0.551048 0.5 -1.08204 1 -1.9479 -2 -1.50164 1.5 -0.0461667 0 -0.5 0.5 0 0 0 0
  -0.0912867 0 0 -0.986315 1 0 0.555079 0.5 -1.08874 1 -1.94345 -2 -1.50178 1.5 -0.0499257 0 -0.5 0.5 0 0 0 0
  -0.105797 0 0 -0.9849 1 0 0.559104 0.5 -1.09548 1 -1.93895 -2 -1.50192 1.5 -0.0536993 0 -0.5 0.5 0 0 0 0
  -0.120329 0 0 -0.983419 1 0 0.563107 0.5 -1.10222 1 -1.93442 -2 -1.50205 1.5 -0.0574753 0 -0.5 0.5 0 0 0 0
  -0.13484 0 0 -0.981871 1 0 0.567076 0.5 -1.10895 1 -1.92986 -2 -1.50219 1.5 -0.0612425 0 -0.5 0.5 0 0 0 0
  -0.14929 0 0 -0.980257 1 0 0.570999 0.5 -1.11565 1 -1.9253 -2 -1.50232 1.5 -0.06499 0 -0.5 0.5 0 0 0 0
  -0.163642 0 0 -0.978577 1 0 0.574862 0.5 -1.1223 1 -1.92073 -2 -1.50246 1.5 -0.0687082 0 -0.5 0.5 0 0 0 0
  -0.177862 0 0 -0.976831 1 0 0.578657 0.5 -1.12889 1 -1.91618 -2 -1.50259 1.5 -0.0723879 0 -0.5 0.5 0 0 0 0
  -0.191918 0 0 -0.975021 1 0 0.582372 0.5 -1.1354 1 -1.91165 -2 -1.50272 1.5 -0.0760205 0 -0.5 0.5 0 0 0 0
  -0.205781 0 0 -0.973146 1 0 0.585999 0.5 -1.14182 1 -1.90715 -2 -1.50284 1.5 -0.0795982 0 -0.5 0.5 0 0 0 0
  -0.219424 0 0 -0.971207 1 0 0.58953 0.5 -1.14813 1 -1.90269 -2 -1.50296 1.5 -0.0831138 0 -0.5 0.5 0 0 0 0
  -0.232822 0 0 -0.969204 1 0 0.592955 0.5 -1.15432 1 -1.89828 -2 -1.50308 1.5 -0.0865607 0 -0.5 0.5 0 0 0 0
  -0.245953 0 0 -0.967137 1 0 0.59627 0.5 -1.16038 1 -1.89392 -2 -1.50319 1.5 -0.0899329 0 -0.5 0.5 0 0 0 0
  -0.258796 0 0 -0.965007 1 0 0.599466 0.5 -1.16631 1 -1.88962 -2 -1.5033 1.5 -0.093225 0 -0.5 0.5 0 0 0 0
  -0.271333 0 0 -0.962815 1 0 0.602539 0.5 -1.17209 1 -1.88539 -2 -1.5034 1.5 -0.0964321 0 -0.5 0.5 0 0 0 0
  -0.283548 0 0 -0.96056 1 0 0.605484 0.5 -1.17772 1 -1.88123 -2 -1.5035 1.5 -0.0995497 0 -0.5 0.5 0 0 0 0
  -0.295426 0 0 -0.958243 1 0 0.608296 0.5 -1.18318 1 -1.87715 -2 -1.50359 1.5 -0.102574 0 -0.5 0.5 0 0 0 0
  -0.306954 0 0 -0.955864 1 0 0.610971 0.5 -1.18848 1 -1.87315 -2 -1.50368 1.5 -0.105502 0 -0.5 0.5 0 0 0 0
  -0.318121 0 0 -0.953424 1 0 0.613505 0.5 -1.19361 1 -1.86924 -2 -1.50376 1.5 -0.10833 0 -0.5 0.5 0 0 0 0
  -0.328917 0 0 -0.950923 1 0 0.615897 0.5 -1.19856 1 -1.86541 -2 -1.50383 1.5 -0.111056 0 -0.5 0.5 0 0 0 0
  -0.339335 0 0 -0.948362 1 0 0.618144 0.5 -1.20333 1 -1.86168 -2 -1.5039 1.5 -0.113677 0 -0.5 0.5 0 0 0 0
  -0.349368 0 0 -0.94574 1 0 0.620244 0.5 -1.20791 1 -1.85805 -2 -1.50396 1.5 -0.116193 0 -0.5 0.5 0 0 0 0
  -0.359011 0 0 -0.943058 1 0 0.622196 0.5 -1.21231 1 -1.8545 -2 -1.50401 1.5 -0.118602 0 -0.5 0.5 0 0 0 0
  -0.36826 0 0 -0.940317 1 0 0.623998 0.5 -1.21652 1 -1.85106 -2 -1.50406 1.5 -0.120902 0 -0.5 0.5 0 0 0 0
  -0.377113 0 0 -0.937517 1 0 0.62565 0.5 -1.22055 1 -1.84772 -2 -1.5041 1.5 -0.123093 0 -0.5 0.5 0 0 0 0
  -0.385569 0 0 -0.934658 1 0 0.627152 0.5 -1.22438 1 -1.84447 -2 -1.50413 1.5 -0.125175 0 -0.5 0.5 0 0 0 0
  -0.393627 0 0 -0.931741 1 0 0.628504 0.5 -1.22803 1 -1.84133 -2 -1.50416 1.5 -0.127149 0 -0.5 0.5 0 0 0 0
  -0.401288 0 0 -0.928765 1 0 0.629707 0.5 -1.23149 1 -1.83828 -2 -1.50418 1.5 -0.129013 0 -0.5 0.5 0 0 0 0
  -0.408555 0 0 -0.925733 1 0 0.630762 0.5 -1.23476 1 -1.83533 -2 -1.50419 1.5 -0.130769 0 -0.5 0.5 0 0 0 0
  -0.41543 0 0 -0.922642 1 0 0.631669 0.5 -1.23784 1 -1.83249 -2 -1.5042 1.5 -0.132418 0 -0.5 0.5 0 0 0 0
  -0.421918 0 0 -0.919495 1 0 0.632431 0.5 -1.24074 1 -1.82974 -2 -1.5042 1.5 -0.133961 0 -0.5 0.5 0 0 0 0
  -0.428023 0 0 -0.916292 1 0 0.63305 0.5 -1.24346 1 -1.82708 -2 -1.50419 1.5 -0.135399 0 -0.5 0.5 0 0 0 0
  -0.433751 0 0 -0.913032 1 0 0.633526 0.5 -1.24601 1 -1.82452 -2 -1.50418 1.5 -0.136734 0 -0.5 0.5 0 0 0 0
  -0.439109 0 0 -0.909717 1 0 0.633864 0.5 -1.24838 1 -1.82205 -2 -1.50416 1.5 -0.137968 0 -0.5 0.5 0 0 0 0
  -0.444105 0 0 -0.906346 1 0 0.634065 0.5 -1.25057 1 -1.81967 -2 -1.50413 1.5 -0.139103 0 -0.5 0.5 0 0 0 0
  -0.448745 0 0 -0.90292 1 0 0.634132 0.5 -1.25261 1 -1.81737 -2 -1.5041 1.5 -0.14014 0 -0.5 0.5 0 0 0 0
  -0.45304 0 0 -0.899439 1 0 0.634068 0.5 -1.25448 1 -1.81516 -2 -1.50407 1.5 -0.141083 0 -0.5 0.5 0 0 0 0
  -0.456998 0 0 -0.895905 1 0 0.633877 0.5 -1.25619 1 -1.81303 -2 -1.50402 1.5 -0.141934 0 -0.5 0.5 0 0 0 0
  -0.46063 0 0 -0.892316 1 0 0.633563 0.5 -1.25775 1 -1.81098 -2 -1.50398 1.5 -0.142697 0 -0.5 0.5 0 0 0 0
  -0.463947 0 0 -0.888673 1 0 0.633128 0.5 -1.25916 1 -1.809 -2 -1.50393 1.5 -0.143373 0 -0.5 0.5 0 0 0 0
  -0.46696 0 0 -0.884978 1 0 0.632577 0.5 -1.26043 1 -1.80709 -2 -1.50387 1.5 -0.143966 0 -0.5 0.5 0 0 0 0
  -0.469682 0 0 -0.881229 1 0 0.631915 0.5 -1.26157 1 -1.80525 -2 -1.50381 1.5 -0.14448 0 -0.5 0.5 0 0 0 0
  -0.472124 0 0 -0.877429 1 0 0.631145 0.5 -1.26258 1 -1.80347 -2 -1.50374 1.5 -0.144917 0 -0.5 0.5 0 0 0 0
  -0.4743 0 0 -0.873576 1 0 0.630272 0.5 -1.26347 1 -1.80174 -2 -1.50368 1.5 -0.145283 0 -0.5 0.5 0 0 0 0
  -0.476224 0 0 -0.869671 1 0 0.6293 0.5 -1.26424 1 -1.80007 -2 -1.5036 1.5 -0.145579 0 -0.5 0.5 0 0 0 0
  -0.47791 0 0 -0.865715 1 0 0.628235 0.5 -1.2649 1 -1.79845 -2 -1.50353 1.5 -0.145811 0 -0.5 0.5 0 0 0 0
  -0.479373 0 0 -0.861708 1 0 0.627082 0.5 -1.26546 1 -1.79687 -2 -1.50345 1.5 -0.145982 0 -0.5 0.5 0 0 0 0
  -0.480628 0 0 -0.857651 1 0 0.625845 0.5 -1.26593 1 -1.79533 -2 -1.50337 1.5 -0.146097 0 -0.5 0.5 0 0 0 0
  -0.481691 0 0 -0.853543 1 0 0.62453 0.5 -1.26632 1 -1.79382 -2 -1.50329 1.5 -0.146159 0 -0.5 0.5 0 0 0 0
  -0.482577 0 0 -0.849385 1 0 0.623143 0.5 -1.26663 1 -1.79234 -2 -1.50321 1.5 -0.146174 0 -0.5 0.5 0 0 0 0
  -0.483305 0 0 -0.845178 1 0 0.62169 0.5 -1.26687 1 -1.79088 -2 -1.50313 1.5 -0.146146 0 -0.5 0.5 0 0 0 0
  -0.483892 0 0 -0.840922 1 0 0.620175 0.5 -1.26705 1 -1.78943 -2 -1.50304 1.5 -0.14608 0 -0.5 0.5 0 0 0 0
  -0.484358 0 0 -0.836617 1 0 0.618607 0.5 -1.26718 1 -1.78799 -2 -1.50296 1.5 -0.145981 0 -0.5 0.5 0 0 0 0
  -0.484721 0 0 -0.832264 1 0 0.616992 0.5 -1.26727 1 -1.78655 -2 -1.50287 1.5 -0.145854 0 -0.5 0.5 0 0 0 0
  -0.485 0 0 -0.827862 1 0 0.615334 0.5 -1.26733 1 -1.78511 -2 -1.50279 1.5 -0.145705 0 -0.5 0.5 0 0 0 0
  -0.48521 0 0 -0.823413 1 0 0.613641 0.5 -1.26737 1 -1.78366 -2 -1.50271 1.5 -0.145538 0 -0.5 0.5 0 0 0 0
  -0.485367 0 0 -0.818917 1 0 0.611917 0.5 -1.26739 1 -1.7822 -2 -1.50263 1.5 -0.145357 0 -0.5 0.5 0 0 0 0
  -0.485484 0 0 -0.814374 1 0 0.610167 0.5 -1.2674 1 -1.78071 -2 -1.50255 1.5 -0.145166 0 -0.5 0.5 0 0 0 0
  -0.485572 0 0 -0.809784 1 0 0.608394 0.5 -1.26741 1 -1.77921 -2 -1.50247 1.5 -0.144967 0 -0.5 0.5 0 0 0 0
  -0.485639 0 0 -0.805148 1 0 0.606602 0.5 -1.26742 1 -1.77767 -2 -1.5024 1.5 -0.144764 0 -0.5 0.5 0 0 0 0
  -0.485694 0 0 -0.800466 1 0 0.604792 0.5 -1.26743 1 -1.77611 -2 -1.50233 1.5 -0.144557 0 -0.5 0.5 0 0 0 0
  -0.485742 0 0 -0.795739 1 0 0.602968 0.5 -1.26746 1 -1.77452 -2 -1.50226 1.5 -0.14435 0 -0.5 0.5 0 0 0 0
  -0.485788 0 0 -0.790967 1 0 0.60113 0.5 -1.26749 1 -1.77289 -2 -1.50219 1.5 -0.144142 0 -0.5 0.5 0 0 0 0
  -0.485835 0 0 -0.78615 1 0 0.599279 0.5 -1.26753 1 -1.77124 -2 -1.50213 1.5 -0.143936 0 -0.5 0.5 0 0 0 0
  -0.485885 0 0 -0.781289 1 0 0.597418 0.5 -1.26759 1 -1.76955 -2 -1.50207 1.5 -0.14373 0 -0.5 0.5 0 0 0 0
  -0.48594 0 0 -0.776383 1 0 0.595545 0.5 -1.26765 1 -1.76783 -2 -1.50202 1.5 -0.143527 0 -0.5 0.5 0 0 0 0
  -0.485999 0 0 -0.771435 1 0 0.593661 0.5 -1.26773 1 -1.76607 -2 -1.50196 1.5 -0.143326 0 -0.5 0.5 0 0 0 0
  -0.486063 0 0 -0.766443 1 0 0.591765 0.5 -1.26783 1 -1.76428 -2 -1.50191 1.5 -0.143126 0 -0.5 0.5 0 0 0 0
  -0.486131 0 0 -0.761408 1 0 0.589859 0.5 -1.26793 1 -1.76246 -2 -1.50186 1.5 -0.142928 0 -0.5 0.5 0 0 0 0
  -0.486203 0 0 -0.75633 1 0 0.587941 0.5 -1.26805 1 -1.76061 -2 -1.50182 1.5 -0.142731 0 -0.5 0.5 0 0 0 0
  -0.486277 0 0 -0.751211 1 0 0.586012 0.5 -1.26818 1 -1.75872 -2 -1.50177 1.5 -0.142536 0 -0.5 0.5 0 0 0 0
  -0.486353 0 0 -0.74605 1 0 0.58407 0.5 -1.26832 1 -1.7568 -2 -1.50174 1.5 -0.142341 0 -0.5 0.5 0 0 0 0
  -0.486429 0 0 -0.740847 1 0 0.582116 0.5 -1.26847 1 -1.75486 -2 -1.5017 1.5 -0.142147 0 -0.5 0.5 0 0 0 0
  -0.486505 0 0 -0.735604 1 0 0.580149 0.5 -1.26863 1 -1.75288 -2 -1.50166 1.5 -0.141953 0 -0.5 0.5 0 0 0 0
  -0.486579 0 0 -0.730319 1 0 0.578169 0.5 -1.2688 1 -1.75087 -2 -1.50163 1.5 -0.14176 0 -0.5 0.5 0 0 0 0
  -0.486651 0 0 -0.724995 1 0 0.576175 0.5 -1.26897 1 -1.74884 -2 -1.5016 1.5 -0.141565 0 -0.5 0.5 0 0 0 0
  -0.486721 0 0 -0.719631 1 0 0.574168 0.5 -1.26916 1 -1.74677 -2 -1.50158 1.5 -0.141371 0 -0.5 0.5 0 0 0 0
  -0.486786 0 0 -0.714227 1 0 0.572147 0.5 -1.26935 1 -1.74468 -2 -1.50155 1.5 -0.141175 0 -0.5 0.5 0 0 0 0
  -0.486848 0 0 -0.708784 1 0 0.570112 0.5 -1.26955 1 -1.74256 -2 -1.50153 1.5 -0.140979 0 -0.5 0.5 0 0 0 0
  -0.486905 0 0 -0.703302 1 0 0.568062 0.5 -1.26975 1 -1.74041 -2 -1.50151 1.5 -0.140782 0 -0.5 0.5 0 0 0 0
  -0.486958 0 0 -0.697782 1 0 0.565998 0.5 -1.26996 1 -1.73823 -2 -1.5015 1.5 -0.140583 0 -0.5 0.5 0 0 0 0
  -0.487006 0 0 -0.692224 1 0 0.56392 0.5 -1.27018 1 -1.73603 -2 -1.50148 1.5 -0.140384 0 -0.5 0.5 0 0 0 0
  -0.487049 0 0 -0.686628 1 0 0.561828 0.5 -1.2704 1 -1.7338 -2 -1.50147 1.5 -0.140183 0 -0.5 0.5 0 0 0 0
  -0.487088 0 0 -0.680994 1 0 0.559722 0.5 -1.27063 1 -1.73154 -2 -1.50146 1.5 -0.139981 0 -0.5 0.5 0 0 0 0
  -0.487123 0 0 -0.675324 1 0 0.557602 0.5 -1.27086 1 -1.72926 -2 -1.50145 1.5 -0.139779 0 -0.5 0.5 0 0 0 0
  -0.487154 0 0 -0.669617 1 0 0.555467 0.5 -1.27111 1 -1.72695 -2 -1.50145 1.5 -0.139575 0 -0.5 0.5 0 0 0 0
  -0.487181 0 0 -0.663874 1 0 0.553319 0.5 -1.27135 1 -1.72462 -2 -1.50145 1.5 -0.13937 0 -0.5 0.5 0 0 0 0
  -0.487204 0 0 -0.658096 1 0 0.551157 0.5 -1.27161 1 -1.72225 -2 -1.50145 1.5 -0.139164 0 -0.5 0.5 0 0 0 0
  -0.487224 0 0 -0.652281 1 0 0.548981 0.5 -1.27187 1 -1.71987 -2 -1.50145 1.5 -0.138957 0 -0.5 0.5 0 0 0 0
  -0.487242 0 0 -0.646432 1 0 0.546792 0.5 -1.27213 1 -1.71745 -2 -1.50146 1.5 -0.13875 0 -0.5 0.5 0 0 0 0
  -0.487257 0 0 -0.640548 1 0 0.54459 0.5 -1.27241 1 -1.71501 -2 -1.50146 1.5 -0.138542 0 -0.5 0.5 0 0 0 0
  -0.48727 0 0 -0.63463 1 0 0.542374 0.5 -1.27268 1 -1.71254 -2 -1.50147 1.5 -0.138333 0 -0.5 0.5 0 0 0 0
  -0.487281 0 0 -0.628677 1 0 0.540145 0.5 -1.27297 1 -1.71005 -2 -1.50148 1.5 -0.138124 0 -0.5 0.5 0 0 0 0
  -0.487291 0 0 -0.622691 1 0 0.537904 0.5 -1.27326 1 -1.70754 -2 -1.5015 1.5 -0.137914 0 -0.5 0.5 0 0 0 0
  -0.487299 0 0 -0.616672 1 0 0.535649 0.5 -1.27356 1 -1.70499 -2 -1.50151 1.5 -0.137704 0 -0.5 0.5 0 0 0 0
  -0.487307 0 0 -0.61062 1 0 0.533382 0.5 -1.27387 1 -1.70242 -2 -1.50153 1.5 -0.137493 0 -0.5 0.5 0 0 0 0
  -0.487314 0 0 -0.604535 1 0 0.531102 0.5 -1.27418 1 -1.69983 -2 -1.50155 1.5 -0.137283 0 -0.5 0.5 0 0 0 0
  -0.487321 0 0 -0.598419 1 0 0.528809 0.5 -1.2745 1 -1.69721 -2 -1.50158 1.5 -0.137071 0 -0.5 0.5 0 0 0 0
  -0.487327 0 0 -0.59227 1 0 0.526505 0.5 -1.27482 1 -1.69456 -2 -1.5016 1.5 -0.13686 0 -0.5 0.5 0 0 0 0
  -0.487334 0 0 -0.58609 1 0 0.524187 0.5 -1.27515 1 -1.6919 -2 -1.50163 1.5 -0.136649 0 -0.5 0.5 0 0 0 0
  -0.487341 0 0 -0.579879 1 0 0.521858 0.5 -1.27549 1 -1.6892 -2 -1.50166 1.5 -0.136437 0 -0.5 0.5 0 0 0 0
  -0.487348 0 0 -0.573638 1 0 0.519516 0.5 -1.27584 1 -1.68648 -2 -1.50169 1.5 -0.136225 0 -0.5 0.5 0 0 0 0
  -0.487356 0 0 -0.567366 1 0 0.517162 0.5 -1.27619 1 -1.68374 -2 -1.50173 1.5 -0.136013 0 -0.5 0.5 0 0 0 0
  -0.487364 0 0 -0.561064 1 0 0.514796 0.5 -1.27655 1 -1.68097 -2 -1.50176 1.5 -0.135801 0 -0.5 0.5 0 0 0 0
  -0.487373 0 0 -0.554733 1 0 0.512418 0.5 -1.27691 1 -1.67818 -2 -1.5018 1.5 -0.135589 0 -0.5 0.5 0 0 0 0
  -0.487383 0 0 -0.548372 1 0 0.510029 0.5 -1.27728 1 -1.67536 -2 -1.50184 1.5 -0.135377 0 -0.5 0.5 0 0 0 0
  -0.487394 0 0 -0.541983 1 0 0.507627 0.5 -1.27766 1 -1.67252 -2 -1.50189 1.5 -0.135164 0 -0.5 0.5 0 0 0 0
  -0.487407 0 0 -0.535565 1 0 0.505213 0.5 -1.27804 1 -1.66966 -2 -1.50193 1.5 -0.134952 0 -0.5 0.5 0 0 0 0
  -0.48742 0 0 -0.529119 1 0 0.502787 0.5 -1.27843 1 -1.66677 -2 -1.50198 1.5 -0.134739 0 -0.5 0.5 0 0 0 0
  -0.487434 0 0 -0.522646 1 0 0.500349 0.5 -1.27883 1 -1.66386 -2 -1.50203 1.5 -0.134527 0 -0.5 0.5 0 0 0 0
  -0.487449 0 0 -0.516145 1 0 0.4979 0.5 -1.27923 1 -1.66092 -2 -1.50208 1.5 -0.134314 0 -0.5 0.5 0 0 0 0
  -0.487466 0 0 -0.509617 1 0 0.495438 0.5 -1.27964 1 -1.65796 -2 -1.50213 1.5 -0.134101 0 -0.5 0.5 0 0 0 0
  -0.487483 0 0 -0.503062 1 0 0.492965 0.5 -1.28005 1 -1.65498 -2 -1.50219 1.5 -0.133888 0 -0.5 0.5 0 0 0 0
  -0.487502 0 0 -0.496482 1 0 0.49048 0.5 -1.28047 1 -1.65198 -2 -1.50225 1.5 -0.133675 0 -0.5 0.5 0 0 0 0
  -0.487523 0 0 -0.489875 1 0 0.487983 0.5 -1.2809 1 -1.64896 -2 -1.50231 1.5 -0.133461 0 -0.5 0.5 0 0 0 0
  -0.487544 0 0 -0.483243 1 0 0.485474 0.5 -1.28133 1 -1.64591 -2 -1.50237 1.5 -0.133247 0 -0.5 0.5 0 0 0 0
  -0.487567 0 0 -0.476586 1 0 0.482953 0.5 -1.28176 1 -1.64284 -2 -1.50243 1.5 -0.133033 0 -0.5 0.5 0 0 0 0
  -0.487591 0 0 -0.469904 1 0 0.480421 0.5 -1.28221 1 -1.63975 -2 -1.5025 1.5 -0.132819 0 -0.5 0.5 0 0 0 0
  -0.487616 0 0 -0.463198 1 0 0.477877 0.5 -1.28265 1 -1.63663 -2 -1.50256 1.5 -0.132604 0 -0.5 0.5 0 0 0 0
  -0.487643 0 0 -0.456468 1 0 0.475321 0.5 -1.2831 1 -1.6335 -2 -1.50263 1.5 -0.13239 0 -0.5 0.5 0 0 0 0
  -0.487672 0 0 -0.449714 1 0 0.472753 0.5 -1.28356 1 -1.63034 -2 -1.50271 1.5 -0.132175 0 -0.5 0.5 0 0 0 0
  -0.487702 0 0 -0.442937 1 0 0.470174 0.5 -1.28402 1 -1.62716 -2 -1.50278 1.5 -0.13196 0 -0.5 0.5 0 0 0 0
  -0.487735 0 0 -0.436137 1 0 0.467584 0.5 -1.28449 1 -1.62397 -2 -1.50285 1.5 -0.131744 0 -0.5 0.5 0 0 0 0
  -0.487769 0 0 -0.429314 1 0 0.464982 0.5 -1.28496 1 -1.62075 -2 -1.50293 1.5 -0.131529 0 -0.5 0.5 0 0 0 0
  -0.487806 0 0 -0.422469 1 0 0.462369 0.5 -1.28543 1 -1.61751 -2 -1.50301 1.5 -0.131313 0 -0.5 0.5 0 0 0 0
  -0.487847 0 0 -0.415603 1 0 0.459744 0.5 -1.28592 1 -1.61424 -2 -1.50309 1.5 -0.131098 0 -0.5 0.5 0 0 0 0
  -0.48789 0 0 -0.408715 1 0 0.457109 0.5 -1.2864 1 -1.61096 -2 -1.50317 1.5 -0.130882 0 -0.5 0.5 0 0 0 0
  -0.487937 0 0 -0.401806 1 0 0.454463 0.5 -1.2869 1 -1.60766 -2 -1.50326 1.5 -0.130667 0 -0.5 0.5 0 0 0 0
  -0.487989 0 0 -0.394876 1 0 0.451807 0.5 -1.28739 1 -1.60434 -2 -1.50334 1.5 -0.130452 0 -0.5 0.5 0 0 0 0
  -0.488045 0 0 -0.387926 1 0 0.44914 0.5 -1.2879 1 -1.60099 -2 -1.50343 1.5 -0.130238 0 -0.5 0.5 0 0 0 0
  -0.488107 0 0 -0.380956 1 0 0.446463 0.5 -1.28841 1 -1.59763 -2 -1.50352 1.5 -0.130024 0 -0.5 0.5 0 0 0 0
  -0.488176 0 0 -0.373966 1 0 0.443777 0.5 -1.28892 1 -1.59424 -2 -1.50361 1.5 -0.129812 0 -0.5 0.5 0 0 0 0
  -0.488251 0 0 -0.366957 1 0 0.441081 0.5 -1.28945 1 -1.59084 -2 -1.5037 1.5 -0.1296 0 -0.5 0.5 0 0 0 0
  -0.488334 0 0 -0.35993 1 0 0.438377 0.5 -1.28998 1 -1.58741 -2 -1.5038 1.5 -0.12939 0 -0.5 0.5 0 0 0 0
  -0.488425 0 0 -0.352884 1 0 0.435663 0.5 -1.29051 1 -1.58396 -2 -1.5039 1.5 -0.129181 0 -0.5 0.5 0 0 0 0
  -0.488524 0 0 -0.34582 1 0 0.432941 0.5 -1.29106 1 -1.5805 -2 -1.504 1.5 -0.128973 0 -0.5 0.5 0 0 0 0
  -0.488632 0 0 -0.338738 1 0 0.43021 0.5 -1.29161 1 -1.57701 -2 -1.5041 1.5 -0.128767 0 -0.5 0.5 0 0 0 0
  -0.48875 0 0 -0.331638 1 0 0.42747 0.5 -1.29217 1 -1.5735 -2 -1.5042 1.5 -0.128562 0 -0.5 0.5 0 0 0 0
  -0.488876 0 0 -0.324522 1 0 0.424722 0.5 -1.29273 1 -1.56997 -2 -1.5043 1.5 -0.128359 0 -0.5 0.5 0 0 0 0
  -0.48901 0 0 -0.317389 1 0 0.421965 0.5 -1.29331 1 -1.56642 -2 -1.50441 1.5 -0.128157 0 -0.5 0.5 0 0 0 0
  -0.489151 0 0 -0.31024 1 0 0.419199 0.5 -1.29388 1 -1.56286 -2 -1.50452 1.5 -0.127956 0 -0.5 0.5 0 0 0 0
  -0.489298 0 0 -0.303075 1 0 0.416422 0.5 -1.29447 1 -1.55927 -2 -1.50462 1.5 -0.127756 0 -0.5 0.5 0 0 0 0
  -0.489448 0 0 -0.295895 1 0 0.413635 0.5 -1.29505 1 -1.55567 -2 -1.50474 1.5 -0.127555 0 -0.5 0.5 0 0 0 0
  -0.489598 0 0 -0.288699 1 0 0.410835 0.5 -1.29564 1 -1.55205 -2 -1.50485 1.5 -0.127352 0 -0.5 0.5 0 0 0 0
  -0.489746 0 0 -0.281489 1 0 0.408021 0.5 -1.29622 1 -1.54841 -2 -1.50496 1.5 -0.127148 0 -0.5 0.5 0 0 0 0
  -0.489886 0 0 -0.274264 1 0 0.40519 0.5 -1.29681 1 -1.54476 -2 -1.50508 1.5 -0.12694 0 -0.5 0.5 0 0 0 0
  -0.490013 0 0 -0.267025 1 0 0.402341 0.5 -1.29738 1 -1.5411 -2 -1.50519 1.5 -0.126726 0 -0.5 0.5 0 0 0 0
  -0.490121 0 0 -0.259772 1 0 0.399471 0.5 -1.29795 1 -1.53743 -2 -1.50531 1.5 -0.126505 0 -0.5 0.5 0 0 0 0
  -0.490204 0 0 -0.252506 1 0 0.396575 0.5 -1.2985 1 -1.53374 -2 -1.50543 1.5 -0.126275 0 -0.5 0.5 0 0 0 0
  -0.490253 0 0 -0.245228 1 0 0.393652 0.5 -1.29904 1 -1.53006 -2 -1.50555 1.5 -0.126033 0 -0.5 0.5 0 0 0 0
  -0.490261 0 0 -0.237936 1 0 0.390697 0.5 -1.29955 1 -1.52637 -2 -1.50567 1.5 -0.125777 0 -0.5 0.5 0 0 0 0
  -0.49022 0 0 -0.230633 1 0 0.387706 0.5 -1.30003 1 -1.52267 -2 -1.50579 1.5 -0.125505 0 -0.5 0.5 0 0 0 0
  -0.490122 0 0 -0.223317 1 0 0.384675 0.5 -1.30048 1 -1.51898 -2 -1.50591 1.5 -0.125213 0 -0.5 0.5 0 0 0 0
  -0.489961 0 0 -0.215991 1 0 0.381603 0.5 -1.30089 1 -1.5153 -2 -1.50603 1.5 -0.1249 0 -0.5 0.5 0 0 0 0
  -0.489729 0 0 -0.208653 1 0 0.378484 0.5 -1.30126 1 -1.51161 -2 -1.50615 1.5 -0.124564 0 -0.5 0.5 0 0 0 0
  -0.489421 0 0 -0.201304 1 0 0.375318 0.5 -1.30158 1 -1.50794 -2 -1.50627 1.5 -0.124203 0 -0.5 0.5 0 0 0 0
  -0.489032 0 0 -0.193945 1 0 0.372101 0.5 -1.30186 1 -1.50427 -2 -1.50639 1.5 -0.123816 0 -0.5 0.5 0 0 0 0
  -0.488556 0 0 -0.186576 1 0 0.368831 0.5 -1.30209 1 -1.50062 -2 -1.50651 1.5 -0.1234 0 -0.5 0.5 0 0 0 0
  -0.487988 0 0 -0.179198 1 0 0.365505 0.5 -1.30226 1 -1.49697 -2 -1.50663 1.5 -0.122954 0 -0.5 0.5 0 0 0 0
  -0.487326 0 0 -0.17181 1 0 0.362123 0.5 -1.30238 1 -1.49334 -2 -1.50675 1.5 -0.122478 0 -0.5 0.5 0 0 0 0
  -0.486565 0 0 -0.164413 1 0 0.358683 0.5 -1.30244 1 -1.48973 -2 -1.50686 1.5 -0.121969 0 -0.5 0.5 0 0 0 0
  -0.485703 0 0 -0.157008 1 0 0.355182 0.5 -1.30244 1 -1.48613 -2 -1.50698 1.5 -0.121428 0 -0.5 0.5 0 0 0 0
  -0.484736 0 0 -0.149595 1 0 0.351622 0.5 -1.30238 1 -1.48254 -2 -1.5071 1.5 -0.120853 0 -0.5 0.5 0 0 0 0
  -0.483664 0 0 -0.142174 1 0 0.347999 0.5 -1.30225 1 -1.47898 -2 -1.50721 1.5 -0.120245 0 -0.5 0.5 0 0 0 0
  -0.482484 0 0 -0.134746 1 0 0.344315 0.5 -1.30206 1 -1.47543 -2 -1.50733 1.5 -0.119601 0 -0.5 0.5 0 0 0 0
  -0.481196 0 0 -0.12731 1 0 0.340569 0.5 -1.30181 1 -1.4719 -2 -1.50744 1.5 -0.118923 0 -0.5 0.5 0 0 0 0
  -0.4798 0 0 -0.119868 1 0 0.33676 0.5 -1.3015 1 -1.46839 -2 -1.50755 1.5 -0.118209 0 -0.5 0.5 0 0 0 0
  -0.478295 0 0 -0.11242 1 0 0.33289 0.5 -1.30111 1 -1.4649 -2 -1.50767 1.5 -0.117461 0 -0.5 0.5 0 0 0 0
  -0.476683 0 0 -0.104966 1 0 0.32896 0.5 -1.30067 1 -1.46143 -2 -1.50778 1.5 -0.116678 0 -0.5 0.5 0 0 0 0
  -0.474965 0 0 -0.0975061 1 0 0.324969 0.5 -1.30016 1 -1.45798 -2 -1.50789 1.5 -0.115861 0 -0.5 0.5 0 0 0 0
  -0.473143 0 0 -0.0900411 1 0 0.320919 0.5 -1.2996 1 -1.45455 -2 -1.50799 1.5 -0.115011 0 -0.5 0.5 0 0 0 0
  -0.47122 0 0 -0.0825714 1 0 0.316813 0.5 -1.29897 1 -1.45113 -2 -1.5081 1.5 -0.114129 0 -0.5 0.5 0 0 0 0
  -0.4692 0 0 -0.0750972 1 0 0.312652 0.5 -1.29828 1 -1.44774 -2 -1.50821 1.5 -0.113214 0 -0.5 0.5 0 0 0 0
  -0.467085 0 0 -0.067619 1 0 0.308438 0.5 -1.29754 1 -1.44436 -2 -1.50831 1.5 -0.11227 0 -0.5 0.5 0 0 0 0
  -0.464882 0 0 -0.060137 1 0 0.304174 0.5 -1.29674 1 -1.44101 -2 -1.50842 1.5 -0.111297 0 -0.5 0.5 0 0 0 0
  -0.462594 0 0 -0.0526518 1 0 0.299863 0.5 -1.2959 1 -1.43766 -2 -1.50852 1.5 -0.110298 0 -0.5 0.5 0 0 0 0
  -0.46023 0 0 -0.0451636 1 0 0.295509 0.5 -1.295 1 -1.43434 -2 -1.50863 1.5 -0.109273 0 -0.5 0.5 0 0 0 0
  -0.457794 0 0 -0.0376728 1 0 0.291115 0.5 -1.29407 1 -1.43102 -2 -1.50873 1.5 -0.108226 0 -0.5 0.5 0 0 0 0
  -0.455296 0 0 -0.0301798 1 0 0.286687 0.5 -1.2931 1 -1.42772 -2 -1.50883 1.5 -0.107158 0 -0.5 0.5 0 0 0 0
  -0.452743 0 0 -0.0226849 1 0 0.282227 0.5 -1.2921 1 -1.42443 -2 -1.50893 1.5 -0.106073 0 -0.5 0.5 0 0 0 0
  -0.450144 0 0 -0.0151886 1 0 0.277743 0.5 -1.29106 1 -1.42115 -2 -1.50903 1.5 -0.104974 0 -0.5 0.5 0 0 0 0
  -0.44751 0 0 -0.00769114 1 0 0.273239 0.5 -1.29001 1 -1.41788 -2 -1.50913 1.5 -0.103862 0 -0.5 0.5 0 0 0 0
  -0.444852 0 0 -0.000192961 1 0 0.268721 0.5 -1.28895 1 -1.41461 -2 -1.50923 1.5 -0.102744 0 -0.5 0.5 0 0 0 0
  -0.442181 0 0 0.00730559 1 0 0.264196 0.5 -1.28787 1 -1.41134 -2 -1.50933 1.5 -0.101621 0 -0.5 0.5 0 0 0 0 ]