0 0 0.752481 0.705548 -0.0469328 0.707449 0.872481 
1 0 0.752481 0.705864 -0.0466168 0.707449 0.872481 
2 0 0.752481 0.707136 -0.0453445 0.707449 0.872481 
3 0 0.752481 0.709765 -0.0427159 0.707449 0.872481 
4 0 0.752481 0.713932 -0.0385485 0.707449 0.872481 
5 0 0.752481 0.719558 -0.032923 0.707449 0.872481 
6 0 0.752481 0.726364 -0.0261167 0.707449 0.872481 
7 0 0.752481 0.733974 -0.018507 0.707449 0.872481 
8 0 0.752481 0.741994 -0.010486 0.707449 0.872481 
9 0 0.752481 0.750077 -0.0024031 0.707449 0.872481 
10 0 0.752481 0.757945 0.00546447 0.707449 0.872481 
11 0 0.752481 0.765399 0.0129185 0.707449 0.872481 
12 0 0.752481 0.772314 0.0198334 0.707449 0.872481 
13 0 0.752481 0.778624 0.0261435 0.707449 0.872481 
14 0 0.752481 0.784308 0.0318278 0.707449 0.872481 
15 0 0.752481 0.789377 0.0368962 0.707449 0.872481 
16 0 0.752481 0.793859 0.0413787 0.707449 0.872481 
17 0 0.752481 0.798388 0.045908 0.707449 0.872481 
18 0 0.752481 0.803347 0.0508661 0.707449 0.872481 
19 0 0.752481 0.808044 0.0555636 0.707449 0.872481 
20 0 0.752481 0.812017 0.0595362 0.707449 0.872481 
21 0 0.752481 0.814981 0.0625003 0.707449 0.872481 
22 0 0.752481 0.816792 0.0643118 0.707449 0.872481 
23 0 0.752481 0.817411 0.0649306 0.707449 0.872481 
24 0 0.752481 0.816871 0.0643901 0.707449 0.872481 
25 0 0.752481 0.815252 0.0627714 0.707449 0.872481 
26 0 0.752481 0.812664 0.0601837 0.707449 0.872481 
27 0 0.752481 0.809229 0.0567486 0.707449 0.872481 
28 0 0.752481 0.80507 0.0525893 0.707449 0.872481 
29 0 0.752481 0.800303 0.0478229 0.707449 0.872481 
30 0 0.752481 0.795037 0.0425564 0.707449 0.872481 
31 0 0.752481 0.789365 0.0368843 0.707449 0.872481 
32 0 0.752481 0.783968 0.0314871 0.707449 0.872481 
33 0 0.752481 0.779555 0.0270742 0.707449 0.872481 
34 0 0.752481 0.775999 0.0235189 0.707449 0.872481 
35 0 0.752481 0.773192 0.0207114 0.707449 0.872481 
36 0 0.752481 0.771036 0.0185559 0.707449 0.872481 
37 0 0.752481 0.769448 0.0169674 0.707449 0.872481 
38 0 0.752481 0.768351 0.0158702 0.707449 0.872481 
39 0 0.752481 0.767677 0.0151968 0.707449 0.872481 
40 0 0.752481 0.767367 0.0148866 0.707449 0.872481 
41 0 0.752481 0.767366 0.0148854 0.707449 0.872481 
42 0 0.752481 0.767625 0.0151448 0.707449 0.872481 
43 0 0.752481 0.768103 0.0156221 0.707449 0.872481 
44 0 0.752481 0.76876 0.0162796 0.707449 0.872481 
45 0 0.752481 0.769565 0.0170845 0.707449 0.872481 
46 0 0.752481 0.770489 0.0180083 0.707449 0.872481 
47 0 0.752481 0.771507 0.0190264 0.707449 0.872481 
48 0 0.752481 0.772599 0.020118 0.707449 0.872481 
49 0 0.752481 0.773746 0.021265 0.707449 0.872481 
50 0 0.752481 0.774933 0.0224522 0.707449 0.872481 
51 0 0.752481 0.776147 0.0236667 0.707449 0.872481 
52 0 0.752481 0.777378 0.0248974 0.707449 0.872481 
53 0 0.752481 0.778616 0.026135 0.707449 0.872481 
54 0 0.752481 0.779852 0.0273716 0.707449 0.872481 
55 0 0.752481 0.781081 0.0286003 0.707449 0.872481 
56 0 0.752481 0.782296 0.0298152 0.707449 0.872481 
57 0 0.752481 0.783492 0.0310115 0.707449 0.872481 
58 0 0.752481 0.784665 0.032185 0.707449 0.872481 
59 0 0.752481 0.785812 0.0333319 0.707449 0.872481 
60 0 0.752481 0.78693 0.0344494 0.707449 0.872481 
61 0 0.752481 0.788016 0.0355351 0.707449 0.872481 
62 0 0.752481 0.789067 0.0365869 0.707449 0.872481 
63 0 0.752481 0.790084 0.0376035 0.707449 0.872481 
64 0 0.752481 0.791064 0.0385838 0.707449 0.872481 
65 0 0.752481 0.792008 0.0395271 0.707449 0.872481 
66 0 0.752481 0.792914 0.0404331 0.707449 0.872481 
67 0 0.752481 0.790345 0.0378645 0.707449 0.872481 
68 0 0.752481 0.784128 0.0316479 0.707449 0.872481 
69 0 0.752481 0.779047 0.026566 0.707449 0.872481 
70 0 0.752481 0.774938 0.0224572 0.707449 0.872481 
71 0 0.752481 0.771667 0.0191863 0.707449 0.872481 
72 0 0.752481 0.76912 0.0166392 0.707449 0.872481 
73 0 0.752481 0.7672 0.0147195 0.707449 0.872481 
74 0 0.752481 0.765825 0.0133445 0.707449 0.872481 
75 0 0.752481 0.764923 0.0124426 0.707449 0.872481 
76 0 0.752481 0.764432 0.0119511 0.707449 0.872481 
77 0 0.752481 0.764295 0.0118143 0.707449 0.872481 
78 0 0.752481 0.764463 0.0119824 0.707449 0.872481 
79 0 0.752481 0.764891 0.0124109 0.707449 0.872481 
80 0.107014 0.752481 0.76554 0.0130591 0.707449 0.872481 
81 0.241923 0.752481 0.767348 0.0148675 0.867348 0.872481 
82 0.352105 0.752481 0.770177 0.0176967 0.870177 0.872481 
83 0.440021 0.752481 0.772098 0.0196178 0.872098 0.872481 
84 0.508066 0.752481 0.772888 0.0204079 0.872888 0.872481 
85 0.558547 0.752481 0.772972 0.020491 0.872972 0.872481 
86 0.593658 0.752481 0.772792 0.0203116 0.872792 0.872481 
87 0.615468 0.752481 0.772606 0.0201257 0.872606 0.872481 
88 0.625906 0.752481 0.772499 0.020018 0.872499 0.872481 
89 0.62676 0.752481 0.772462 0.0199815 0.872462 0.872481 
90 0.619665 0.752481 0.772464 0.0199831 0.872464 0.872481 
91 0.60611 0.752481 0.772476 0.0199957 0.872476 0.872481 
92 0.587433 0.752481 0.772487 0.0200062 0.872487 0.872481 
93 0.564828 0.752481 0.772492 0.0200111 0.872492 0.872481 
94 0.53935 0.752481 0.772493 0.020012 0.872493 0.872481 
95 0.511919 0.752481 0.772492 0.0200111 0.872492 0.872481 
96 0.48333 0.752481 0.77249 0.0200099 0.87249 0.872481 
97 0.454261 0.752481 0.77249 0.0200091 0.87249 0.872481 
98 0.425279 0.752481 0.772489 0.0200088 0.872489 0.872481 
99 0.396854 0.752481 0.772489 0.0200088 0.872489 0.872481 
100 0.369362 0.752481 0.77249 0.020009 0.87249 0.872481 
101 0.343101 0.752481 0.77249 0.0200092 0.87249 0.872481 
102 0.318296 0.752481 0.77249 0.0200095 0.87249 0.872481 
103 0.295107 0.752481 0.77249 0.0200098 0.87249 0.872481 
104 0.273642 0.752481 0.772491 0.0200102 0.872491 0.872481 
105 0.253959 0.752481 0.772491 0.0200106 0.872491 0.872481 
106 0.236081 0.752481 0.772492 0.020011 0.872492 0.872481 
107 0.219997 0.752481 0.772492 0.0200115 0.872492 0.872481 
108 0.205671 0.752481 0.772493 0.020012 0.872493 0.872481 
109 0.19305 0.752481 0.772493 0.0200125 0.872493 0.872481 
110 0.182066 0.752481 0.772494 0.020013 0.872494 0.872481 
111 0.172644 0.752481 0.772494 0.0200135 0.872494 0.872481 
112 0.164704 0.752481 0.772495 0.020014 0.872495 0.872481 
113 0.158168 0.752481 0.772495 0.0200145 0.872495 0.872481 
114 0.15296 0.752481 0.772495 0.0200149 0.872495 0.872481 
115 0.149013 0.752481 0.772496 0.0200153 0.872496 0.872481 
116 0.146267 0.752481 0.772496 0.0200157 0.872496 0.872481 
117 0.144673 0.752481 0.772497 0.020016 0.872497 0.872481 
118 0.144197 0.752481 0.772497 0.0200162 0.872497 0.872481 
119 0.144815 0.752481 0.772497 0.0200165 0.872497 0.872481 
120 0.146519 0.752481 0.772497 0.0200167 0.872497 0.872481 
121 0.149313 0.752481 0.772497 0.0200168 0.872497 0.872481 
122 0.153217 0.752481 0.772497 0.0200169 0.872497 0.872481 
123 0.158259 0.752481 0.772498 0.020017 0.872498 0.872481 
124 0.164483 0.752481 0.772498 0.020017 0.872498 0.872481 
125 0.171937 0.752481 0.772498 0.0200171 0.872498 0.872481 
126 0.180677 0.752481 0.772498 0.0200171 0.872498 0.872481 
127 0.190763 0.752481 0.772498 0.0200171 0.872498 0.872481 
128 0.202252 0.752481 0.772498 0.0200171 0.872498 0.872481 
129 0.215198 0.752481 0.772498 0.0200171 0.872498 0.872481 
130 0.229644 0.752481 0.772498 0.0200171 0.872498 0.872481 
131 0.245619 0.752481 0.772498 0.020017 0.872498 0.872481 
132 0.263129 0.752481 0.772498 0.0200171 0.872498 0.872481 
133 0.282152 0.752481 0.772498 0.0200171 0.872498 0.872481 
134 0.302632 0.752481 0.772498 0.0200171 0.872498 0.872481 
135 0.324467 0.752481 0.772498 0.0200171 0.872498 0.872481 
136 0.347505 0.752481 0.772498 0.0200172 0.872498 0.872481 
137 0.371531 0.752481 0.772498 0.0200173 0.872498 0.872481 
138 0.396261 0.752481 0.772498 0.0200173 0.872498 0.872481 
139 0.421327 0.752481 0.772498 0.0200175 0.872498 0.872481 
140 0.446272 0.752481 0.772498 0.0200176 0.872498 0.872481 
141 0.470537 0.752481 0.772498 0.0200177 0.872498 0.872481 
142 0.49345 0.752481 0.772498 0.0200179 0.872498 0.872481 
143 0.514217 0.752481 0.772499 0.020018 0.872499 0.872481 
144 0.531911 0.752481 0.772499 0.0200182 0.872499 0.872481 
145 0.545467 0.752481 0.772499 0.0200184 0.872499 0.872481 
146 0.553668 0.752481 0.772499 0.0200186 0.872499 0.872481 
147 0.555144 0.752481 0.772499 0.0200189 0.872499 0.872481 
148 0.548363 0.752481 0.7725 0.0200191 0.8725 0.872481 
149 0.531635 0.752481 0.7725 0.0200193 0.8725 0.872481 
150 0.503108 0.752481 0.7725 0.0200196 0.8725 0.872481 
151 0.460777 0.752481 0.7725 0.0200199 0.8725 0.872481 
152 0.402488 0.752481 0.772501 0.0200202 0.872501 0.872481 
153 0.325959 0.752481 0.772501 0.0200205 0.872501 0.872481 
