0 0 0.6 0.91353 0.31353 1.1 1.02 
1 0 0.6 0.91353 0.31353 1.1 1.02 
2 0 0.6 0.913506 0.313506 1.1 1.02 
3 0 0.6 0.913403 0.313403 1.1 1.02 
4 0 0.6 0.913164 0.313164 1.1 1.02 
5 0 0.6 0.912738 0.312738 1.1 1.02 
6 0 0.6 0.91208 0.31208 1.1 1.02 
7 0 0.6 0.911158 0.311158 1.1 1.02 
8 0 0.6 0.909946 0.309946 1.1 1.02 
9 0 0.6 0.90843 0.30843 1.1 1.02 
10 0 0.6 0.906605 0.306605 1.1 1.02 
11 0 0.6 0.904472 0.304472 1.1 1.02 
12 0 0.6 0.902041 0.302041 1.1 1.02 
13 0 0.6 0.899325 0.299325 1.1 1.02 
14 0 0.6 0.896341 0.296341 1.1 1.02 
15 0 0.6 0.893109 0.293109 1.1 1.02 
16 0 0.6 0.88965 0.28965 1.1 1.02 
17 0 0.6 0.885986 0.285986 1.1 1.02 
18 0 0.6 0.882137 0.282137 1.1 1.02 
19 0 0.6 0.878127 0.278127 1.1 1.02 
20 0 0.6 0.873974 0.273974 1.1 1.02 
21 0 0.6 0.869699 0.269699 1.1 1.02 
22 0 0.6 0.86532 0.26532 1.1 1.02 
23 0 0.6 0.860854 0.260854 1.1 1.02 
24 0 0.6 0.856317 0.256317 1.1 1.02 
25 0 0.6 0.851723 0.251723 1.1 1.02 
26 0 0.6 0.847087 0.247087 1.1 1.02 
27 0 0.6 0.842422 0.242422 1.1 1.02 
28 0 0.6 0.837738 0.237738 1.1 1.02 
29 0 0.6 0.833047 0.233047 1.1 1.02 
30 0 0.6 0.82836 0.22836 1.1 1.02 
31 0 0.6 0.823687 0.223687 1.1 1.02 
32 0 0.6 0.819035 0.219035 1.1 1.02 
33 0 0.6 0.814414 0.214414 1.1 1.02 
34 0 0.6 0.809832 0.209832 1.1 1.02 
35 0 0.6 0.805297 0.205297 1.1 1.02 
36 0 0.6 0.800815 0.200815 1.1 1.02 
37 0 0.6 0.796393 0.196393 1.1 1.02 
38 0 0.6 0.792037 0.192037 1.1 1.02 
39 0 0.6 0.787754 0.187754 1.1 1.02 
40 0 0.6 0.783549 0.183549 1.1 1.02 
41 0 0.6 0.779427 0.179427 1.1 1.02 
42 0 0.6 0.775392 0.175392 1.1 1.02 
43 0 0.6 0.77145 0.17145 1.1 1.02 
44 0 0.6 0.767603 0.167603 1.1 1.02 
45 0 0.6 0.763856 0.163856 1.1 1.02 
46 0 0.6 0.760212 0.160212 1.1 1.02 
47 0 0.6 0.756673 0.156673 1.1 1.02 
48 0 0.6 0.753243 0.153243 1.1 1.02 
49 0 0.6 0.749923 0.149923 1.1 1.02 
50 0 0.6 0.746715 0.146715 1.1 1.02 
51 0 0.6 0.743621 0.143621 1.1 1.02 
52 0 0.6 0.740641 0.140641 1.1 1.02 
53 0 0.6 0.737778 0.137778 1.1 1.02 
54 0 0.6 0.735031 0.135031 1.1 1.02 
55 0 0.6 0.732401 0.132401 1.1 1.02 
56 0 0.6 0.729887 0.129887 1.1 1.02 
57 0 0.6 0.72749 0.12749 1.1 1.02 
58 0 0.6 0.725209 0.125209 1.1 1.02 
59 0 0.6 0.723043 0.123043 1.1 1.02 
60 0 0.6 0.720992 0.120992 1.1 1.02 
61 0 0.6 0.719053 0.119053 1.1 1.02 
62 0 0.6 0.717227 0.117227 1.1 1.02 
63 0 0.6 0.71551 0.11551 1.1 1.02 
64 0 0.6 0.713902 0.113902 1.1 1.02 
65 0 0.6 0.7124 0.1124 1.1 1.02 
66 0 0.6 0.711002 0.111002 1.1 1.02 
67 0 0.6 0.709707 0.109707 1.1 1.02 
68 0 0.6 0.70851 0.10851 1.1 1.02 
69 0 0.6 0.70741 0.10741 1.1 1.02 
70 0 0.6 0.706404 0.106404 1.1 1.02 
71 0 0.6 0.705489 0.105489 1.1 1.02 
72 0 0.6 0.704662 0.104662 1.1 1.02 
73 0 0.6 0.703918 0.103918 1.1 1.02 
74 0.0434559 0.6 0.703256 0.103256 1.1 1.02 
75 0.188668 0.6 0.702327 0.102327 1.1 1.02 
76 0.306765 0.6 0.700756 0.100756 1.1 1.02 
77 0.400486 0.6 0.698649 0.0986493 1.1 1.02 
78 0.472516 0.6 0.696099 0.0960995 1.1 1.02 
79 0.525453 0.6 0.693188 0.0931877 1.1 1.02 
80 0.561776 0.6 0.689985 0.0899853 1.1 1.02 
81 0.583823 0.6 0.686555 0.0865546 1.1 1.02 
82 0.593774 0.6 0.68295 0.0829498 1.1 1.02 
83 0.593639 0.6 0.679218 0.0792182 1.1 1.02 
84 0.585253 0.6 0.675401 0.0754008 1.1 1.02 
85 0.570274 0.6 0.671533 0.0715333 1.1 1.02 
86 0.550179 0.6 0.667646 0.0676464 1.1 1.02 
87 0.526277 0.6 0.663767 0.0637666 1.1 1.02 
88 0.499706 0.6 0.659917 0.0599166 1.1 1.02 
89 0.471446 0.6 0.656116 0.0561158 1.1 1.02 
90 0.442328 0.6 0.65238 0.0523804 1.1 1.02 
91 0.413045 0.6 0.648724 0.0487238 1.1 1.02 
92 0.38416 0.6 0.645157 0.045157 1.1 1.02 
93 0.356121 0.6 0.641689 0.0416888 1.1 1.02 
94 0.329274 0.6 0.638326 0.0383261 1.1 1.02 
95 0.30387 0.6 0.635074 0.0350738 1.1 1.02 
96 0.280082 0.6 0.631935 0.0319354 1.1 1.02 
97 0.258013 0.6 0.628913 0.0289131 1.1 1.02 
98 0.237707 0.6 0.625446 0.025446 1.02545 1.02 
99 0.219162 0.6 0.621992 0.0219921 1.02199 1.02 
100 0.202337 0.6 0.620039 0.0200393 1.02004 1.02 
101 0.187163 0.6 0.619412 0.0194123 1.01941 1.02 
102 0.173552 0.6 0.61948 0.0194804 1.01948 1.02 
103 0.161402 0.6 0.619739 0.0197391 1.01974 1.02 
104 0.150607 0.6 0.619944 0.0199438 1.01994 1.02 
105 0.141064 0.6 0.62004 0.0200399 1.02004 1.02 
106 0.132676 0.6 0.620058 0.0200579 1.02006 1.02 
107 0.125361 0.6 0.620042 0.0200418 1.02004 1.02 
108 0.119054 0.6 0.620021 0.0200208 1.02002 1.02 
109 0.113712 0.6 0.620007 0.0200067 1.02001 1.02 
110 0.109319 0.6 0.62 0.0200005 1.02 1.02 
111 0.105885 0.6 0.619999 0.0199991 1.02 1.02 
112 0.103454 0.6 0.62 0.0199998 1.02 1.02 
113 0.1021 0.6 0.620001 0.0200008 1.02 1.02 
114 0.101931 0.6 0.620002 0.0200015 1.02 1.02 
115 0.103089 0.6 0.620002 0.020002 1.02 1.02 
116 0.105747 0.6 0.620002 0.0200024 1.02 1.02 
117 0.11011 0.6 0.620003 0.0200028 1.02 1.02 
118 0.116411 0.6 0.620003 0.0200034 1.02 1.02 
119 0.124908 0.6 0.620004 0.0200041 1.02 1.02 
120 0.135875 0.6 0.620005 0.0200051 1.02001 1.02 
121 0.149602 0.6 0.620006 0.0200061 1.02001 1.02 
122 0.166381 0.6 0.620007 0.0200073 1.02001 1.02 
123 0.186498 0.6 0.620009 0.0200087 1.02001 1.02 
124 0.210224 0.6 0.62001 0.0200102 1.02001 1.02 
125 0.237796 0.6 0.620012 0.0200119 1.02001 1.02 
126 0.269405 0.6 0.620014 0.0200137 1.02001 1.02 
127 0.305178 0.6 0.620016 0.0200156 1.02002 1.02 
128 0.345153 0.6 0.620018 0.0200177 1.02002 1.02 
129 0.389262 0.6 0.62002 0.0200198 1.02002 1.02 
130 0.437301 0.6 0.620022 0.020022 1.02002 1.02 
131 0.488906 0.6 0.620024 0.0200243 1.02002 1.02 
132 0.543519 0.6 0.620027 0.0200265 1.02003 1.02 
133 0.60036 0.6 0.620029 0.0200287 1.02003 1.02 
134 0.65839 0.6 0.620031 0.020031 1.02003 1.02 
135 0.716278 0.6 0.620033 0.0200331 1.02003 1.02 
136 0.772365 0.6 0.620035 0.0200353 1.02004 1.02 
137 0.824629 0.6 0.620037 0.0200373 1.02004 1.02 
138 0.870648 0.6 0.620039 0.0200393 1.02004 1.02 
139 0.907569 0.6 0.620041 0.0200412 1.02004 1.02 
140 0.93208 0.6 0.620043 0.0200431 1.02004 1.02 
141 0.940381 0.6 0.620045 0.0200449 1.02004 1.02 
142 0.928171 0.6 0.620047 0.0200467 1.02005 1.02 
143 0.890635 0.6 0.620048 0.0200484 1.02005 1.02 
144 0.822449 0.6 0.62005 0.0200502 1.02005 1.02 
145 0.71779 0.6 0.620052 0.0200519 1.02005 1.02 
146 0.570374 0.6 0.620054 0.0200537 1.02005 1.02 
147 0.373505 0.6 0.620056 0.0200556 1.02006 1.02 
148 0.120148 0.6 0.620058 0.0200575 1.02006 1.02 
149 0 0.6 0.62006 0.0200595 1.02006 1.02 
150 0 0.6 0.620077 0.0200766 1.02006 1.02 
151 0 0.6 0.620125 0.0201254 1.02006 1.02 
152 0 0.6 0.620203 0.0202026 1.02006 1.02 
153 0 0.6 0.620305 0.0203055 1.02006 1.02 
154 0 0.6 0.620432 0.0204316 1.02006 1.02 
155 0 0.6 0.620579 0.0205792 1.02006 1.02 
156 0 0.6 0.620747 0.0207466 1.02006 1.02 
157 0 0.6 0.620933 0.0209328 1.02006 1.02 
158 0 0.6 0.621137 0.0211368 1.02006 1.02 
159 0 0.6 0.621358 0.0213583 1.02006 1.02 
160 0 0.6 0.621597 0.0215969 1.02006 1.02 
161 0 0.6 0.621853 0.0218525 1.02006 1.02 
162 0 0.6 0.622125 0.0221254 1.02006 1.02 
163 0 0.6 0.622416 0.0224158 1.02006 1.02 
164 0 0.6 0.622724 0.0227243 1.02006 1.02 
165 0 0.6 0.623052 0.0230515 1.02006 1.02 
166 0 0.6 0.623398 0.0233981 1.02006 1.02 
167 0 0.6 0.623765 0.0237649 1.02006 1.02 
168 0 0.6 0.624153 0.0241529 1.02006 1.02 
169 0 0.6 0.624563 0.0245629 1.02006 1.02 
170 0 0.6 0.624996 0.0249959 1.02006 1.02 
171 0 0.6 0.625453 0.025453 1.02006 1.02 
172 0 0.6 0.625935 0.025935 1.02006 1.02 
173 0 0.6 0.626443 0.0264429 1.02006 1.02 
174 0 0.6 0.626978 0.0269776 1.02006 1.02 
175 0 0.6 0.62754 0.02754 1.02006 1.02 
176 0 0.6 0.628131 0.0281307 1.02006 1.02 
177 0 0.6 0.62875 0.0287504 1.02006 1.02 
178 0 0.6 0.6294 0.0293997 1.02006 1.02 
179 0 0.6 0.630079 0.0300789 1.02006 1.02 
180 0 0.6 0.630788 0.0307884 1.02006 1.02 
181 0 0.6 0.631528 0.0315283 1.02006 1.02 
182 0 0.6 0.632299 0.0322986 1.02006 1.02 
183 0 0.6 0.633099 0.0330992 1.02006 1.02 
184 0 0.6 0.63393 0.0339297 1.02006 1.02 
185 0 0.6 0.63479 0.0347898 1.02006 1.02 
186 0 0.6 0.635679 0.0356787 1.02006 1.02 
187 0 0.6 0.636596 0.0365958 1.02006 1.02 
188 0 0.6 0.63754 0.0375402 1.02006 1.02 
189 0 0.6 0.638511 0.0385108 1.02006 1.02 
190 0 0.6 0.639507 0.0395067 1.02006 1.02 
191 0 0.6 0.640526 0.0405264 1.02006 1.02 
192 0 0.6 0.647311 0.0473115 1.02006 1.02 
193 0 0.6 0.664988 0.0649879 1.02006 1.02 
194 0 0.6 0.689779 0.0897785 1.02006 1.02 
195 0 0.6 0.718842 0.118842 1.02006 1.02 
196 0 0.6 0.750048 0.150048 1.02006 1.02 
197 0 0.6 0.781845 0.181845 1.02006 1.02 
198 0 0.6 0.813156 0.213156 1.02006 1.02 
199 0 0.6 0.843292 0.243292 1.02006 1.02 
200 0 0.6 0.871867 0.271867 1.02006 1.02 
201 0 0.6 0.898716 0.298716 1.02006 1.02 
202 0 0.6 0.923379 0.323379 1.02006 1.02 
203 0 0.6 0.945122 0.345122 1.02006 1.02 
204 0 0.6 0.963629 0.363629 1.02006 1.02 
205 0 0.6 0.978891 0.378891 1.02006 1.02 
206 0 0.6 0.991099 0.391099 1.02006 1.02 
207 0 0.6 1.00057 0.400567 1.02006 1.02 
208 0 0.6 1.00767 0.40767 1.02006 1.02 
209 0 0.6 1.0128 0.4128 1.02006 1.02 
210 0 0.6 1.01633 0.416334 1.02006 1.02 
211 0 0.6 1.01862 0.418615 1.02006 1.02 
212 0 0.6 1.01995 0.419946 1.02006 1.02 
213 0 0.6 1.02058 0.42058 1.02006 1.02 
214 0 0.6 1.02072 0.420724 1.02006 1.02 
215 0 0.6 1.02054 0.420541 1.02006 1.02 
216 0 0.6 1.02016 0.420155 1.02006 1.02 
217 0 0.6 1.01966 0.419659 1.02006 1.02 
218 0 0.6 1.01912 0.419117 1.02006 1.02 
219 0 0.6 1.01857 0.418573 1.02006 1.02 
220 0 0.6 1.01805 0.418052 1.02006 1.02 
221 0 0.6 1.01757 0.41757 1.02006 1.02 
222 0 0.6 1.01713 0.417131 1.02006 1.02 
223 0 0.6 1.01674 0.416736 1.02006 1.02 
224 0 0.6 1.01638 0.416379 1.02006 1.02 
225 0 0.6 1.01606 0.416055 1.02006 1.02 
226 0 0.6 1.01576 0.415757 1.02006 1.02 
227 0 0.6 1.01548 0.415477 1.02006 1.02 
228 0 0.6 1.01521 0.41521 1.02006 1.02 
229 0 0.6 1.01495 0.414949 1.02006 1.02 
230 0 0.6 1.01469 0.414692 1.02006 1.02 
231 0 0.6 1.01443 0.414435 1.02006 1.02 
232 0 0.6 1.01418 0.414177 1.02006 1.02 
233 0 0.6 1.01392 0.413918 1.02006 1.02 
234 0 0.6 1.01366 0.413658 1.02006 1.02 
235 0 0.6 1.0134 0.4134 1.02006 1.02 
236 0 0.6 1.01314 0.413145 1.02006 1.02 
237 0 0.6 1.0129 0.412895 1.02006 1.02 
238 0 0.6 1.01266 0.412655 1.02006 1.02 
239 0 0.6 1.01243 0.412426 1.02006 1.02 
240 0 0.6 1.01221 0.412212 1.02006 1.02 
241 0 0.6 1.01202 0.412015 1.02006 1.02 
242 0 0.6 1.01184 0.411838 1.02006 1.02 
243 0 0.6 1.01168 0.411682 1.02006 1.02 
244 0 0.6 1.01155 0.41155 1.02006 1.02 
245 0 0.6 1.01144 0.411441 1.02006 1.02 
246 0 0.6 1.01136 0.411357 1.02006 1.02 
247 0 0.6 1.0113 0.411298 1.02006 1.02 
248 0 0.6 1.01126 0.411263 1.02006 1.02 
249 0 0.6 1.01125 0.411252 1.02006 1.02 
250 0 0.6 1.01126 0.411264 1.02006 1.02 
251 0 0.6 1.0113 0.411297 1.02006 1.02 
252 0 0.6 1.01135 0.411348 1.02006 1.02 
253 0 0.6 1.01142 0.411417 1.02006 1.02 
254 0 0.6 1.0115 0.411501 1.02006 1.02 
255 0 0.6 1.0116 0.411598 1.02006 1.02 
256 0 0.6 1.0117 0.411705 1.02006 1.02 
257 0 0.6 1.01182 0.411819 1.02006 1.02 
258 0 0.6 1.01194 0.411939 1.02006 1.02 
259 0 0.6 1.01206 0.412061 1.02006 1.02 
260 0 0.6 1.01218 0.412184 1.02006 1.02 
261 0 0.6 1.01231 0.412305 1.02006 1.02 
262 0 0.6 1.01242 0.412423 1.02006 1.02 
263 0 0.6 1.01254 0.412536 1.02006 1.02 
264 0 0.6 1.01264 0.412642 1.02006 1.02 
265 0 0.6 1.01274 0.41274 1.02006 1.02 
266 0 0.6 1.01283 0.41283 1.02006 1.02 
267 0 0.6 1.01291 0.412909 1.02006 1.02 
268 0 0.6 1.01298 0.412979 1.02006 1.02 
269 0 0.6 1.01304 0.413038 1.02006 1.02 
270 0 0.6 1.01309 0.413087 1.02006 1.02 
271 0 0.6 1.01313 0.413126 1.02006 1.02 
272 0 0.6 1.01315 0.413154 1.02006 1.02 
273 0 0.6 1.01317 0.413172 1.02006 1.02 
274 0 0.6 1.01318 0.413182 1.02006 1.02 
275 0 0.6 1.01318 0.413182 1.02006 1.02 
276 0 0.6 1.01317 0.413175 1.02006 1.02 
277 0 0.6 1.01316 0.41316 1.02006 1.02 
278 0 0.6 1.01314 0.413139 1.02006 1.02 
279 0 0.6 1.01311 0.413112 1.02006 1.02 
280 0 0.6 1.01308 0.413081 1.02006 1.02 
281 0 0.6 1.01305 0.413045 1.02006 1.02 
282 0 0.6 1.01301 0.413007 1.02006 1.02 
283 0 0.6 1.01297 0.412966 1.02006 1.02 
284 0 0.6 1.01292 0.412923 1.02006 1.02 
285 0 0.6 1.01288 0.412879 1.02006 1.02 
286 0 0.6 1.01284 0.412836 1.02006 1.02 
287 0 0.6 1.01279 0.412792 1.02006 1.02 
288 0 0.6 1.01275 0.41275 1.02006 1.02 
289 0 0.6 1.01271 0.412709 1.02006 1.02 
290 0 0.6 1.01267 0.412671 1.02006 1.02 
291 0 0.6 1.01263 0.412634 1.02006 1.02 
292 0 0.6 1.0126 0.412601 1.02006 1.02 
293 0 0.6 1.01257 0.412571 1.02006 1.02 
294 0 0.6 1.01254 0.412544 1.02006 1.02 
295 0 0.6 1.01252 0.412521 1.02006 1.02 
296 0 0.6 1.0125 0.412501 1.02006 1.02 
297 0 0.6 1.01248 0.412485 1.02006 1.02 
298 0 0.6 1.01247 0.412472 1.02006 1.02 
299 0 0.6 1.01246 0.412463 1.02006 1.02 
300 0 0.6 1.01246 0.412458 1.02006 1.02 
