0 0 0.541654 0.689706 0.148052 0.688292 0.661654 
1 0 0.541654 0.691285 0.149631 0.688292 0.661654 
2 0 0.541654 0.696232 0.154578 0.688292 0.661654 
3 0 0.541654 0.704131 0.162477 0.688292 0.661654 
4 0 0.541654 0.714441 0.172787 0.688292 0.661654 
5 0 0.541654 0.726409 0.184755 0.688292 0.661654 
6 0 0.541654 0.739164 0.19751 0.688292 0.661654 
7 0 0.541654 0.751847 0.210193 0.688292 0.661654 
8 0 0.541654 0.763724 0.22207 0.688292 0.661654 
9 0 0.541654 0.774254 0.2326 0.688292 0.661654 
10 0 0.541654 0.783101 0.241447 0.688292 0.661654 
11 0 0.541654 0.790124 0.24847 0.688292 0.661654 
12 0 0.541654 0.795332 0.253678 0.688292 0.661654 
13 0 0.541654 0.798847 0.257193 0.688292 0.661654 
14 0 0.541654 0.800853 0.259199 0.688292 0.661654 
15 0 0.541654 0.801565 0.259911 0.688292 0.661654 
16 0 0.541654 0.801197 0.259543 0.688292 0.661654 
17 0 0.541654 0.799945 0.258291 0.688292 0.661654 
18 0 0.541654 0.797978 0.256324 0.688292 0.661654 
19 0 0.541654 0.795431 0.253777 0.688292 0.661654 
20 0 0.541654 0.792406 0.250752 0.688292 0.661654 
21 0 0.541654 0.788976 0.247322 0.688292 0.661654 
22 0 0.541654 0.785191 0.243537 0.688292 0.661654 
23 0 0.541654 0.781081 0.239427 0.688292 0.661654 
24 0 0.541654 0.776663 0.235009 0.688292 0.661654 
25 0 0.541654 0.771948 0.230294 0.688292 0.661654 
26 0 0.541654 0.766943 0.225289 0.688292 0.661654 
27 0 0.541654 0.761655 0.220001 0.688292 0.661654 
28 0 0.541654 0.756095 0.21444 0.688292 0.661654 
29 0 0.541654 0.750277 0.208623 0.688292 0.661654 
30 0 0.541654 0.744225 0.202571 0.688292 0.661654 
31 0 0.541654 0.737964 0.19631 0.688292 0.661654 
32 0 0.541654 0.731529 0.189875 0.688292 0.661654 
33 0 0.541654 0.724957 0.183303 0.688292 0.661654 
34 0 0.541654 0.718292 0.176638 0.688292 0.661654 
35 0 0.541654 0.711579 0.169925 0.688292 0.661654 
36 0 0.541654 0.704863 0.163209 0.688292 0.661654 
37 0 0.541654 0.698193 0.156539 0.688292 0.661654 
38 0 0.541654 0.691614 0.14996 0.688292 0.661654 
39 0 0.541654 0.68517 0.143516 0.688292 0.661654 
40 0 0.541654 0.678901 0.137247 0.688292 0.661654 
41 0 0.541654 0.672844 0.13119 0.688292 0.661654 
42 0 0.541654 0.667031 0.125377 0.688292 0.661654 
43 0 0.541654 0.661488 0.119834 0.688292 0.661654 
44 0 0.541654 0.656239 0.114584 0.688292 0.661654 
45 0 0.541654 0.651298 0.109644 0.688292 0.661654 
46 0 0.541654 0.646679 0.105025 0.688292 0.661654 
47 0 0.541654 0.642386 0.100732 0.688292 0.661654 
48 0 0.541654 0.638423 0.0967685 0.688292 0.661654 
49 0 0.541654 0.634785 0.0931308 0.688292 0.661654 
50 0 0.541654 0.631467 0.0898126 0.688292 0.661654 
51 0 0.541654 0.628458 0.0868036 0.688292 0.661654 
52 0 0.541654 0.625745 0.0840907 0.688292 0.661654 
53 0 0.541654 0.623312 0.0816582 0.688292 0.661654 
54 0 0.541654 0.621143 0.0794885 0.688292 0.661654 
55 0 0.541654 0.619216 0.0775623 0.688292 0.661654 
56 0 0.541654 0.617513 0.075859 0.688292 0.661654 
57 0 0.541654 0.616012 0.0743576 0.688292 0.661654 
58 0 0.541654 0.614691 0.0730366 0.688292 0.661654 
59 0 0.541654 0.613529 0.0718748 0.688292 0.661654 
60 0 0.541654 0.612505 0.0708513 0.688292 0.661654 
61 0 0.541654 0.6116 0.069946 0.688292 0.661654 
62 0 0.541654 0.610794 0.0691399 0.688292 0.661654 
63 0 0.541654 0.610069 0.0684153 0.688292 0.661654 
64 0 0.541654 0.60941 0.0677558 0.688292 0.661654 
65 0 0.541654 0.608801 0.0671469 0.688292 0.661654 
66 0 0.541654 0.60823 0.0665757 0.688292 0.661654 
67 0 0.541654 0.607685 0.066031 0.688292 0.661654 
68 0 0.541654 0.607158 0.0655035 0.688292 0.661654 
69 0 0.541654 0.60664 0.0649858 0.688292 0.661654 
70 0 0.541654 0.606126 0.0644721 0.688292 0.661654 
71 0 0.541654 0.605612 0.0639583 0.688292 0.661654 
72 0 0.541654 0.605096 0.0634417 0.688292 0.661654 
73 0 0.541654 0.604575 0.062921 0.688292 0.661654 
74 0 0.541654 0.60405 0.0623963 0.688292 0.661654 
75 0.0854407 0.541654 0.603523 0.0618686 0.688292 0.661654 
76 0.217592 0.541654 0.602788 0.0611339 0.688292 0.661654 
77 0.325158 0.541654 0.60163 0.0599756 0.688292 0.661654 
78 0.410637 0.541654 0.600118 0.0584644 0.688292 0.661654 
79 0.47647 0.541654 0.598316 0.0566623 0.688292 0.661654 
80 0.525002 0.541654 0.596278 0.0546239 0.688292 0.661654 
81 0.558468 0.541654 0.594051 0.0523969 0.688292 0.661654 
82 0.578966 0.541654 0.591677 0.0500231 0.688292 0.661654 
83 0.588452 0.541654 0.589193 0.0475387 0.688292 0.661654 
84 0.588731 0.541654 0.58663 0.0449755 0.688292 0.661654 
85 0.581446 0.541654 0.584015 0.0423609 0.688292 0.661654 
86 0.568089 0.541654 0.581372 0.0397184 0.688292 0.661654 
87 0.54999 0.541654 0.578723 0.0370685 0.688292 0.661654 
88 0.528332 0.541654 0.576083 0.0344285 0.688292 0.661654 
89 0.50415 0.541654 0.573467 0.0318131 0.688292 0.661654 
90 0.478341 0.541654 0.570889 0.0292346 0.688292 0.661654 
91 0.45167 0.541654 0.567597 0.025943 0.667597 0.661654 
92 0.424783 0.541654 0.563989 0.0223352 0.663989 0.661654 
93 0.398214 0.541654 0.561842 0.0201878 0.661842 0.661654 
94 0.372393 0.541654 0.561088 0.0194344 0.661088 0.661654 
95 0.347662 0.541654 0.561106 0.0194519 0.661106 0.661654 
96 0.324277 0.541654 0.56136 0.0197063 0.66136 0.661654 
97 0.302423 0.541654 0.561578 0.0199236 0.661578 0.661654 
98 0.282223 0.541654 0.561687 0.0200326 0.661687 0.661654 
99 0.263745 0.541654 0.561712 0.0200583 0.661712 0.661654 
100 0.247008 0.541654 0.561699 0.0200452 0.661699 0.661654 
101 0.231996 0.541654 0.561679 0.0200248 0.661679 0.661654 
102 0.218661 0.541654 0.561664 0.0200104 0.661664 0.661654 
103 0.20693 0.541654 0.561658 0.0200039 0.661658 0.661654 
104 0.19671 0.541654 0.561657 0.0200026 0.661657 0.661654 
105 0.187899 0.541654 0.561657 0.0200034 0.661657 0.661654 
106 0.180382 0.541654 0.561659 0.0200045 0.661659 0.661654 
107 0.174044 0.541654 0.561659 0.0200052 0.661659 0.661654 
108 0.168769 0.541654 0.56166 0.0200055 0.66166 0.661654 
109 0.164444 0.541654 0.56166 0.0200055 0.66166 0.661654 
110 0.160962 0.541654 0.56166 0.0200055 0.66166 0.661654 
111 0.158226 0.541654 0.561659 0.0200054 0.661659 0.661654 
112 0.156151 0.541654 0.561659 0.0200054 0.661659 0.661654 
113 0.154663 0.541654 0.56166 0.0200055 0.66166 0.661654 
114 0.153703 0.541654 0.56166 0.0200056 0.66166 0.661654 
115 0.153227 0.541654 0.56166 0.0200058 0.66166 0.661654 
116 0.153209 0.541654 0.56166 0.0200061 0.66166 0.661654 
117 0.153636 0.541654 0.561661 0.0200064 0.661661 0.661654 
118 0.154515 0.541654 0.561661 0.0200069 0.661661 0.661654 
119 0.155869 0.541654 0.561661 0.0200074 0.661661 0.661654 
120 0.157736 0.541654 0.561662 0.0200079 0.661662 0.661654 
121 0.160171 0.541654 0.561663 0.0200085 0.661663 0.661654 
122 0.163242 0.541654 0.561663 0.0200091 0.661663 0.661654 
123 0.167033 0.541654 0.561664 0.0200097 0.661664 0.661654 
124 0.171636 0.541654 0.561664 0.0200103 0.661664 0.661654 
125 0.177154 0.541654 0.561665 0.0200108 0.661665 0.661654 
126 0.183697 0.541654 0.561665 0.0200112 0.661665 0.661654 
127 0.191379 0.541654 0.561666 0.0200116 0.661666 0.661654 
128 0.200312 0.541654 0.561666 0.0200119 0.661666 0.661654 
129 0.210607 0.541654 0.561666 0.0200122 0.661666 0.661654 
130 0.222364 0.541654 0.561666 0.0200124 0.661666 0.661654 
131 0.23567 0.541654 0.561667 0.0200125 0.661667 0.661654 
132 0.250592 0.541654 0.561667 0.0200125 0.661667 0.661654 
133 0.267171 0.541654 0.561667 0.0200125 0.661667 0.661654 
134 0.285415 0.541654 0.561667 0.0200125 0.661667 0.661654 
135 0.305287 0.541654 0.561666 0.0200124 0.661666 0.661654 
136 0.326703 0.541654 0.561666 0.0200123 0.661666 0.661654 
137 0.349516 0.541654 0.561666 0.0200122 0.661666 0.661654 
138 0.373513 0.541654 0.561666 0.020012 0.661666 0.661654 
139 0.398396 0.541654 0.561666 0.0200119 0.661666 0.661654 
140 0.423778 0.541654 0.561666 0.0200118 0.661666 0.661654 
141 0.449169 0.541654 0.561666 0.0200117 0.661666 0.661654 
142 0.473964 0.541654 0.561666 0.0200115 0.661666 0.661654 
143 0.497432 0.541654 0.561666 0.0200115 0.661666 0.661654 
144 0.518706 0.541654 0.561665 0.0200114 0.661665 0.661654 
145 0.536769 0.541654 0.561665 0.0200114 0.661665 0.661654 
146 0.550448 0.541654 0.561665 0.0200113 0.661665 0.661654 
147 0.558405 0.541654 0.561665 0.0200114 0.661665 0.661654 
148 0.559129 0.541654 0.561665 0.0200114 0.661665 0.661654 
149 0.550933 0.541654 0.561666 0.0200115 0.661666 0.661654 
150 0.531952 0.541654 0.561666 0.0200116 0.661666 0.661654 
151 0.500148 0.541654 0.561666 0.0200117 0.661666 0.661654 
152 0.453313 0.541654 0.561666 0.0200118 0.661666 0.661654 
153 0.389087 0.541654 0.561666 0.020012 0.661666 0.661654 
154 0.30497 0.541654 0.561666 0.0200123 0.661666 0.661654 
155 0.198353 0.541654 0.561667 0.0200125 0.661667 0.661654 
156 0.0665487 0.541654 0.561667 0.0200128 0.661667 0.661654 
157 0 0.541654 0.561667 0.0200131 0.661667 0.661654 
158 0 0.541654 0.561776 0.0201223 0.661667 0.661654 
159 0 0.541654 0.562111 0.0204567 0.661667 0.661654 
160 0 0.541654 0.562635 0.0209809 0.661667 0.661654 
161 0 0.541654 0.563318 0.0216635 0.661667 0.661654 
162 0 0.541654 0.564131 0.0224769 0.661667 0.661654 
163 0 0.541654 0.565051 0.0233969 0.661667 0.661654 
164 0 0.541654 0.566056 0.0244022 0.661667 0.661654 
165 0 0.541654 0.567128 0.0254741 0.661667 0.661654 
166 0 0.541654 0.56825 0.0265964 0.661667 0.661654 
167 0 0.541654 0.569409 0.0277549 0.661667 0.661654 
168 0 0.541654 0.570591 0.0289374 0.661667 0.661654 
169 0 0.541654 0.571788 0.0301335 0.661667 0.661654 
170 0 0.541654 0.572988 0.0313341 0.661667 0.661654 
171 0 0.541654 0.574186 0.0325317 0.661667 0.661654 
172 0 0.541654 0.575374 0.0337198 0.661667 0.661654 
173 0 0.541654 0.576547 0.034893 0.661667 0.661654 
174 0 0.541654 0.577701 0.0360468 0.661667 0.661654 
175 0 0.541654 0.578832 0.0371777 0.661667 0.661654 
176 0 0.541654 0.579937 0.0382827 0.661667 0.661654 
177 0 0.541654 0.581014 0.0393595 0.661667 0.661654 
178 0 0.541654 0.582061 0.0404065 0.661667 0.661654 
179 0 0.541654 0.583298 0.0416443 0.661667 0.661654 
180 0 0.541654 0.58495 0.0432959 0.661667 0.661654 
181 0 0.541654 0.586917 0.0452627 0.661667 0.661654 
182 0 0.541654 0.58912 0.0474656 0.661667 0.661654 
183 0 0.541654 0.591498 0.0498439 0.661667 0.661654 
184 0 0.541654 0.594007 0.0523528 0.661667 0.661654 
185 0 0.541654 0.596615 0.0549611 0.661667 0.661654 
186 0 0.541654 0.599303 0.0576485 0.661667 0.661654 
187 0 0.541654 0.602057 0.0604028 0.661667 0.661654 
188 0 0.541654 0.604873 0.0632186 0.661667 0.661654 
189 0 0.541654 0.607748 0.0660943 0.661667 0.661654 
190 0 0.541654 0.610685 0.0690313 0.661667 0.661654 
191 0 0.541654 0.613686 0.0720322 0.661667 0.661654 
192 0 0.541654 0.616755 0.0751005 0.661667 0.661654 
193 0 0.541654 0.619893 0.0782392 0.661667 0.661654 
194 0 0.541654 0.623105 0.0814507 0.661667 0.661654 
195 0 0.541654 0.626391 0.0847367 0.661667 0.661654 
196 0 0.541654 0.629751 0.0880974 0.661667 0.661654 
197 0 0.541654 0.633186 0.0915323 0.661667 0.661654 
198 0 0.541654 0.636693 0.0950394 0.661667 0.661654 
199 0 0.541654 0.64027 0.0986159 0.661667 0.661654 
200 0 0.541654 0.643912 0.102258 0.661667 0.661654 
201 0 0.541654 0.647615 0.105961 0.661667 0.661654 
202 0 0.541654 0.651254 0.1096 0.661667 0.661654 
203 0 0.541654 0.654607 0.112953 0.661667 0.661654 
204 0 0.541654 0.65754 0.115886 0.661667 0.661654 
205 0 0.541654 0.659996 0.118342 0.661667 0.661654 
206 0 0.541654 0.661964 0.12031 0.661667 0.661654 
207 0 0.541654 0.663474 0.12182 0.661667 0.661654 
208 0 0.541654 0.664575 0.122921 0.661667 0.661654 
209 0 0.541654 0.665328 0.123674 0.661667 0.661654 
210 0 0.541654 0.665798 0.124144 0.661667 0.661654 
211 0 0.541654 0.666046 0.124392 0.661667 0.661654 
212 0 0.541654 0.66613 0.124476 0.661667 0.661654 
213 0 0.541654 0.666097 0.124443 0.661667 0.661654 
214 0 0.541654 0.665989 0.124334 0.661667 0.661654 
215 0 0.541654 0.665836 0.124182 0.661667 0.661654 
216 0 0.541654 0.665664 0.12401 0.661667 0.661654 
217 0 0.541654 0.665489 0.123835 0.661667 0.661654 
218 0 0.541654 0.665324 0.12367 0.661667 0.661654 
219 0 0.541654 0.665175 0.123521 0.661667 0.661654 
220 0 0.541654 0.665047 0.123393 0.661667 0.661654 
221 0 0.541654 0.66494 0.123286 0.661667 0.661654 
222 0 0.541654 0.664854 0.1232 0.661667 0.661654 
223 0 0.541654 0.664787 0.123133 0.661667 0.661654 
224 0 0.541654 0.664738 0.123084 0.661667 0.661654 
225 0 0.541654 0.664702 0.123048 0.661667 0.661654 
226 0 0.541654 0.664678 0.123024 0.661667 0.661654 
227 0 0.541654 0.664664 0.12301 0.661667 0.661654 
228 0 0.541654 0.664656 0.123002 0.661667 0.661654 
229 0 0.541654 0.664654 0.123 0.661667 0.661654 
230 0 0.541654 0.664656 0.123002 0.661667 0.661654 
231 0 0.541654 0.66466 0.123006 0.661667 0.661654 
232 0 0.541654 0.664666 0.123012 0.661667 0.661654 
233 0 0.541654 0.664674 0.12302 0.661667 0.661654 
234 0 0.541654 0.664681 0.123027 0.661667 0.661654 
235 0 0.541654 0.66469 0.123035 0.661667 0.661654 
236 0 0.541654 0.664698 0.123044 0.661667 0.661654 
237 0 0.541654 0.664706 0.123052 0.661667 0.661654 
238 0 0.541654 0.664714 0.12306 0.661667 0.661654 
239 0 0.541654 0.664722 0.123068 0.661667 0.661654 
240 0 0.541654 0.66473 0.123076 0.661667 0.661654 
241 0 0.541654 0.664737 0.123083 0.661667 0.661654 
242 0 0.541654 0.664744 0.12309 0.661667 0.661654 
243 0 0.541654 0.664751 0.123097 0.661667 0.661654 
244 0 0.541654 0.664758 0.123104 0.661667 0.661654 
245 0 0.541654 0.664765 0.123111 0.661667 0.661654 
246 0 0.541654 0.664771 0.123117 0.661667 0.661654 
247 0 0.541654 0.664777 0.123123 0.661667 0.661654 
248 0 0.541654 0.664782 0.123128 0.661667 0.661654 
249 0 0.541654 0.664787 0.123133 0.661667 0.661654 
250 0 0.541654 0.664791 0.123137 0.661667 0.661654 
251 0 0.541654 0.664795 0.123141 0.661667 0.661654 
252 0 0.541654 0.664799 0.123144 0.661667 0.661654 
253 0 0.541654 0.664801 0.123147 0.661667 0.661654 
254 0 0.541654 0.664804 0.12315 0.661667 0.661654 
255 0 0.541654 0.664806 0.123151 0.661667 0.661654 
256 0 0.541654 0.664807 0.123153 0.661667 0.661654 
257 0 0.541654 0.664808 0.123154 0.661667 0.661654 
258 0 0.541654 0.664808 0.123154 0.661667 0.661654 
259 0 0.541654 0.664808 0.123154 0.661667 0.661654 
260 0 0.541654 0.664808 0.123154 0.661667 0.661654 
261 0 0.541654 0.664807 0.123153 0.661667 0.661654 
262 0 0.541654 0.664806 0.123152 0.661667 0.661654 
263 0 0.541654 0.664805 0.12315 0.661667 0.661654 
264 0 0.541654 0.664803 0.123149 0.661667 0.661654 
265 0 0.541654 0.664801 0.123147 0.661667 0.661654 
266 0 0.541654 0.6648 0.123145 0.661667 0.661654 
267 0 0.541654 0.664798 0.123144 0.661667 0.661654 
268 0 0.541654 0.664796 0.123142 0.661667 0.661654 
269 0 0.541654 0.664794 0.12314 0.661667 0.661654 
270 0 0.541654 0.664792 0.123138 0.661667 0.661654 
271 0 0.541654 0.66479 0.123136 0.661667 0.661654 
272 0 0.541654 0.664788 0.123134 0.661667 0.661654 
273 0 0.541654 0.664787 0.123133 0.661667 0.661654 
274 0 0.541654 0.664785 0.123131 0.661667 0.661654 
275 0 0.541654 0.664784 0.12313 0.661667 0.661654 
276 0 0.541654 0.664782 0.123128 0.661667 0.661654 
277 0 0.541654 0.664781 0.123127 0.661667 0.661654 
278 0 0.541654 0.66478 0.123126 0.661667 0.661654 
279 0 0.541654 0.664779 0.123125 0.661667 0.661654 
280 0 0.541654 0.664778 0.123124 0.661667 0.661654 
281 0 0.541654 0.664777 0.123123 0.661667 0.661654 
282 0 0.541654 0.664777 0.123123 0.661667 0.661654 
283 0 0.541654 0.664776 0.123122 0.661667 0.661654 
284 0 0.541654 0.664776 0.123122 0.661667 0.661654 
285 0 0.541654 0.664775 0.123121 0.661667 0.661654 
286 0 0.541654 0.664775 0.123121 0.661667 0.661654 
287 0 0.541654 0.664775 0.123121 0.661667 0.661654 
288 0 0.541654 0.664775 0.123121 0.661667 0.661654 
289 0 0.541654 0.664774 0.12312 0.661667 0.661654 
290 0 0.541654 0.664774 0.12312 0.661667 0.661654 
291 0 0.541654 0.664774 0.12312 0.661667 0.661654 
292 0 0.541654 0.664774 0.12312 0.661667 0.661654 
293 0 0.541654 0.664773 0.123119 0.661667 0.661654 
294 0 0.541654 0.664773 0.123119 0.661667 0.661654 
295 0 0.541654 0.664773 0.123119 0.661667 0.661654 
296 0 0.541654 0.664772 0.123118 0.661667 0.661654 
297 0 0.541654 0.664772 0.123118 0.661667 0.661654 
298 0 0.541654 0.664772 0.123118 0.661667 0.661654 
299 0 0.541654 0.664771 0.123117 0.661667 0.661654 
300 0 0.541654 0.664771 0.123117 0.661667 0.661654 
