0 0 0.78 0.894137 0.114137 0.899938 0.9 
1 0 0.78 0.894649 0.114649 0.899938 0.9 
2 0 0.78 0.896504 0.116504 0.899938 0.9 
3 0 0.78 0.900156 0.120156 0.899938 0.9 
4 0 0.78 0.905885 0.125885 0.899938 0.9 
5 0 0.78 0.913755 0.133755 0.899938 0.9 
6 0 0.78 0.923607 0.143607 0.899938 0.9 
7 0 0.78 0.935079 0.155079 0.899938 0.9 
8 0 0.78 0.94763 0.16763 0.899938 0.9 
9 0 0.78 0.960591 0.180591 0.899938 0.9 
10 0 0.78 0.973246 0.193246 0.899938 0.9 
11 0 0.78 0.984903 0.204903 0.899938 0.9 
12 0 0.78 0.994975 0.214975 0.899938 0.9 
13 0 0.78 1.00303 0.223033 0.899938 0.9 
14 0 0.78 1.00883 0.228835 0.899938 0.9 
15 0 0.78 1.01234 0.232343 0.899938 0.9 
16 0 0.78 1.01371 0.233708 0.899938 0.9 
17 0 0.78 1.01324 0.233239 0.899938 0.9 
18 0 0.78 1.01135 0.231349 0.899938 0.9 
19 0 0.78 1.0085 0.228498 0.899938 0.9 
20 0 0.78 1.00513 0.225126 0.899938 0.9 
21 0 0.78 1.0016 0.221601 0.899938 0.9 
22 0 0.78 0.99818 0.21818 0.899938 0.9 
23 0 0.78 0.995005 0.215005 0.899938 0.9 
24 0 0.78 0.992106 0.212106 0.899938 0.9 
25 0 0.78 0.989433 0.209433 0.899938 0.9 
26 0 0.78 0.986885 0.206885 0.899938 0.9 
27 0 0.78 0.984349 0.204349 0.899938 0.9 
28 0 0.78 0.981717 0.201717 0.899938 0.9 
29 0 0.78 0.978909 0.198909 0.899938 0.9 
30 0 0.78 0.975876 0.195876 0.899938 0.9 
31 0 0.78 0.9726 0.1926 0.899938 0.9 
32 0 0.78 0.969089 0.189089 0.899938 0.9 
33 0 0.78 0.965368 0.185368 0.899938 0.9 
34 0 0.78 0.961471 0.181471 0.899938 0.9 
35 0 0.78 0.95744 0.17744 0.899938 0.9 
36 0 0.78 0.953311 0.173311 0.899938 0.9 
37 0 0.78 0.94912 0.16912 0.899938 0.9 
38 0 0.78 0.944897 0.164897 0.899938 0.9 
39 0 0.78 0.94067 0.16067 0.899938 0.9 
40 0 0.78 0.936459 0.156459 0.899938 0.9 
41 0 0.78 0.932286 0.152286 0.899938 0.9 
42 0 0.78 0.928169 0.148169 0.899938 0.9 
43 0 0.78 0.924129 0.144129 0.899938 0.9 
44 0 0.78 0.920185 0.140185 0.899938 0.9 
45 0 0.78 0.916358 0.136358 0.899938 0.9 
46 0 0.78 0.912671 0.132671 0.899938 0.9 
47 0 0.78 0.909146 0.129146 0.899938 0.9 
48 0 0.78 0.905806 0.125806 0.899938 0.9 
49 0 0.78 0.902672 0.122672 0.899938 0.9 
50 0 0.78 0.899764 0.119764 0.899938 0.9 
51 0 0.78 0.897099 0.117099 0.899938 0.9 
52 0 0.78 0.894687 0.114687 0.899938 0.9 
53 0 0.78 0.892534 0.112534 0.899938 0.9 
54 0 0.78 0.890641 0.110641 0.899938 0.9 
55 0 0.78 0.889001 0.109001 0.899938 0.9 
56 0 0.78 0.887601 0.107601 0.899938 0.9 
57 0 0.78 0.88642 0.10642 0.899938 0.9 
58 0 0.78 0.885432 0.105432 0.899938 0.9 
59 0 0.78 0.884605 0.104605 0.899938 0.9 
60 0 0.78 0.8839 0.1039 0.899938 0.9 
61 0 0.78 0.883275 0.103275 0.899938 0.9 
62 0 0.78 0.882686 0.102686 0.899938 0.9 
63 0 0.78 0.882084 0.102084 0.899938 0.9 
64 0 0.78 0.881421 0.101421 0.899938 0.9 
65 0 0.78 0.880646 0.100646 0.899938 0.9 
66 0 0.78 0.87971 0.0997097 0.899938 0.9 
67 0 0.78 0.878564 0.0985637 0.899938 0.9 
68 0 0.78 0.87716 0.0971595 0.899938 0.9 
69 0 0.78 0.875451 0.0954506 0.899938 0.9 
70 0 0.78 0.873393 0.0933925 0.899938 0.9 
71 0 0.78 0.870945 0.0909445 0.899938 0.9 
72 0 0.78 0.868071 0.088071 0.899938 0.9 
73 0 0.78 0.864744 0.0847443 0.899938 0.9 
74 0.0402447 0.78 0.860948 0.0809479 0.899938 0.9 
75 0.187693 0.78 0.857053 0.077053 0.899938 0.9 
76 0.307399 0.78 0.853561 0.0735609 0.899938 0.9 
77 0.402174 0.78 0.850542 0.0705423 0.899938 0.9 
78 0.474785 0.78 0.848044 0.068044 0.899938 0.9 
79 0.527909 0.78 0.84608 0.0660804 0.899938 0.9 
80 0.564106 0.78 0.844628 0.0646283 0.899938 0.9 
81 0.585792 0.78 0.843627 0.0636272 0.899938 0.9 
82 0.595221 0.78 0.842987 0.0629868 0.899938 0.9 
83 0.594473 0.78 0.842598 0.0625979 0.899938 0.9 
84 0.585446 0.78 0.842346 0.0623461 0.899938 0.9 
85 0.569857 0.78 0.842124 0.062124 0.899938 0.9 
86 0.549237 0.78 0.84184 0.0618397 0.899938 0.9 
87 0.524942 0.78 0.841421 0.0614213 0.899938 0.9 
88 0.498151 0.78 0.840817 0.0608175 0.899938 0.9 
89 0.469881 0.78 0.839996 0.0599961 0.899938 0.9 
90 0.440996 0.78 0.83894 0.0589405 0.899938 0.9 
91 0.412214 0.78 0.837647 0.0576467 0.899938 0.9 
92 0.384121 0.78 0.83612 0.0561202 0.899938 0.9 
93 0.357186 0.78 0.834374 0.0543737 0.899938 0.9 
94 0.331766 0.78 0.832425 0.0524254 0.899938 0.9 
95 0.308124 0.78 0.830298 0.0502976 0.899938 0.9 
96 0.286438 0.78 0.828016 0.0480155 0.899938 0.9 
97 0.266814 0.78 0.825606 0.0456064 0.899938 0.9 
98 0.249294 0.78 0.823098 0.0430982 0.899938 0.9 
99 0.233867 0.78 0.820519 0.0405191 0.899938 0.9 
100 0.22048 0.78 0.817896 0.037896 0.899938 0.9 
101 0.209042 0.78 0.815254 0.0352541 0.899938 0.9 
102 0.199438 0.78 0.812616 0.0326159 0.899938 0.9 
103 0.191531 0.78 0.810001 0.0300012 0.899938 0.9 
104 0.185168 0.78 0.807427 0.0274268 0.899938 0.9 
105 0.180189 0.78 0.804494 0.0244937 0.904494 0.9 
106 0.176429 0.78 0.801633 0.0216332 0.901633 0.9 
107 0.173722 0.78 0.80003 0.0200297 0.90003 0.9 
108 0.171906 0.78 0.799517 0.019517 0.899517 0.9 
109 0.170823 0.78 0.799575 0.0195755 0.899575 0.9 
110 0.170327 0.78 0.799795 0.0197952 0.899795 0.9 
111 0.170278 0.78 0.799976 0.019976 0.899976 0.9 
112 0.170551 0.78 0.80007 0.0200699 0.90007 0.9 
113 0.171032 0.78 0.800098 0.0200983 0.900098 0.9 
114 0.171624 0.78 0.800095 0.0200952 0.900095 0.9 
115 0.172243 0.78 0.800084 0.0200841 0.900084 0.9 
116 0.17282 0.78 0.800075 0.0200749 0.900075 0.9 
117 0.173305 0.78 0.800069 0.020069 0.900069 0.9 
118 0.173661 0.78 0.800065 0.0200647 0.900065 0.9 
119 0.173871 0.78 0.80006 0.02006 0.90006 0.9 
120 0.173932 0.78 0.800054 0.0200539 0.900054 0.9 
121 0.173862 0.78 0.800046 0.0200463 0.900046 0.9 
122 0.173693 0.78 0.800038 0.0200376 0.900038 0.9 
123 0.173475 0.78 0.800028 0.0200283 0.900028 0.9 
124 0.173276 0.78 0.800019 0.0200189 0.900019 0.9 
125 0.173181 0.78 0.80001 0.0200098 0.90001 0.9 
126 0.17329 0.78 0.800001 0.0200011 0.900001 0.9 
127 0.17372 0.78 0.799993 0.0199931 0.899993 0.9 
128 0.174604 0.78 0.799986 0.0199857 0.899986 0.9 
129 0.176087 0.78 0.799979 0.0199791 0.899979 0.9 
130 0.178329 0.78 0.799973 0.0199732 0.899973 0.9 
131 0.181497 0.78 0.799968 0.0199679 0.899968 0.9 
132 0.185769 0.78 0.799963 0.0199632 0.899963 0.9 
133 0.191324 0.78 0.799959 0.0199588 0.899959 0.9 
134 0.198345 0.78 0.799955 0.0199548 0.899955 0.9 
135 0.207007 0.78 0.799951 0.019951 0.899951 0.9 
136 0.217478 0.78 0.799947 0.0199471 0.899947 0.9 
137 0.229906 0.78 0.799943 0.0199432 0.899943 0.9 
138 0.244414 0.78 0.799939 0.0199392 0.899939 0.9 
139 0.261092 0.78 0.799935 0.0199349 0.899935 0.9 
140 0.279983 0.78 0.79993 0.0199304 0.89993 0.9 
141 0.301075 0.78 0.799926 0.0199257 0.899926 0.9 
142 0.324282 0.78 0.799921 0.0199208 0.899921 0.9 
143 0.349438 0.78 0.799916 0.0199157 0.899916 0.9 
144 0.376272 0.78 0.799911 0.0199107 0.899911 0.9 
145 0.404399 0.78 0.799906 0.0199058 0.899906 0.9 
146 0.433296 0.78 0.799901 0.0199012 0.899901 0.9 
147 0.462287 0.78 0.799897 0.019897 0.899897 0.9 
148 0.490522 0.78 0.799893 0.0198933 0.899893 0.9 
149 0.516958 0.78 0.79989 0.0198904 0.89989 0.9 
150 0.540344 0.78 0.799888 0.0198883 0.899888 0.9 
151 0.559198 0.78 0.799887 0.0198872 0.899887 0.9 
152 0.571795 0.78 0.799887 0.0198871 0.899887 0.9 
153 0.576154 0.78 0.799888 0.0198882 0.899888 0.9 
154 0.570027 0.78 0.799891 0.0198905 0.899891 0.9 
155 0.550899 0.78 0.799894 0.019894 0.899894 0.9 
156 0.515987 0.78 0.799899 0.0198986 0.899899 0.9 
157 0.462251 0.78 0.799904 0.0199044 0.899904 0.9 
158 0.386416 0.78 0.799911 0.0199113 0.899911 0.9 
159 0.285003 0.78 0.799919 0.0199191 0.899919 0.9 
160 0.154371 0.78 0.799928 0.0199278 0.899928 0.9 
161 0 0.78 0.799937 0.0199371 0.899937 0.9 
162 0 0.78 0.800045 0.0200449 0.899937 0.9 
163 0 0.78 0.800358 0.0203577 0.899937 0.9 
164 0 0.78 0.800848 0.0208479 0.899937 0.9 
165 0 0.78 0.801491 0.0214907 0.899937 0.9 
166 0 0.78 0.802264 0.0222643 0.899937 0.9 
167 0 0.78 0.803149 0.0231488 0.899937 0.9 
168 0 0.78 0.804127 0.0241267 0.899937 0.9 
169 0 0.78 0.805182 0.0251822 0.899937 0.9 
170 0 0.78 0.806301 0.0263012 0.899937 0.9 
171 0 0.78 0.807471 0.0274712 0.899937 0.9 
172 0 0.78 0.808681 0.0286809 0.899937 0.9 
173 0 0.78 0.80992 0.0299201 0.899937 0.9 
174 0 0.78 0.81118 0.0311799 0.899937 0.9 
175 0 0.78 0.812452 0.0324521 0.899937 0.9 
176 0 0.78 0.813729 0.0337294 0.899937 0.9 
177 0 0.78 0.815006 0.0350056 0.899937 0.9 
178 0 0.78 0.816275 0.0362747 0.899937 0.9 
179 0 0.78 0.817532 0.0375316 0.899937 0.9 
180 0 0.78 0.818772 0.0387719 0.899937 0.9 
181 0 0.78 0.819992 0.0399916 0.899937 0.9 
182 0 0.78 0.821187 0.0411871 0.899937 0.9 
183 0 0.78 0.822342 0.0423423 0.899937 0.9 
184 0 0.78 0.823498 0.0434979 0.899937 0.9 
185 0 0.78 0.824765 0.0447654 0.899937 0.9 
186 0 0.78 0.826219 0.0462195 0.899937 0.9 
187 0 0.78 0.827906 0.0479057 0.899937 0.9 
188 0 0.78 0.829847 0.0498472 0.899937 0.9 
189 0 0.78 0.83205 0.0520504 0.899937 0.9 
190 0 0.78 0.834511 0.0545108 0.899937 0.9 
191 0 0.78 0.837216 0.0572162 0.899937 0.9 
192 0 0.78 0.84015 0.0601503 0.899937 0.9 
193 0 0.78 0.843295 0.0632948 0.899937 0.9 
194 0 0.78 0.846631 0.0666309 0.899937 0.9 
195 0 0.78 0.850141 0.0701405 0.899937 0.9 
196 0 0.78 0.853807 0.0738068 0.899937 0.9 
197 0 0.78 0.857614 0.0776141 0.899937 0.9 
198 0 0.78 0.861548 0.0815485 0.899937 0.9 
199 0 0.78 0.865597 0.085597 0.899937 0.9 
200 0 0.78 0.869748 0.089748 0.899937 0.9 
201 0 0.78 0.87399 0.0939903 0.899937 0.9 
202 0 0.78 0.878151 0.0981508 0.899937 0.9 
203 0 0.78 0.881926 0.101926 0.899937 0.9 
204 0 0.78 0.885148 0.105148 0.899937 0.9 
205 0 0.78 0.887751 0.107751 0.899937 0.9 
206 0 0.78 0.889741 0.109741 0.899937 0.9 
207 0 0.78 0.891167 0.111167 0.899937 0.9 
208 0 0.78 0.892104 0.112104 0.899937 0.9 
209 0 0.78 0.892639 0.112639 0.899937 0.9 
210 0 0.78 0.89286 0.11286 0.899937 0.9 
211 0 0.78 0.892849 0.112849 0.899937 0.9 
212 0 0.78 0.892675 0.112675 0.899937 0.9 
213 0 0.78 0.892402 0.112402 0.899937 0.9 
214 0 0.78 0.892076 0.112076 0.899937 0.9 
215 0 0.78 0.891736 0.111736 0.899937 0.9 
216 0 0.78 0.89141 0.11141 0.899937 0.9 
217 0 0.78 0.891118 0.111118 0.899937 0.9 
218 0 0.78 0.890873 0.110873 0.899937 0.9 
219 0 0.78 0.890682 0.110682 0.899937 0.9 
220 0 0.78 0.890549 0.110549 0.899937 0.9 
221 0 0.78 0.890475 0.110475 0.899937 0.9 
222 0 0.78 0.890457 0.110457 0.899937 0.9 
223 0 0.78 0.890492 0.110492 0.899937 0.9 
224 0 0.78 0.890575 0.110575 0.899937 0.9 
225 0 0.78 0.890703 0.110703 0.899937 0.9 
226 0 0.78 0.890869 0.110869 0.899937 0.9 
227 0 0.78 0.891068 0.111068 0.899937 0.9 
228 0 0.78 0.891294 0.111294 0.899937 0.9 
229 0 0.78 0.891543 0.111543 0.899937 0.9 
230 0 0.78 0.891808 0.111808 0.899937 0.9 
231 0 0.78 0.892086 0.112086 0.899937 0.9 
232 0 0.78 0.892371 0.112371 0.899937 0.9 
233 0 0.78 0.892659 0.112659 0.899937 0.9 
234 0 0.78 0.892945 0.112945 0.899937 0.9 
235 0 0.78 0.893227 0.113227 0.899937 0.9 
236 0 0.78 0.8935 0.1135 0.899937 0.9 
237 0 0.78 0.893762 0.113762 0.899937 0.9 
238 0 0.78 0.894009 0.114009 0.899937 0.9 
239 0 0.78 0.894238 0.114238 0.899937 0.9 
240 0 0.78 0.894449 0.114449 0.899937 0.9 
241 0 0.78 0.894639 0.114639 0.899937 0.9 
242 0 0.78 0.894806 0.114806 0.899937 0.9 
243 0 0.78 0.894951 0.114951 0.899937 0.9 
244 0 0.78 0.895072 0.115072 0.899937 0.9 
245 0 0.78 0.895169 0.115169 0.899937 0.9 
246 0 0.78 0.895242 0.115242 0.899937 0.9 
247 0 0.78 0.895293 0.115293 0.899937 0.9 
248 0 0.78 0.895321 0.115321 0.899937 0.9 
249 0 0.78 0.895328 0.115328 0.899937 0.9 
250 0 0.78 0.895315 0.115315 0.899937 0.9 
251 0 0.78 0.895283 0.115283 0.899937 0.9 
252 0 0.78 0.895235 0.115235 0.899937 0.9 
253 0 0.78 0.895172 0.115172 0.899937 0.9 
254 0 0.78 0.895095 0.115095 0.899937 0.9 
255 0 0.78 0.895008 0.115008 0.899937 0.9 
256 0 0.78 0.894911 0.114911 0.899937 0.9 
257 0 0.78 0.894807 0.114807 0.899937 0.9 
258 0 0.78 0.894698 0.114698 0.899937 0.9 
259 0 0.78 0.894585 0.114585 0.899937 0.9 
260 0 0.78 0.894471 0.114471 0.899937 0.9 
261 0 0.78 0.894357 0.114357 0.899937 0.9 
262 0 0.78 0.894244 0.114244 0.899937 0.9 
263 0 0.78 0.894134 0.114134 0.899937 0.9 
264 0 0.78 0.894029 0.114029 0.899937 0.9 
265 0 0.78 0.893929 0.113929 0.899937 0.9 
266 0 0.78 0.893835 0.113835 0.899937 0.9 
267 0 0.78 0.893749 0.113749 0.899937 0.9 
268 0 0.78 0.89367 0.11367 0.899937 0.9 
269 0 0.78 0.8936 0.1136 0.899937 0.9 
270 0 0.78 0.893539 0.113539 0.899937 0.9 
271 0 0.78 0.893486 0.113486 0.899937 0.9 
272 0 0.78 0.893443 0.113443 0.899937 0.9 
273 0 0.78 0.893409 0.113409 0.899937 0.9 
274 0 0.78 0.893384 0.113384 0.899937 0.9 
275 0 0.78 0.893367 0.113367 0.899937 0.9 
276 0 0.78 0.893359 0.113359 0.899937 0.9 
277 0 0.78 0.893358 0.113358 0.899937 0.9 
278 0 0.78 0.893365 0.113365 0.899937 0.9 
279 0 0.78 0.893379 0.113379 0.899937 0.9 
280 0 0.78 0.893399 0.113399 0.899937 0.9 
281 0 0.78 0.893424 0.113424 0.899937 0.9 
282 0 0.78 0.893455 0.113455 0.899937 0.9 
283 0 0.78 0.893489 0.113489 0.899937 0.9 
284 0 0.78 0.893527 0.113527 0.899937 0.9 
285 0 0.78 0.893568 0.113568 0.899937 0.9 
286 0 0.78 0.893611 0.113611 0.899937 0.9 
287 0 0.78 0.893655 0.113655 0.899937 0.9 
288 0 0.78 0.893701 0.113701 0.899937 0.9 
289 0 0.78 0.893746 0.113746 0.899937 0.9 
290 0 0.78 0.893791 0.113791 0.899937 0.9 
291 0 0.78 0.893836 0.113836 0.899937 0.9 
292 0 0.78 0.893879 0.113879 0.899937 0.9 
293 0 0.78 0.89392 0.11392 0.899937 0.9 
294 0 0.78 0.893959 0.113959 0.899937 0.9 
295 0 0.78 0.893996 0.113996 0.899937 0.9 
296 0 0.78 0.89403 0.11403 0.899937 0.9 
297 0 0.78 0.894061 0.114061 0.899937 0.9 
298 0 0.78 0.894089 0.114089 0.899937 0.9 
299 0 0.78 0.894114 0.114114 0.899937 0.9 
300 0 0.78 0.894136 0.114136 0.899937 0.9 
