0 0 0.576812 0.635784 0.0589721 0.633073 0.696812 
1 0 0.576812 0.638298 0.0614858 0.633073 0.696812 
2 0 0.576812 0.645954 0.0691422 0.633073 0.696812 
3 0 0.576812 0.65774 0.0809277 0.633073 0.696812 
4 0 0.576812 0.672659 0.0958476 0.633073 0.696812 
5 0 0.576812 0.689608 0.112796 0.633073 0.696812 
6 0 0.576812 0.707432 0.130621 0.633073 0.696812 
7 0 0.576812 0.725054 0.148242 0.633073 0.696812 
8 0 0.576812 0.741571 0.164759 0.633073 0.696812 
9 0 0.576812 0.756318 0.179506 0.633073 0.696812 
10 0 0.576812 0.768882 0.192071 0.633073 0.696812 
11 0 0.576812 0.779082 0.202271 0.633073 0.696812 
12 0 0.576812 0.786921 0.21011 0.633073 0.696812 
13 0 0.576812 0.792538 0.215727 0.633073 0.696812 
14 0 0.576812 0.796156 0.219344 0.633073 0.696812 
15 0 0.576812 0.798037 0.221225 0.633073 0.696812 
16 0 0.576812 0.798451 0.22164 0.633073 0.696812 
17 0 0.576812 0.797651 0.22084 0.633073 0.696812 
18 0 0.576812 0.795858 0.219046 0.633073 0.696812 
19 0 0.576812 0.793252 0.21644 0.633073 0.696812 
20 0 0.576812 0.789977 0.213166 0.633073 0.696812 
21 0 0.576812 0.786139 0.209327 0.633073 0.696812 
22 0 0.576812 0.781809 0.204997 0.633073 0.696812 
23 0 0.576812 0.777038 0.200226 0.633073 0.696812 
24 0 0.576812 0.771854 0.195042 0.633073 0.696812 
25 0 0.576812 0.766276 0.189464 0.633073 0.696812 
26 0 0.576812 0.760316 0.183504 0.633073 0.696812 
27 0 0.576812 0.753985 0.177173 0.633073 0.696812 
28 0 0.576812 0.747298 0.170486 0.633073 0.696812 
29 0 0.576812 0.740273 0.163461 0.633073 0.696812 
30 0 0.576812 0.732937 0.156125 0.633073 0.696812 
31 0 0.576812 0.725322 0.14851 0.633073 0.696812 
32 0 0.576812 0.71747 0.140658 0.633073 0.696812 
33 0 0.576812 0.709429 0.132617 0.633073 0.696812 
34 0 0.576812 0.701251 0.124439 0.633073 0.696812 
35 0 0.576812 0.692993 0.116181 0.633073 0.696812 
36 0 0.576812 0.684714 0.107903 0.633073 0.696812 
37 0 0.576812 0.676475 0.099663 0.633073 0.696812 
38 0 0.576812 0.668333 0.0915208 0.633073 0.696812 
39 0 0.576812 0.660343 0.0835316 0.633073 0.696812 
40 0 0.576812 0.652559 0.0757473 0.633073 0.696812 
41 0 0.576812 0.645027 0.0682146 0.633073 0.696812 
42 0 0.576812 0.637787 0.0609747 0.633073 0.696812 
43 0 0.576812 0.630874 0.0540621 0.633073 0.696812 
44 0 0.576812 0.624317 0.0475047 0.633073 0.696812 
45 0 0.576812 0.618136 0.0413237 0.633073 0.696812 
46 0 0.576812 0.612346 0.0355337 0.633073 0.696812 
47 0 0.576812 0.607232 0.0304198 0.633073 0.696812 
48 0 0.576812 0.603075 0.0262627 0.633073 0.696812 
49 0 0.576812 0.599751 0.022939 0.633073 0.696812 
50 0 0.576812 0.597152 0.02034 0.633073 0.696812 
51 0 0.576812 0.595182 0.0183704 0.633073 0.696812 
52 0 0.576812 0.593758 0.0169463 0.633073 0.696812 
53 0 0.576812 0.592806 0.0159941 0.633073 0.696812 
54 0 0.576812 0.592261 0.015449 0.633073 0.696812 
55 0 0.576812 0.592066 0.0152539 0.633073 0.696812 
56 0 0.576812 0.59217 0.0153584 0.633073 0.696812 
57 0 0.576812 0.59253 0.0157181 0.633073 0.696812 
58 0 0.576812 0.593105 0.0162935 0.633073 0.696812 
59 0 0.576812 0.593862 0.0170498 0.633073 0.696812 
60 0 0.576812 0.594768 0.0179559 0.633073 0.696812 
61 0 0.576812 0.595796 0.0189841 0.633073 0.696812 
62 0 0.576812 0.596922 0.0201099 0.633073 0.696812 
63 0 0.576812 0.598123 0.0213115 0.633073 0.696812 
64 0 0.576812 0.599382 0.0225697 0.633073 0.696812 
65 0 0.576812 0.600679 0.0238675 0.633073 0.696812 
66 0 0.576812 0.602002 0.0251903 0.633073 0.696812 
67 0 0.576812 0.603337 0.0265251 0.633073 0.696812 
68 0 0.576812 0.604673 0.027861 0.633073 0.696812 
69 0 0.576812 0.606001 0.0291887 0.633073 0.696812 
70 0 0.576812 0.607312 0.0305005 0.633073 0.696812 
71 0 0.576812 0.608602 0.0317899 0.633073 0.696812 
72 0 0.576812 0.609864 0.0330518 0.633073 0.696812 
73 0 0.576812 0.611094 0.0342822 0.633073 0.696812 
74 0 0.576812 0.61229 0.0354779 0.633073 0.696812 
75 0 0.576812 0.613449 0.0366367 0.633073 0.696812 
76 0 0.576812 0.614569 0.037757 0.633073 0.696812 
77 0 0.576812 0.61565 0.0388377 0.633073 0.696812 
78 0 0.576812 0.61669 0.0398782 0.633073 0.696812 
79 0 0.576812 0.61769 0.0408786 0.633073 0.696812 
80 0.107014 0.576812 0.617328 0.0405159 0.633073 0.696812 
81 0.241923 0.576812 0.615279 0.0384667 0.633073 0.696812 
82 0.352105 0.576812 0.613134 0.036322 0.633073 0.696812 
83 0.440021 0.576812 0.61092 0.0341082 0.633073 0.696812 
84 0.508066 0.576812 0.60866 0.0318484 0.633073 0.696812 
85 0.558547 0.576812 0.606375 0.0295628 0.633073 0.696812 
86 0.593658 0.576812 0.603171 0.0263595 0.703171 0.696812 
87 0.615468 0.576812 0.59941 0.0225981 0.69941 0.696812 
88 0.625906 0.576812 0.597099 0.0202874 0.697099 0.696812 
89 0.62676 0.576812 0.596252 0.0194406 0.696252 0.696812 
90 0.619665 0.576812 0.596242 0.0194301 0.696242 0.696812 
91 0.60611 0.576812 0.596503 0.0196915 0.696503 0.696812 
92 0.587433 0.576812 0.596736 0.0199245 0.696736 0.696812 
93 0.564828 0.576812 0.596857 0.020045 0.696857 0.696812 
94 0.53935 0.576812 0.596887 0.0200752 0.696887 0.696812 
95 0.511919 0.576812 0.596874 0.0200618 0.696874 0.696812 
96 0.48333 0.576812 0.596851 0.0200389 0.696851 0.696812 
97 0.454261 0.576812 0.596834 0.0200218 0.696834 0.696812 
98 0.425279 0.576812 0.596825 0.0200129 0.696825 0.696812 
99 0.396854 0.576812 0.596822 0.0200096 0.696822 0.696812 
100 0.369362 0.576812 0.596821 0.020009 0.696821 0.696812 
101 0.343101 0.576812 0.596821 0.0200089 0.696821 0.696812 
102 0.318296 0.576812 0.596821 0.0200087 0.696821 0.696812 
103 0.295107 0.576812 0.59682 0.0200082 0.69682 0.696812 
104 0.273642 0.576812 0.59682 0.0200077 0.69682 0.696812 
105 0.253959 0.576812 0.596819 0.0200072 0.696819 0.696812 
106 0.236081 0.576812 0.596819 0.0200068 0.696819 0.696812 
107 0.219997 0.576812 0.596819 0.0200067 0.696819 0.696812 
108 0.205671 0.576812 0.596818 0.0200066 0.696818 0.696812 
109 0.19305 0.576812 0.596819 0.0200066 0.696819 0.696812 
110 0.182066 0.576812 0.596819 0.0200067 0.696819 0.696812 
111 0.172644 0.576812 0.596819 0.0200069 0.696819 0.696812 
112 0.164704 0.576812 0.596819 0.0200072 0.696819 0.696812 
113 0.158168 0.576812 0.596819 0.0200075 0.696819 0.696812 
114 0.15296 0.576812 0.59682 0.0200079 0.69682 0.696812 
115 0.149013 0.576812 0.59682 0.0200083 0.69682 0.696812 
116 0.146267 0.576812 0.596821 0.0200088 0.696821 0.696812 
117 0.144673 0.576812 0.596821 0.0200093 0.696821 0.696812 
118 0.144197 0.576812 0.596822 0.0200098 0.696822 0.696812 
119 0.144815 0.576812 0.596822 0.0200104 0.696822 0.696812 
120 0.146519 0.576812 0.596823 0.0200109 0.696823 0.696812 
121 0.149313 0.576812 0.596823 0.0200114 0.696823 0.696812 
122 0.153217 0.576812 0.596824 0.0200119 0.696824 0.696812 
123 0.158259 0.576812 0.596824 0.0200123 0.696824 0.696812 
124 0.164483 0.576812 0.596825 0.0200127 0.696825 0.696812 
125 0.171937 0.576812 0.596825 0.0200131 0.696825 0.696812 
126 0.180677 0.576812 0.596825 0.0200134 0.696825 0.696812 
127 0.190763 0.576812 0.596826 0.0200136 0.696826 0.696812 
128 0.202252 0.576812 0.596826 0.0200138 0.696826 0.696812 
129 0.215198 0.576812 0.596826 0.020014 0.696826 0.696812 
130 0.229644 0.576812 0.596826 0.0200141 0.696826 0.696812 
131 0.245619 0.576812 0.596826 0.0200142 0.696826 0.696812 
132 0.263129 0.576812 0.596826 0.0200142 0.696826 0.696812 
133 0.282152 0.576812 0.596826 0.0200143 0.696826 0.696812 
134 0.302632 0.576812 0.596826 0.0200143 0.696826 0.696812 
135 0.324467 0.576812 0.596826 0.0200143 0.696826 0.696812 
136 0.347505 0.576812 0.596826 0.0200143 0.696826 0.696812 
137 0.371531 0.576812 0.596826 0.0200142 0.696826 0.696812 
138 0.396261 0.576812 0.596826 0.0200142 0.696826 0.696812 
139 0.421327 0.576812 0.596826 0.0200142 0.696826 0.696812 
140 0.446272 0.576812 0.596826 0.0200142 0.696826 0.696812 
141 0.470537 0.576812 0.596826 0.0200142 0.696826 0.696812 
142 0.49345 0.576812 0.596826 0.0200142 0.696826 0.696812 
143 0.514217 0.576812 0.596826 0.0200142 0.696826 0.696812 
144 0.531911 0.576812 0.596826 0.0200143 0.696826 0.696812 
145 0.545467 0.576812 0.596826 0.0200143 0.696826 0.696812 
146 0.553668 0.576812 0.596826 0.0200144 0.696826 0.696812 
147 0.555144 0.576812 0.596826 0.0200145 0.696826 0.696812 
148 0.548363 0.576812 0.596826 0.0200146 0.696826 0.696812 
149 0.531635 0.576812 0.596827 0.0200147 0.696827 0.696812 
150 0.503108 0.576812 0.596827 0.0200148 0.696827 0.696812 
151 0.460777 0.576812 0.596827 0.0200149 0.696827 0.696812 
152 0.402488 0.576812 0.596827 0.0200151 0.696827 0.696812 
153 0.325959 0.576812 0.596827 0.0200153 0.696827 0.696812 
154 0.228796 0.576812 0.596827 0.0200155 0.696827 0.696812 
155 0.108522 0.576812 0.596828 0.0200158 0.696828 0.696812 
156 0 0.576812 0.596828 0.0200161 0.696828 0.696812 
157 0 0.576812 0.596937 0.0201255 0.696828 0.696812 
158 0 0.576812 0.597273 0.0204609 0.696828 0.696812 
159 0 0.576812 0.597798 0.0209866 0.696828 0.696812 
160 0 0.576812 0.598483 0.0216713 0.696828 0.696812 
161 0 0.576812 0.599299 0.0224873 0.696828 0.696812 
162 0 0.576812 0.600222 0.0234102 0.696828 0.696812 
163 0 0.576812 0.601231 0.0244186 0.696828 0.696812 
164 0 0.576812 0.602306 0.0254937 0.696828 0.696812 
165 0 0.576812 0.603431 0.0266191 0.696828 0.696812 
166 0 0.576812 0.604593 0.0277807 0.696828 0.696812 
167 0 0.576812 0.605778 0.0289661 0.696828 0.696812 
168 0 0.576812 0.606977 0.0301648 0.696828 0.696812 
169 0 0.576812 0.60818 0.0313679 0.696828 0.696812 
170 0 0.576812 0.60938 0.0325677 0.696828 0.696812 
171 0 0.576812 0.61057 0.0337578 0.696828 0.696812 
172 0 0.576812 0.611745 0.0349328 0.696828 0.696812 
173 0 0.576812 0.6129 0.0360885 0.696828 0.696812 
174 0 0.576812 0.614033 0.0372212 0.696828 0.696812 
175 0 0.576812 0.61514 0.0383281 0.696828 0.696812 
176 0 0.576812 0.616219 0.039407 0.696828 0.696812 
177 0 0.576812 0.617268 0.0404565 0.696828 0.696812 
178 0 0.576812 0.618355 0.0415429 0.696828 0.696812 
179 0 0.576812 0.619565 0.042753 0.696828 0.696812 
180 0 0.576812 0.620906 0.0440938 0.696828 0.696812 
181 0 0.576812 0.62238 0.0455682 0.696828 0.696812 
182 0 0.576812 0.623988 0.0471762 0.696828 0.696812 
183 0 0.576812 0.625728 0.0489161 0.696828 0.696812 
184 0 0.576812 0.627597 0.0507856 0.696828 0.696812 
185 0 0.576812 0.629594 0.0527821 0.696828 0.696812 
186 0 0.576812 0.631715 0.0549032 0.696828 0.696812 
187 0 0.576812 0.633959 0.0571468 0.696828 0.696812 
188 0 0.576812 0.636323 0.0595112 0.696828 0.696812 
189 0 0.576812 0.638807 0.0619949 0.696828 0.696812 
190 0 0.576812 0.641408 0.0645966 0.696828 0.696812 
191 0 0.576812 0.644127 0.0673151 0.696828 0.696812 
192 0 0.576812 0.646961 0.070149 0.696828 0.696812 
193 0 0.576812 0.649909 0.0730969 0.696828 0.696812 
194 0 0.576812 0.652968 0.0761566 0.696828 0.696812 
195 0 0.576812 0.656138 0.0793258 0.696828 0.696812 
196 0 0.576812 0.659413 0.0826014 0.696828 0.696812 
197 0 0.576812 0.662792 0.0859797 0.696828 0.696812 
198 0 0.576812 0.666268 0.0894564 0.696828 0.696812 
199 0 0.576812 0.669838 0.0930263 0.696828 0.696812 
200 0 0.576812 0.673496 0.0966837 0.696828 0.696812 
201 0 0.576812 0.677234 0.100422 0.696828 0.696812 
202 0 0.576812 0.680918 0.104106 0.696828 0.696812 
203 0 0.576812 0.684306 0.107494 0.696828 0.696812 
204 0 0.576812 0.687257 0.110445 0.696828 0.696812 
205 0 0.576812 0.689707 0.112895 0.696828 0.696812 
206 0 0.576812 0.691651 0.114839 0.696828 0.696812 
207 0 0.576812 0.69312 0.116308 0.696828 0.696812 
208 0 0.576812 0.694169 0.117357 0.696828 0.696812 
209 0 0.576812 0.694866 0.118054 0.696828 0.696812 
210 0 0.576812 0.695281 0.11847 0.696828 0.696812 
211 0 0.576812 0.695483 0.118672 0.696828 0.696812 
212 0 0.576812 0.695532 0.118721 0.696828 0.696812 
213 0 0.576812 0.695481 0.118669 0.696828 0.696812 
214 0 0.576812 0.695371 0.118559 0.696828 0.696812 
215 0 0.576812 0.695236 0.118424 0.696828 0.696812 
216 0 0.576812 0.6951 0.118288 0.696828 0.696812 
217 0 0.576812 0.69498 0.118168 0.696828 0.696812 
218 0 0.576812 0.694886 0.118074 0.696828 0.696812 
219 0 0.576812 0.694823 0.118011 0.696828 0.696812 
220 0 0.576812 0.694793 0.117981 0.696828 0.696812 
221 0 0.576812 0.694794 0.117982 0.696828 0.696812 
222 0 0.576812 0.694824 0.118012 0.696828 0.696812 
223 0 0.576812 0.694877 0.118065 0.696828 0.696812 
224 0 0.576812 0.694948 0.118136 0.696828 0.696812 
225 0 0.576812 0.695033 0.118221 0.696828 0.696812 
226 0 0.576812 0.695127 0.118315 0.696828 0.696812 
227 0 0.576812 0.695224 0.118412 0.696828 0.696812 
228 0 0.576812 0.695322 0.11851 0.696828 0.696812 
229 0 0.576812 0.695417 0.118605 0.696828 0.696812 
230 0 0.576812 0.695507 0.118695 0.696828 0.696812 
231 0 0.576812 0.695588 0.118776 0.696828 0.696812 
232 0 0.576812 0.69566 0.118849 0.696828 0.696812 
233 0 0.576812 0.695723 0.118911 0.696828 0.696812 
234 0 0.576812 0.695774 0.118962 0.696828 0.696812 
235 0 0.576812 0.695815 0.119003 0.696828 0.696812 
236 0 0.576812 0.695845 0.119034 0.696828 0.696812 
237 0 0.576812 0.695865 0.119054 0.696828 0.696812 
238 0 0.576812 0.695876 0.119064 0.696828 0.696812 
239 0 0.576812 0.695877 0.119066 0.696828 0.696812 
240 0 0.576812 0.695871 0.119059 0.696828 0.696812 
241 0 0.576812 0.695858 0.119046 0.696828 0.696812 
242 0 0.576812 0.695838 0.119026 0.696828 0.696812 
243 0 0.576812 0.695814 0.119002 0.696828 0.696812 
244 0 0.576812 0.695785 0.118973 0.696828 0.696812 
245 0 0.576812 0.695753 0.118941 0.696828 0.696812 
246 0 0.576812 0.695719 0.118907 0.696828 0.696812 
247 0 0.576812 0.695684 0.118872 0.696828 0.696812 
248 0 0.576812 0.695648 0.118836 0.696828 0.696812 
249 0 0.576812 0.695612 0.1188 0.696828 0.696812 
250 0 0.576812 0.695577 0.118765 0.696828 0.696812 
251 0 0.576812 0.695543 0.118731 0.696828 0.696812 
252 0 0.576812 0.695511 0.118699 0.696828 0.696812 
253 0 0.576812 0.695481 0.118669 0.696828 0.696812 
254 0 0.576812 0.695454 0.118642 0.696828 0.696812 
255 0 0.576812 0.69543 0.118618 0.696828 0.696812 
256 0 0.576812 0.695408 0.118597 0.696828 0.696812 
257 0 0.576812 0.69539 0.118578 0.696828 0.696812 
258 0 0.576812 0.695375 0.118563 0.696828 0.696812 
259 0 0.576812 0.695363 0.118552 0.696828 0.696812 
260 0 0.576812 0.695355 0.118543 0.696828 0.696812 
261 0 0.576812 0.695349 0.118537 0.696828 0.696812 
262 0 0.576812 0.695346 0.118534 0.696828 0.696812 
263 0 0.576812 0.695346 0.118534 0.696828 0.696812 
264 0 0.576812 0.695348 0.118536 0.696828 0.696812 
265 0 0.576812 0.695352 0.11854 0.696828 0.696812 
266 0 0.576812 0.695358 0.118546 0.696828 0.696812 
267 0 0.576812 0.695365 0.118554 0.696828 0.696812 
268 0 0.576812 0.695374 0.118563 0.696828 0.696812 
269 0 0.576812 0.695384 0.118573 0.696828 0.696812 
270 0 0.576812 0.695395 0.118583 0.696828 0.696812 
271 0 0.576812 0.695407 0.118595 0.696828 0.696812 
272 0 0.576812 0.695418 0.118606 0.696828 0.696812 
273 0 0.576812 0.69543 0.118618 0.696828 0.696812 
274 0 0.576812 0.695441 0.118629 0.696828 0.696812 
275 0 0.576812 0.695452 0.11864 0.696828 0.696812 
276 0 0.576812 0.695462 0.118651 0.696828 0.696812 
277 0 0.576812 0.695472 0.11866 0.696828 0.696812 
278 0 0.576812 0.695481 0.118669 0.696828 0.696812 
279 0 0.576812 0.695489 0.118678 0.696828 0.696812 
280 0 0.576812 0.695497 0.118685 0.696828 0.696812 
281 0 0.576812 0.695503 0.118691 0.696828 0.696812 
282 0 0.576812 0.695508 0.118696 0.696828 0.696812 
283 0 0.576812 0.695512 0.1187 0.696828 0.696812 
284 0 0.576812 0.695515 0.118703 0.696828 0.696812 
285 0 0.576812 0.695517 0.118705 0.696828 0.696812 
286 0 0.576812 0.695518 0.118706 0.696828 0.696812 
287 0 0.576812 0.695519 0.118707 0.696828 0.696812 
288 0 0.576812 0.695518 0.118706 0.696828 0.696812 
289 0 0.576812 0.695517 0.118705 0.696828 0.696812 
290 0 0.576812 0.695515 0.118703 0.696828 0.696812 
291 0 0.576812 0.695513 0.118701 0.696828 0.696812 
292 0 0.576812 0.69551 0.118698 0.696828 0.696812 
293 0 0.576812 0.695506 0.118695 0.696828 0.696812 
294 0 0.576812 0.695503 0.118691 0.696828 0.696812 
295 0 0.576812 0.695499 0.118687 0.696828 0.696812 
296 0 0.576812 0.695495 0.118683 0.696828 0.696812 
297 0 0.576812 0.695491 0.118679 0.696828 0.696812 
298 0 0.576812 0.695487 0.118675 0.696828 0.696812 
299 0 0.576812 0.695484 0.118672 0.696828 0.696812 
300 0 0.576812 0.69548 0.118668 0.696828 0.696812 
