0 0 0.587433 0.69548 0.108047 0.696828 0.707433 
1 0 0.587433 0.698335 0.110902 0.696828 0.707433 
2 0 0.587433 0.70694 0.119507 0.696828 0.707433 
3 0 0.587433 0.719975 0.132542 0.696828 0.707433 
4 0 0.587433 0.736205 0.148772 0.696828 0.707433 
5 0 0.587433 0.754345 0.166912 0.696828 0.707433 
6 0 0.587433 0.773121 0.185688 0.696828 0.707433 
7 0 0.587433 0.791382 0.203949 0.696828 0.707433 
8 0 0.587433 0.808198 0.220765 0.696828 0.707433 
9 0 0.587433 0.822909 0.235476 0.696828 0.707433 
10 0 0.587433 0.835134 0.247702 0.696828 0.707433 
11 0 0.587433 0.844738 0.257305 0.696828 0.707433 
12 0 0.587433 0.85178 0.264347 0.696828 0.707433 
13 0 0.587433 0.856459 0.269026 0.696828 0.707433 
14 0 0.587433 0.859055 0.271622 0.696828 0.707433 
15 0 0.587433 0.859888 0.272455 0.696828 0.707433 
16 0 0.587433 0.859277 0.271844 0.696828 0.707433 
17 0 0.587433 0.857516 0.270083 0.696828 0.707433 
18 0 0.587433 0.854861 0.267429 0.696828 0.707433 
19 0 0.587433 0.851522 0.264089 0.696828 0.707433 
20 0 0.587433 0.847659 0.260227 0.696828 0.707433 
21 0 0.587433 0.843389 0.255957 0.696828 0.707433 
22 0 0.587433 0.83879 0.251357 0.696828 0.707433 
23 0 0.587433 0.833906 0.246473 0.696828 0.707433 
24 0 0.587433 0.82876 0.241327 0.696828 0.707433 
25 0 0.587433 0.823356 0.235924 0.696828 0.707433 
26 0 0.587433 0.817691 0.230258 0.696828 0.707433 
27 0 0.587433 0.811753 0.22432 0.696828 0.707433 
28 0 0.587433 0.805535 0.218103 0.696828 0.707433 
29 0 0.587433 0.799033 0.2116 0.696828 0.707433 
30 0 0.587433 0.792247 0.204814 0.696828 0.707433 
31 0 0.587433 0.785187 0.197754 0.696828 0.707433 
32 0 0.587433 0.777873 0.19044 0.696828 0.707433 
33 0 0.587433 0.770331 0.182898 0.696828 0.707433 
34 0 0.587433 0.762598 0.175165 0.696828 0.707433 
35 0 0.587433 0.754717 0.167284 0.696828 0.707433 
36 0 0.587433 0.746735 0.159303 0.696828 0.707433 
37 0 0.587433 0.738707 0.151274 0.696828 0.707433 
38 0 0.587433 0.730687 0.143255 0.696828 0.707433 
39 0 0.587433 0.722732 0.135299 0.696828 0.707433 
40 0 0.587433 0.714897 0.127464 0.696828 0.707433 
41 0 0.587433 0.707234 0.119801 0.696828 0.707433 
42 0 0.587433 0.699793 0.11236 0.696828 0.707433 
43 0 0.587433 0.692618 0.105185 0.696828 0.707433 
44 0 0.587433 0.685748 0.0983152 0.696828 0.707433 
45 0 0.587433 0.679216 0.0917833 0.696828 0.707433 
46 0 0.587433 0.673048 0.0856153 0.696828 0.707433 
47 0 0.587433 0.667263 0.0798306 0.696828 0.707433 
48 0 0.587433 0.661875 0.074442 0.696828 0.707433 
49 0 0.587433 0.656889 0.0694559 0.696828 0.707433 
50 0 0.587433 0.652305 0.0648725 0.696828 0.707433 
51 0 0.587433 0.648119 0.0606865 0.696828 0.707433 
52 0 0.587433 0.644321 0.0568878 0.696828 0.707433 
53 0 0.587433 0.640894 0.0534616 0.696828 0.707433 
54 0 0.587433 0.637822 0.0503895 0.696828 0.707433 
55 0 0.587433 0.635083 0.0476501 0.696828 0.707433 
56 0 0.587433 0.632652 0.0452192 0.696828 0.707433 
57 0 0.587433 0.630504 0.0430711 0.696828 0.707433 
58 0 0.587433 0.628612 0.0411787 0.696828 0.707433 
59 0 0.587433 0.626947 0.0395142 0.696828 0.707433 
60 0 0.587433 0.625566 0.0381336 0.696828 0.707433 
61 0 0.587433 0.624534 0.0371009 0.696828 0.707433 
62 0 0.587433 0.623801 0.0363678 0.696828 0.707433 
63 0 0.587433 0.623325 0.0358922 0.696828 0.707433 
64 0 0.587433 0.62307 0.0356368 0.696828 0.707433 
65 0 0.587433 0.623002 0.0355688 0.696828 0.707433 
66 0 0.587433 0.623092 0.0356596 0.696828 0.707433 
67 0 0.587433 0.623317 0.0358838 0.696828 0.707433 
68 0 0.587433 0.623652 0.0362195 0.696828 0.707433 
69 0 0.587433 0.62408 0.0366472 0.696828 0.707433 
70 0 0.587433 0.624583 0.0371501 0.696828 0.707433 
