[ <2 201 7> 
  -0.000254732 -0.999979 -1.00026 1.99972 -0.999992 0.000179831 1.02965e-05
  -0.000748678 -0.999935 -1.00076 1.99918 -0.999976 0.000528616 3.02852e-05
  -0.00146677 -0.999869 -1.00148 1.99839 -0.999952 0.00103579 5.9384e-05
  -0.00239437 -0.999779 -1.00243 1.99737 -0.999922 0.0016911 9.70322e-05
  -0.00351732 -0.999665 -1.00357 1.99613 -0.999886 0.00248461 0.000142691
  -0.00482186 -0.999526 -1.0049 1.99469 -0.999844 0.00340668 0.000195842
  -0.0062947 -0.999362 -1.00641 1.99305 -0.999797 0.00444799 0.000255988
  -0.00792298 -0.999171 -1.00808 1.99124 -0.999745 0.00559951 0.000322654
  -0.00969426 -0.998954 -1.0099 1.98927 -0.999689 0.00685253 0.000395384
  -0.0115965 -0.99871 -1.01186 1.98714 -0.999629 0.00819863 0.000473741
  -0.0136182 -0.998438 -1.01396 1.98487 -0.999565 0.00962967 0.00055731
  -0.0157481 -0.998139 -1.01617 1.98247 -0.999499 0.0111378 0.000645694
  -0.0179755 -0.997811 -1.01849 1.97996 -0.999429 0.0127155 0.000738513
  -0.0202899 -0.997454 -1.02091 1.97733 -0.999358 0.0143555 0.000835408
  -0.0226816 -0.997068 -1.02342 1.97462 -0.999284 0.0160508 0.000936035
  -0.0251407 -0.996652 -1.02601 1.97181 -0.999209 0.0177947 0.00104007
  -0.0276583 -0.996207 -1.02867 1.96893 -0.999132 0.0195806 0.0011472
  -0.0302253 -0.995732 -1.0314 1.96598 -0.999055 0.0214026 0.00125714
  -0.0328335 -0.995226 -1.03418 1.96297 -0.998976 0.0232545 0.0013696
  -0.0354747 -0.99469 -1.03701 1.95991 -0.998897 0.0251307 0.00148433
  -0.0381412 -0.994123 -1.03988 1.95681 -0.998818 0.0270259 0.00160108
  -0.0408255 -0.993525 -1.04279 1.95368 -0.998739 0.0289348 0.00171961
  -0.0435207 -0.992896 -1.04572 1.95052 -0.99866 0.0308524 0.0018397
  -0.04622 -0.992236 -1.04868 1.94734 -0.998582 0.0327741 0.00196114
  -0.048917 -0.991545 -1.05165 1.94415 -0.998504 0.0346953 0.00208374
  -0.0516057 -0.990822 -1.05463 1.94095 -0.998427 0.0366118 0.00220732
  -0.0542802 -0.990067 -1.05761 1.93775 -0.998352 0.0385195 0.00233169
  -0.0569351 -0.989281 -1.06059 1.93456 -0.998277 0.0404146 0.00245671
  -0.0595651 -0.988464 -1.06356 1.93138 -0.998204 0.0422935 0.00258221
  -0.0621655 -0.987614 -1.06653 1.92822 -0.998133 0.0441526 0.00270806
  -0.0647316 -0.986733 -1.06948 1.92508 -0.998063 0.0459888 0.00283412
  -0.067259 -0.985821 -1.07241 1.92197 -0.997995 0.047799 0.00296027
  -0.0697436 -0.984876 -1.07531 1.91889 -0.997929 0.0495804 0.0030864
  -0.0721817 -0.9839 -1.07819 1.91584 -0.997865 0.0513302 0.00321239
  -0.0745696 -0.982892 -1.08104 1.91284 -0.997803 0.0530459 0.00333815
  -0.076904 -0.981853 -1.08386 1.90988 -0.997743 0.0547252 0.00346359
  -0.0791818 -0.980782 -1.08664 1.90696 -0.997686 0.0563659 0.00358861
  -0.0814001 -0.979679 -1.08938 1.9041 -0.997632 0.0579661 0.00371315
  -0.0835563 -0.978545 -1.09208 1.90129 -0.99758 0.0595237 0.00383713
  -0.0856479 -0.97738 -1.09473 1.89853 -0.99753 0.0610372 0.00396048
  -0.0876728 -0.976184 -1.09734 1.89584 -0.997483 0.0625051 0.00408314
  -0.0896289 -0.974956 -1.0999 1.8932 -0.997439 0.0639257 0.00420506
  -0.0915144 -0.973697 -1.10241 1.89063 -0.997398 0.065298 0.00432618
  -0.0933278 -0.972408 -1.10487 1.88812 -0.99736 0.0666208 0.00444646
  -0.0950675 -0.971087 -1.10727 1.88568 -0.997324 0.0678931 0.00456586
  -0.0967324 -0.969737 -1.10962 1.88331 -0.997291 0.069114 0.00468433
  -0.0983213 -0.968355 -1.11192 1.881 -0.997262 0.0702828 0.00480185
  -0.0998335 -0.966943 -1.11416 1.87877 -0.997235 0.0713989 0.00491839
  -0.101268 -0.965501 -1.11634 1.8766 -0.997211 0.0724618 0.00503391
  -0.102625 -0.964029 -1.11847 1.87451 -0.997191 0.0734712 0.00514839
  -0.103903 -0.962528 -1.12054 1.87249 -0.997173 0.0744267 0.00526181
  -0.105103 -0.960996 -1.12255 1.87054 -0.997159 0.0753282 0.00537416
  -0.106223 -0.959435 -1.1245 1.86867 -0.997147 0.0761758 0.00548543
  -0.107266 -0.957845 -1.12639 1.86686 -0.997139 0.0769695 0.00559558
  -0.10823 -0.956226 -1.12822 1.86513 -0.997133 0.0777094 0.00570463
  -0.109116 -0.954578 -1.13 1.86347 -0.997131 0.0783959 0.00581255
  -0.109924 -0.952902 -1.13172 1.86188 -0.997132 0.0790294 0.00591935
  -0.110656 -0.951197 -1.13338 1.86036 -0.997136 0.0796104 0.00602502
  -0.111312 -0.949464 -1.13498 1.85891 -0.997143 0.0801394 0.00612955
  -0.111893 -0.947703 -1.13653 1.85753 -0.997153 0.0806172 0.00623296
  -0.1124 -0.945914 -1.13803 1.85621 -0.997166 0.0810445 0.00633522
  -0.112835 -0.944098 -1.13947 1.85497 -0.997182 0.0814223 0.00643636
  -0.113198 -0.942255 -1.14085 1.85378 -0.997201 0.0817514 0.00653637
  -0.113491 -0.940385 -1.14219 1.85266 -0.997223 0.0820331 0.00663526
  -0.113716 -0.938488 -1.14347 1.85159 -0.997248 0.0822683 0.00673303
  -0.113874 -0.936566 -1.14471 1.85059 -0.997276 0.0824584 0.0068297
  -0.113968 -0.934617 -1.1459 1.84964 -0.997306 0.0826048 0.00692526
  -0.113999 -0.932642 -1.14705 1.84875 -0.99734 0.0827088 0.00701973
  -0.11397 -0.930642 -1.14815 1.84791 -0.997376 0.0827719 0.00711312
  -0.113882 -0.928618 -1.14921 1.84711 -0.997416 0.0827957 0.00720544
  -0.113738 -0.926568 -1.15022 1.84637 -0.997458 0.082782 0.00729669
  -0.11354 -0.924494 -1.15121 1.84566 -0.997503 0.0827325 0.0073869
  -0.113292 -0.922396 -1.15215 1.845 -0.99755 0.0826491 0.00747606
  -0.112995 -0.920274 -1.15306 1.84437 -0.9976 0.0825336 0.0075642
  -0.112652 -0.91813 -1.15395 1.84378 -0.997653 0.0823882 0.00765133
  -0.112267 -0.915962 -1.1548 1.84322 -0.997708 0.082215 0.00773746
  -0.111843 -0.913772 -1.15563 1.84268 -0.997766 0.0820164 0.00782259
  -0.111383 -0.911559 -1.15644 1.84216 -0.997827 0.0817948 0.00790676
  -0.11089 -0.909325 -1.15722 1.84167 -0.99789 0.0815526 0.00798997
  -0.110368 -0.90707 -1.15799 1.84119 -0.997955 0.0812922 0.00807223
  -0.10982 -0.904794 -1.15875 1.84072 -0.998023 0.0810159 0.00815356
  -0.109248 -0.902498 -1.15949 1.84025 -0.998093 0.0807257 0.00823396
  -0.108656 -0.900181 -1.16023 1.83979 -0.998165 0.0804238 0.00831347
  -0.108046 -0.897845 -1.16096 1.83933 -0.99824 0.0801119 0.00839208
  -0.107421 -0.895489 -1.16168 1.83887 -0.998317 0.0797917 0.00846982
  -0.106783 -0.893114 -1.16241 1.83841 -0.998396 0.0794649 0.0085467
  -0.106132 -0.89072 -1.16313 1.83793 -0.998478 0.0791326 0.00862274
  -0.105473 -0.888308 -1.16385 1.83745 -0.998561 0.0787962 0.00869795
  -0.104804 -0.885877 -1.16457 1.83696 -0.998647 0.0784567 0.00877236
  -0.104129 -0.883428 -1.16529 1.83646 -0.998734 0.0781148 0.00884598
  -0.103448 -0.88096 -1.16602 1.83595 -0.998824 0.0777715 0.00891884
  -0.102761 -0.878475 -1.16676 1.83542 -0.998916 0.0774273 0.00899095
  -0.10207 -0.875971 -1.16749 1.83488 -0.999009 0.0770826 0.00906235
  -0.101375 -0.87345 -1.16824 1.83432 -0.999105 0.0767379 0.00913306
  -0.100677 -0.870912 -1.16899 1.83375 -0.999202 0.0763934 0.0092031
  -0.0999762 -0.868355 -1.16974 1.83317 -0.999301 0.0760494 0.00927249
  -0.0992722 -0.865781 -1.1705 1.83256 -0.999402 0.0757059 0.00934128
  -0.0985656 -0.863189 -1.17127 1.83195 -0.999505 0.0753631 0.00940948
  -0.0978564 -0.860579 -1.17204 1.83132 -0.99961 0.0750209 0.00947712
  -0.0971447 -0.857952 -1.17283 1.83067 -0.999716 0.0746792 0.00954425
  -0.0964304 -0.855307 -1.17361 1.83001 -0.999824 0.0743381 0.00961087
  -0.0957135 -0.852644 -1.17441 1.82934 -0.999933 0.0739975 0.00967703
  -0.0949939 -0.849964 -1.17521 1.82865 -1.00004 0.0736571 0.00974276
  -0.0942715 -0.847266 -1.17602 1.82795 -1.00016 0.073317 0.00980809
  -0.0935462 -0.84455 -1.17683 1.82724 -1.00027 0.0729769 0.00987305
  -0.0928179 -0.841817 -1.17765 1.82651 -1.00039 0.0726367 0.00993767
  -0.0920865 -0.839065 -1.17848 1.82577 -1.0005 0.0722963 0.010002
  -0.0913519 -0.836296 -1.17931 1.82502 -1.00062 0.0719556 0.010066
  -0.090614 -0.833509 -1.18015 1.82426 -1.00074 0.0716144 0.0101298
  -0.0898727 -0.830704 -1.18099 1.82349 -1.00086 0.0712726 0.0101934
  -0.089128 -0.827882 -1.18184 1.82271 -1.00099 0.0709303 0.0102568
  -0.0883799 -0.825041 -1.1827 1.82192 -1.00111 0.0705871 0.0103201
  -0.0876284 -0.822183 -1.18357 1.82112 -1.00123 0.0702432 0.0103832
  -0.0868734 -0.819306 -1.18444 1.82031 -1.00136 0.0698985 0.0104462
  -0.0861151 -0.816412 -1.18531 1.81949 -1.00149 0.069553 0.0105092
  -0.0853534 -0.8135 -1.18619 1.81866 -1.00161 0.0692066 0.0105722
  -0.0845886 -0.81057 -1.18708 1.81782 -1.00174 0.0688594 0.0106351
  -0.0838207 -0.807622 -1.18798 1.81697 -1.00187 0.0685114 0.010698
  -0.0830498 -0.804657 -1.18888 1.81611 -1.00201 0.0681627 0.010761
  -0.0822763 -0.801673 -1.18979 1.81524 -1.00214 0.0678135 0.0108241
  -0.0815002 -0.798672 -1.19071 1.81437 -1.00227 0.0674637 0.0108873
  -0.0807218 -0.795654 -1.19163 1.81348 -1.0024 0.0671135 0.0109506
  -0.0799414 -0.792617 -1.19256 1.81259 -1.00254 0.0667631 0.011014
  -0.0791593 -0.789564 -1.1935 1.81169 -1.00267 0.0664126 0.0110776
  -0.0783757 -0.786492 -1.19445 1.81077 -1.00281 0.0660623 0.0111414
  -0.0775911 -0.783404 -1.1954 1.80985 -1.00295 0.0657122 0.0112054
  -0.0768056 -0.780298 -1.19636 1.80892 -1.00308 0.0653627 0.0112697
  -0.0760197 -0.777174 -1.19734 1.80798 -1.00322 0.0650138 0.0113342
  -0.0752338 -0.774034 -1.19832 1.80703 -1.00336 0.064666 0.011399
  -0.0744482 -0.770877 -1.19931 1.80606 -1.0035 0.0643194 0.011464
  -0.0736634 -0.767702 -1.20031 1.80509 -1.00364 0.0639741 0.0115294
  -0.0728795 -0.764511 -1.20132 1.80411 -1.00378 0.0636306 0.0115952
  -0.0720972 -0.761303 -1.20234 1.80311 -1.00392 0.0632889 0.0116613
  -0.0713166 -0.758078 -1.20337 1.80211 -1.00407 0.0629494 0.0117278
  -0.0705381 -0.754836 -1.20442 1.80109 -1.00421 0.0626121 0.0117947
  -0.0697619 -0.751578 -1.20547 1.80006 -1.00435 0.0622772 0.011862
  -0.0689884 -0.748303 -1.20653 1.79902 -1.00449 0.0619449 0.0119298
  -0.0682175 -0.745012 -1.20761 1.79796 -1.00464 0.0616152 0.011998
  -0.0674496 -0.741704 -1.2087 1.7969 -1.00478 0.0612882 0.0120668
  -0.0666845 -0.738379 -1.2098 1.79582 -1.00493 0.0609637 0.0121362
  -0.0659221 -0.735038 -1.21091 1.79474 -1.00507 0.0606417 0.0122061
  -0.0651623 -0.73168 -1.21204 1.79364 -1.00521 0.0603219 0.0122766
  -0.0644047 -0.728306 -1.21317 1.79253 -1.00536 0.0600041 0.0123478
  -0.0636488 -0.724914 -1.21432 1.79142 -1.0055 0.0596876 0.0124198
  -0.062894 -0.721505 -1.21547 1.7903 -1.00565 0.0593721 0.0124925
  -0.0621395 -0.718078 -1.21664 1.78917 -1.00579 0.0590568 0.0125661
  -0.0613842 -0.714633 -1.21782 1.78804 -1.00594 0.0587408 0.0126406
  -0.0606269 -0.71117 -1.219 1.7869 -1.00608 0.0584232 0.0127162
  -0.0598662 -0.707689 -1.22019 1.78577 -1.00622 0.0581027 0.0127928
  -0.0591005 -0.704187 -1.22139 1.78464 -1.00637 0.057778 0.0128706
  -0.058328 -0.700666 -1.2226 1.78351 -1.00651 0.0574476 0.0129498
  -0.0575465 -0.697123 -1.2238 1.7824 -1.00665 0.0571099 0.0130303
  -0.0567539 -0.693559 -1.22501 1.7813 -1.00679 0.0567629 0.0131125
  -0.0559477 -0.689973 -1.22622 1.78021 -1.00694 0.0564047 0.0131963
  -0.0551254 -0.686363 -1.22743 1.77914 -1.00707 0.0560333 0.013282
  -0.0542842 -0.682728 -1.22863 1.7781 -1.00721 0.0556464 0.0133697
  -0.0534214 -0.679069 -1.22983 1.77709 -1.00735 0.0552418 0.0134595
  -0.0525343 -0.675382 -1.23102 1.77611 -1.00749 0.0548174 0.0135516
  -0.0516202 -0.671669 -1.23221 1.77517 -1.00762 0.0543709 0.0136461
  -0.0506767 -0.667927 -1.23338 1.77426 -1.00775 0.0539003 0.0137433
  -0.0497016 -0.664156 -1.23454 1.77341 -1.00788 0.0534039 0.0138431
  -0.0486928 -0.660355 -1.23569 1.7726 -1.00801 0.0528801 0.0139458
  -0.0476485 -0.656524 -1.23682 1.77184 -1.00814 0.0523271 0.0140514
  -0.0465668 -0.652662 -1.23793 1.77113 -1.00826 0.0517437 0.01416
  -0.045446 -0.648768 -1.23903 1.77048 -1.00838 0.0511283 0.0142718
  -0.0442846 -0.644843 -1.2401 1.76989 -1.0085 0.0504796 0.0143867
  -0.0430811 -0.640885 -1.24116 1.76936 -1.00862 0.0497966 0.014505
  -0.0418341 -0.636894 -1.2422 1.7689 -1.00874 0.0490781 0.0146267
  -0.0405425 -0.632869 -1.24321 1.7685 -1.00885 0.0483232 0.0147518
  -0.0392052 -0.628812 -1.24421 1.76816 -1.00896 0.0475308 0.0148804
  -0.0378213 -0.62472 -1.24518 1.7679 -1.00906 0.0467003 0.0150126
  -0.0363898 -0.620594 -1.24612 1.7677 -1.00917 0.0458309 0.0151484
  -0.0349101 -0.616435 -1.24704 1.76757 -1.00927 0.0449221 0.0152878
  -0.0333817 -0.612241 -1.24794 1.76752 -1.00937 0.0439734 0.015431
  -0.0318041 -0.608013 -1.24881 1.76754 -1.00946 0.0429844 0.0155778
  -0.0301769 -0.603752 -1.24965 1.76763 -1.00956 0.0419548 0.0157283
  -0.0285001 -0.599456 -1.25047 1.7678 -1.00965 0.0408846 0.0158826
  -0.0267736 -0.595127 -1.25126 1.76804 -1.00973 0.0397737 0.0160405
  -0.0249975 -0.590765 -1.25203 1.76836 -1.00982 0.0386221 0.0162022
  -0.023172 -0.58637 -1.25277 1.76874 -1.0099 0.0374301 0.0163675
  -0.0212977 -0.581942 -1.25349 1.76921 -1.00998 0.036198 0.0165365
  -0.019375 -0.577482 -1.25417 1.76974 -1.01005 0.0349263 0.016709
  -0.0174046 -0.572991 -1.25484 1.77035 -1.01012 0.0336154 0.0168851
  -0.0153874 -0.568469 -1.25547 1.77102 -1.01019 0.0322662 0.0170647
  -0.0133245 -0.563918 -1.25609 1.77176 -1.01026 0.0308793 0.0172477
  -0.011217 -0.559337 -1.25668 1.77258 -1.01033 0.0294559 0.0174339
  -0.00906628 -0.554729 -1.25724 1.77345 -1.01039 0.027997 0.0176234
  -0.00687385 -0.550093 -1.25778 1.77439 -1.01045 0.0265037 0.017816
  -0.00464141 -0.545432 -1.25831 1.77539 -1.0105 0.0249776 0.0180115
  -0.00237084 -0.540746 -1.25881 1.77645 -1.01056 0.0234202 0.0182099
  -6.4204e-05 -0.536037 -1.25929 1.77756 -1.01061 0.0218331 0.018411
  0.00227625 -0.531307 -1.25975 1.77872 -1.01066 0.0202182 0.0186146
  0.00464809 -0.526556 -1.26019 1.77993 -1.01071 0.0185774 0.0188205
  0.00704868 -0.521787 -1.26062 1.78118 -1.01076 0.016913 0.0190286
  0.00947517 -0.517001 -1.26104 1.78248 -1.0108 0.0152272 0.0192386
  0.0119245 -0.512201 -1.26144 1.7838 -1.01085 0.0135226 0.0194503
  0.0143935 -0.507388 -1.26184 1.78516 -1.01089 0.0118019 0.0196635
  0.0168787 -0.502565 -1.26222 1.78654 -1.01093 0.0100678 0.0198778
  0.0193762 -0.497733 -1.2626 1.78794 -1.01097 0.00832345 0.0200932
  0.0218824 -0.492897 -1.26297 1.78935 -1.01101 0.00657206 0.0203091
  0.0243929 -0.488058 -1.26334 1.79077 -1.01105 0.00481706 0.0205254
 
  0.0242648 -0.488138 -1.26341 1.79057 -1.01106 0.00491653 0.0205143
  0.0240168 -0.488294 -1.26354 1.79018 -1.01109 0.00510863 0.0204928
  0.023657 -0.48852 -1.26373 1.78962 -1.01112 0.00538673 0.0204615
  0.0231931 -0.488811 -1.26398 1.78889 -1.01116 0.0057444 0.0204212
  0.0226326 -0.489162 -1.26427 1.78801 -1.01121 0.00617541 0.0203723
  0.0219827 -0.489569 -1.26462 1.78699 -1.01127 0.00667372 0.0203155
  0.0212505 -0.490027 -1.26501 1.78584 -1.01134 0.0072335 0.0202513
  0.0204428 -0.490532 -1.26544 1.78457 -1.01142 0.00784911 0.0201804
  0.0195661 -0.49108 -1.2659 1.7832 -1.0115 0.00851513 0.0201033
  0.0186268 -0.491666 -1.2664 1.78172 -1.0116 0.00922629 0.0200205
  0.017631 -0.492287 -1.26693 1.78016 -1.01169 0.00997756 0.0199324
  0.0165845 -0.492939 -1.26748 1.77852 -1.0118 0.0107641 0.0198397
  0.015493 -0.493619 -1.26806 1.77681 -1.01191 0.0115811 0.0197427
  0.0143619 -0.494322 -1.26866 1.77504 -1.01202 0.0124242 0.0196419
  0.0131964 -0.495046 -1.26928 1.77322 -1.01214 0.0132891 0.0195377
  0.0120016 -0.495787 -1.26991 1.77135 -1.01226 0.0141715 0.0194306
  0.0107821 -0.496543 -1.27055 1.76944 -1.01239 0.0150677 0.0193209
  0.00954263 -0.49731 -1.2712 1.7675 -1.01252 0.0159737 0.0192091
  0.00828749 -0.498086 -1.27187 1.76554 -1.01266 0.016886 0.0190954
  0.00702086 -0.498867 -1.27253 1.76357 -1.0128 0.0178011 0.0189804
  0.0057467 -0.499652 -1.2732 1.76158 -1.01294 0.0187157 0.0188642
  0.00446879 -0.500439 -1.27388 1.75959 -1.01308 0.0196268 0.0187471
  0.00319072 -0.501224 -1.27455 1.7576 -1.01323 0.0205314 0.0186296
  0.00191589 -0.502005 -1.27522 1.75561 -1.01338 0.0214266 0.0185119
  0.000647497 -0.502782 -1.27588 1.75364 -1.01353 0.0223099 0.0183942
  -0.000611421 -0.50355 -1.27654 1.75169 -1.01368 0.0231787 0.0182768
  -0.00185801 -0.50431 -1.27719 1.74976 -1.01383 0.0240308 0.0181599
  -0.00308959 -0.505059 -1.27783 1.74785 -1.01399 0.0248638 0.0180439
  -0.00430366 -0.505796 -1.27846 1.74597 -1.01414 0.0256757 0.0179288
  -0.00549788 -0.506518 -1.27909 1.74413 -1.0143 0.0264647 0.0178149
  -0.00667007 -0.507225 -1.27969 1.74233 -1.01446 0.0272289 0.0177023
  -0.00781822 -0.507916 -1.28029 1.74056 -1.01461 0.0279667 0.0175913
  -0.00894047 -0.508589 -1.28087 1.73884 -1.01477 0.0286766 0.017482
  -0.0100351 -0.509243 -1.28143 1.73716 -1.01493 0.0293573 0.0173746
  -0.0111007 -0.509877 -1.28198 1.73553 -1.01509 0.0300073 0.0172691
  -0.0121356 -0.510491 -1.28251 1.73395 -1.01525 0.0306257 0.0171656
  -0.0131388 -0.511083 -1.28303 1.73243 -1.01541 0.0312115 0.0170644
  -0.0141092 -0.511653 -1.28352 1.73096 -1.01556 0.0317636 0.0169655
  -0.0150457 -0.512201 -1.284 1.72954 -1.01572 0.0322815 0.0168689
  -0.0159475 -0.512725 -1.28446 1.72818 -1.01588 0.0327643 0.0167748
  -0.016814 -0.513225 -1.28489 1.72688 -1.01604 0.0332117 0.0166832
  -0.0176446 -0.513701 -1.28531 1.72564 -1.01619 0.0336232 0.0165941
  -0.0184389 -0.514153 -1.28571 1.72446 -1.01635 0.0339984 0.0165076
  -0.0191966 -0.51458 -1.28608 1.72334 -1.01651 0.0343372 0.0164237
  -0.0199177 -0.514983 -1.28644 1.72228 -1.01666 0.0346395 0.0163424
  -0.0206019 -0.515362 -1.28678 1.72128 -1.01682 0.0349054 0.0162638
  -0.0212496 -0.515716 -1.28709 1.72033 -1.01697 0.0351348 0.0161878
  -0.0218609 -0.516045 -1.28739 1.71945 -1.01712 0.0353282 0.0161143
  -0.0224361 -0.51635 -1.28766 1.71863 -1.01728 0.0354858 0.0160434
  -0.0229758 -0.516632 -1.28792 1.71787 -1.01743 0.035608 0.0159751
  -0.0234805 -0.51689 -1.28816 1.71716 -1.01758 0.0356954 0.0159092
  -0.023951 -0.517125 -1.28837 1.71651 -1.01773 0.0357487 0.0158457
  -0.0243881 -0.517338 -1.28857 1.71592 -1.01789 0.0357686 0.0157845
  -0.0247928 -0.517529 -1.28875 1.71537 -1.01804 0.0357558 0.0157256
  -0.0251661 -0.517699 -1.28892 1.71488 -1.01819 0.0357115 0.0156689
  -0.0255092 -0.517849 -1.28906 1.71444 -1.01834 0.0356365 0.0156142
  -0.0258236 -0.517979 -1.28919 1.71405 -1.01849 0.035532 0.0155615
  -0.0261105 -0.51809 -1.28931 1.7137 -1.01864 0.0353993 0.0155106
  -0.0263715 -0.518184 -1.28941 1.71339 -1.01879 0.0352397 0.0154614
  -0.0266083 -0.518261 -1.2895 1.71312 -1.01894 0.0350546 0.0154138
  -0.0268228 -0.518323 -1.28957 1.71289 -1.0191 0.0348456 0.0153675
  -0.0270171 -0.518371 -1.28963 1.71269 -1.01925 0.0346146 0.0153225
  -0.0271933 -0.518406 -1.28969 1.71252 -1.0194 0.0343633 0.0152785
  -0.0273536 -0.51843 -1.28973 1.71238 -1.01955 0.0340936 0.0152353
  -0.0275 -0.518443 -1.28977 1.71226 -1.01971 0.0338073 0.0151928
  -0.0276347 -0.518449 -1.2898 1.71216 -1.01987 0.0335061 0.0151508
  -0.0277597 -0.518446 -1.28982 1.71207 -1.02002 0.0331918 0.0151091
  -0.0278766 -0.518438 -1.28984 1.712 -1.02018 0.0328659 0.0150676
  -0.0279872 -0.518424 -1.28986 1.71194 -1.02034 0.0325297 0.0150261
  -0.0280929 -0.518406 -1.28987 1.71188 -1.0205 0.0321846 0.0149845
  -0.0281951 -0.518384 -1.28988 1.71184 -1.02067 0.0318318 0.0149427
  -0.028295 -0.51836 -1.28988 1.71179 -1.02083 0.0314722 0.0149006
  -0.0283936 -0.518334 -1.28989 1.71175 -1.021 0.0311067 0.0148581
  -0.0284917 -0.518306 -1.2899 1.7117 -1.02117 0.0307361 0.0148151
  -0.0285901 -0.518278 -1.2899 1.71166 -1.02134 0.0303611 0.0147715
  -0.0286893 -0.518248 -1.28991 1.71161 -1.02151 0.0299821 0.0147274
  -0.0287898 -0.518218 -1.28992 1.71157 -1.02169 0.0295996 0.0146826
  -0.0288921 -0.518189 -1.28992 1.71151 -1.02186 0.0292139 0.0146372
  -0.0289962 -0.518159 -1.28993 1.71146 -1.02204 0.0288253 0.0145911
  -0.0291025 -0.518129 -1.28994 1.7114 -1.02222 0.0284339 0.0145443
  -0.029211 -0.5181 -1.28995 1.71134 -1.02241 0.0280399 0.0144968
  -0.0293218 -0.518071 -1.28996 1.71127 -1.02259 0.0276433 0.0144486
  -0.0294348 -0.518042 -1.28997 1.7112 -1.02278 0.0272442 0.0143997
  -0.0295501 -0.518014 -1.28998 1.71113 -1.02297 0.0268426 0.01435
  -0.0296674 -0.517985 -1.28999 1.71105 -1.02316 0.0264383 0.0142997
  -0.0297868 -0.517957 -1.29001 1.71096 -1.02335 0.0260314 0.0142487
  -0.029908 -0.517929 -1.29002 1.71088 -1.02355 0.0256218 0.0141971
  -0.0300309 -0.517901 -1.29003 1.71079 -1.02374 0.0252094 0.0141447
  -0.0301554 -0.517872 -1.29005 1.7107 -1.02394 0.024794 0.0140918
  -0.0302814 -0.517844 -1.29006 1.7106 -1.02414 0.0243756 0.0140381
  -0.0304086 -0.517815 -1.29008 1.7105 -1.02435 0.0239541 0.0139839
  -0.0305369 -0.517786 -1.2901 1.7104 -1.02455 0.0235295 0.0139291
  -0.0306662 -0.517756 -1.29011 1.7103 -1.02476 0.0231015 0.0138736
  -0.0307964 -0.517726 -1.29013 1.7102 -1.02497 0.0226702 0.0138176
  -0.0309273 -0.517695 -1.29015 1.71009 -1.02518 0.0222354 0.013761
  -0.0310587 -0.517664 -1.29016 1.70998 -1.02539 0.0217971 0.0137038
  -0.0311907 -0.517632 -1.29018 1.70988 -1.0256 0.0213553 0.0136461
  -0.031323 -0.517599 -1.2902 1.70977 -1.02582 0.0209099 0.0135879
  -0.0314557 -0.517565 -1.29022 1.70966 -1.02604 0.0204607 0.0135291
  -0.0315885 -0.51753 -1.29023 1.70954 -1.02626 0.0200079 0.0134697
  -0.0317215 -0.517494 -1.29025 1.70943 -1.02648 0.0195514 0.0134099
  -0.0318546 -0.517457 -1.29027 1.70932 -1.0267 0.0190912 0.0133495
  -0.0319878 -0.517419 -1.29028 1.7092 -1.02693 0.0186272 0.0132886
  -0.0321209 -0.517381 -1.2903 1.70909 -1.02715 0.0181594 0.0132272
  -0.032254 -0.517341 -1.29032 1.70897 -1.02738 0.0176879 0.0131653
  -0.032387 -0.5173 -1.29033 1.70885 -1.02761 0.0172126 0.0131029
  -0.0325198 -0.517258 -1.29035 1.70874 -1.02784 0.0167336 0.01304
  -0.0326525 -0.517215 -1.29036 1.70862 -1.02807 0.0162508 0.0129766
  -0.0327851 -0.51717 -1.29038 1.7085 -1.02831 0.0157644 0.0129127
  -0.0329174 -0.517125 -1.29039 1.70838 -1.02854 0.0152742 0.0128483
  -0.0330496 -0.517078 -1.29041 1.70826 -1.02878 0.0147803 0.0127834
  -0.0331816 -0.517031 -1.29042 1.70815 -1.02902 0.0142828 0.0127181
  -0.0333133 -0.516982 -1.29044 1.70803 -1.02926 0.0137817 0.0126522
  -0.0334449 -0.516932 -1.29045 1.70791 -1.0295 0.0132769 0.0125858
  -0.0335762 -0.516882 -1.29047 1.70778 -1.02975 0.0127687 0.012519
  -0.0337074 -0.51683 -1.29048 1.70766 -1.02999 0.0122569 0.0124516
  -0.0338385 -0.516777 -1.2905 1.70754 -1.03024 0.0117417 0.0123838
  -0.0339694 -0.516723 -1.29051 1.70742 -1.03049 0.0112231 0.0123155
  -0.0341003 -0.516668 -1.29052 1.70729 -1.03074 0.0107013 0.0122466
  -0.0342311 -0.516612 -1.29054 1.70717 -1.03099 0.0101761 0.0121773
  -0.034362 -0.516555 -1.29055 1.70705 -1.03125 0.0096479 0.0121074
  -0.0344931 -0.516497 -1.29057 1.70692 -1.0315 0.0091166 0.0120371
  -0.0346243 -0.516439 -1.29058 1.70679 -1.03176 0.00858237 0.0119662
  -0.0347559 -0.51638 -1.29059 1.70666 -1.03202 0.00804532 0.0118948
  -0.0348879 -0.51632 -1.29061 1.70653 -1.03228 0.00750559 0.0118228
  -0.0350204 -0.51626 -1.29062 1.7064 -1.03254 0.00696332 0.0117503
  -0.0351537 -0.516199 -1.29064 1.70626 -1.0328 0.00641864 0.0116772
  -0.0352878 -0.516138 -1.29065 1.70613 -1.03307 0.00587171 0.0116036
  -0.0354228 -0.516076 -1.29067 1.70599 -1.03333 0.00532271 0.0115293
  -0.035559 -0.516014 -1.29069 1.70584 -1.0336 0.00477178 0.0114545
  -0.0356965 -0.515953 -1.29071 1.7057 -1.03387 0.0042191 0.011379
  -0.0358355 -0.515891 -1.29072 1.70555 -1.03414 0.00366481 0.011303
  -0.035976 -0.51583 -1.29074 1.70539 -1.03442 0.00310908 0.0112263
  -0.0361183 -0.515769 -1.29076 1.70524 -1.03469 0.00255204 0.0111489
  -0.0362623 -0.515708 -1.29079 1.70507 -1.03497 0.00199379 0.0110709
  -0.0364082 -0.515647 -1.29081 1.70491 -1.03524 0.00143444 0.0109922
  -0.036556 -0.515587 -1.29083 1.70474 -1.03552 0.000874014 0.0109129
  -0.0367056 -0.515527 -1.29086 1.70457 -1.0358 0.000312526 0.010833
  -0.0368569 -0.515467 -1.29088 1.70439 -1.03608 -0.000250081 0.0107523
  -0.0370099 -0.515407 -1.29091 1.70421 -1.03637 -0.00081393 0.0106711
  -0.037164 -0.515348 -1.29094 1.70402 -1.03665 -0.00137922 0.0105892
  -0.0373191 -0.515288 -1.29097 1.70383 -1.03694 -0.00194625 0.0105068
  -0.0374746 -0.515228 -1.291 1.70364 -1.03723 -0.00251541 0.0104238
  -0.0376298 -0.515167 -1.29102 1.70345 -1.03752 -0.00308722 0.0103403
  -0.037784 -0.515104 -1.29105 1.70326 -1.03781 -0.00366232 0.0102565
  -0.0379362 -0.515039 -1.29108 1.70308 -1.0381 -0.00424148 0.0101723
  -0.0380853 -0.514971 -1.29111 1.70289 -1.03839 -0.00482565 0.0100878
  -0.0382298 -0.5149 -1.29113 1.70271 -1.03869 -0.0054159 0.0100032
  -0.0383685 -0.514824 -1.29115 1.70254 -1.03898 -0.0060135 0.0099186
  -0.0384994 -0.514743 -1.29117 1.70239 -1.03928 -0.00661986 0.00983412
  -0.0386208 -0.514655 -1.29118 1.70224 -1.03957 -0.00723657 0.00974992
  -0.0387305 -0.514559 -1.29119 1.70212 -1.03987 -0.00786538 0.00966618
  -0.0388262 -0.514453 -1.29119 1.70201 -1.04017 -0.00850819 0.00958309
  -0.0389056 -0.514336 -1.29118 1.70193 -1.04047 -0.00916701 0.00950083
  -0.0389661 -0.514206 -1.29116 1.70188 -1.04076 -0.00984398 0.00941962
  -0.039005 -0.514062 -1.29113 1.70187 -1.04106 -0.0105413 0.00933967
  -0.0390198 -0.513902 -1.29109 1.70189 -1.04136 -0.0112611 0.0092612
  -0.0390079 -0.513724 -1.29103 1.70196 -1.04166 -0.0120057 0.00918441
  -0.0389667 -0.513528 -1.29096 1.70207 -1.04195 -0.0127771 0.00910952
  -0.0388942 -0.51331 -1.29087 1.70223 -1.04225 -0.0135771 0.0090367
  -0.0387881 -0.513071 -1.29077 1.70245 -1.04254 -0.0144074 0.00896612
  -0.0386465 -0.512808 -1.29064 1.70273 -1.04284 -0.0152698 0.00889795
  -0.0384676 -0.512521 -1.2905 1.70306 -1.04313 -0.0161658 0.00883235
  -0.0382496 -0.512209 -1.29034 1.70346 -1.04342 -0.0170968 0.00876944
  -0.0379908 -0.511871 -1.29015 1.70392 -1.04371 -0.0180642 0.00870938
  -0.0376897 -0.511504 -1.28995 1.70445 -1.044 -0.0190693 0.00865228
  -0.037345 -0.51111 -1.28972 1.70505 -1.04429 -0.0201132 0.00859827
  -0.0369553 -0.510687 -1.28947 1.70572 -1.04457 -0.0211969 0.00854744
  -0.0365196 -0.510233 -1.28919 1.70647 -1.04485 -0.0223214 0.0084999
  -0.0360367 -0.509749 -1.28889 1.70729 -1.04513 -0.0234876 0.00845573
  -0.0355058 -0.509235 -1.28856 1.70819 -1.04541 -0.0246961 0.008415
  -0.0349261 -0.508688 -1.28821 1.70917 -1.04569 -0.0259477 0.00837779
  -0.0342969 -0.50811 -1.28784 1.71023 -1.04597 -0.0272427 0.00834415
  -0.0336177 -0.5075 -1.28743 1.71137 -1.04624 -0.0285817 0.00831413
  -0.0328881 -0.506857 -1.287 1.71259 -1.04651 -0.0299649 0.00828777
  -0.0321079 -0.506181 -1.28655 1.71389 -1.04678 -0.0313924 0.00826508
  -0.031277 -0.505473 -1.28606 1.71528 -1.04704 -0.0328645 0.00824609
  -0.0303953 -0.504732 -1.28556 1.71675 -1.04731 -0.0343809 0.0082308
  -0.029463 -0.503959 -1.28502 1.71829 -1.04757 -0.0359415 0.0082192
  -0.0284805 -0.503153 -1.28446 1.71992 -1.04783 -0.0375461 0.00821127
  -0.0274481 -0.502315 -1.28387 1.72163 -1.04809 -0.0391942 0.008207
  -0.0263665 -0.501445 -1.28326 1.72342 -1.04834 -0.0408852 0.00820632
  -0.0252364 -0.500544 -1.28262 1.72529 -1.04859 -0.0426184 0.0082092
  -0.0240587 -0.499613 -1.28196 1.72724 -1.04884 -0.0443931 0.00821556
  -0.0228345 -0.498652 -1.28127 1.72925 -1.04909 -0.0462083 0.00822534
  -0.0215651 -0.497661 -1.28056 1.73135 -1.04934 -0.0480629 0.00823844
  -0.0202517 -0.496643 -1.27983 1.73351 -1.04958 -0.0499557 0.00825476
  -0.0188961 -0.495597 -1.27907 1.73574 -1.04983 -0.0518852 0.00827418
  -0.0174998 -0.494525 -1.27829 1.73804 -1.05007 -0.05385 0.00829659
  -0.0160649 -0.493428 -1.2775 1.7404 -1.0503 -0.0558483 0.00832183
  -0.0145935 -0.492307 -1.27668 1.74282 -1.05054 -0.0578784 0.00834975
  -0.0130877 -0.491165 -1.27585 1.74529 -1.05078 -0.0599382 0.00838019
  -0.0115502 -0.490002 -1.275 1.74781 -1.05101 -0.0620255 0.00841296
  -0.00998361 -0.488821 -1.27413 1.75038 -1.05124 -0.0641381 0.00844787
  -0.00839077 -0.487622 -1.27325 1.753 -1.05147 -0.0662733 0.0084847
  -0.00677479 -0.486409 -1.27236 1.75565 -1.0517 -0.0684287 0.00852322
  -0.00513898 -0.485183 -1.27146 1.75833 -1.05193 -0.0706011 0.0085632
  -0.00348683 -0.483946 -1.27055 1.76104 -1.05216 -0.0727878 0.00860437
  -0.00182209 -0.482701 -1.26963 1.76377 -1.05239 -0.0749853 0.00864647
  -0.000148728 -0.481451 -1.26871 1.76651 -1.05262 -0.0771903 0.00868919
  0.00152907 -0.480198 -1.26779 1.76926 -1.05284 -0.0793991 0.00873224
  ]