[ <2 201 3> 
  -0.18543 -0.19376 0.11353
  -0.185699 -0.193592 0.112677
  -0.18609 -0.193344 0.111436
  -0.186596 -0.19302 0.109832
  -0.187212 -0.192621 0.107889
  -0.18793 -0.192151 0.105631
  -0.188746 -0.191609 0.10308
  -0.189654 -0.190998 0.100258
  -0.190648 -0.190318 0.0971874
  -0.191724 -0.18957 0.0938887
  -0.192876 -0.188755 0.090382
  -0.194101 -0.187875 0.0866869
  -0.195392 -0.186929 0.0828221
  -0.196746 -0.18592 0.0788058
  -0.198158 -0.184848 0.0746554
  -0.199623 -0.183714 0.0703876
  -0.201136 -0.182521 0.0660185
  -0.202694 -0.181269 0.0615635
  -0.204291 -0.179961 0.0570372
  -0.205922 -0.178598 0.0524537
  -0.207584 -0.177183 0.0478264
  -0.209271 -0.175717 0.043168
  -0.210978 -0.174205 0.0384905
  -0.212702 -0.172646 0.0338054
  -0.214438 -0.171046 0.0291234
  -0.216181 -0.169406 0.0244549
  -0.217926 -0.16773 0.0198092
  -0.219669 -0.16602 0.0151955
  -0.221405 -0.16428 0.0106222
  -0.223131 -0.162512 0.00609696
  -0.224841 -0.160721 0.00162725
  -0.226532 -0.158909 -0.0027802
  -0.228199 -0.15708 -0.00711915
  -0.229839 -0.155238 -0.0113838
  -0.231447 -0.153384 -0.015569
  -0.23302 -0.151524 -0.0196697
  -0.234554 -0.149659 -0.0236818
  -0.236046 -0.147794 -0.0276011
  -0.237492 -0.145931 -0.0314243
  -0.238888 -0.144073 -0.0351481
  -0.240233 -0.142224 -0.0387698
  -0.241522 -0.140386 -0.042287
  -0.242754 -0.138562 -0.0456975
  -0.243925 -0.136755 -0.0489998
  -0.245034 -0.134967 -0.0521922
  -0.246079 -0.133201 -0.0552738
  -0.247056 -0.131459 -0.0582436
  -0.247965 -0.129744 -0.061101
  -0.248804 -0.128056 -0.0638458
  -0.249571 -0.126399 -0.0664778
  -0.250266 -0.124774 -0.0689971
  -0.250887 -0.123181 -0.071404
  -0.251433 -0.121624 -0.0736993
  -0.251904 -0.120103 -0.0758835
  -0.2523 -0.118619 -0.0779577
  -0.25262 -0.117173 -0.0799229
  -0.252865 -0.115766 -0.0817805
  -0.253034 -0.114398 -0.0835319
  -0.253127 -0.11307 -0.0851788
  -0.253146 -0.111783 -0.086723
  -0.253091 -0.110536 -0.0881664
  -0.252963 -0.109329 -0.0895111
  -0.252763 -0.108162 -0.0907594
  -0.252492 -0.107035 -0.0919137
  -0.252152 -0.105948 -0.0929765
  -0.251745 -0.104899 -0.0939506
  -0.251271 -0.103889 -0.0948387
  -0.250734 -0.102916 -0.0956438
  -0.250134 -0.101979 -0.0963692
  -0.249475 -0.101076 -0.097018
  -0.248758 -0.100208 -0.0975938
  -0.247987 -0.0993715 -0.0981
  -0.247163 -0.098566 -0.0985406
  -0.246289 -0.0977894 -0.0989193
  -0.245369 -0.0970402 -0.0992403
  -0.244406 -0.0963161 -0.099508
  -0.243402 -0.0956151 -0.0997272
  -0.242362 -0.0949348 -0.0999027
  -0.241288 -0.0942731 -0.10004
  -0.240184 -0.0936275 -0.100142
  -0.239054 -0.092996 -0.100216
  -0.2379 -0.0923763 -0.100264
  -0.236724 -0.0917666 -0.100291
  -0.235531 -0.091165 -0.100301
  -0.234321 -0.0905697 -0.100296
  -0.233097 -0.0899792 -0.100281
  -0.23186 -0.089392 -0.100258
  -0.230613 -0.088807 -0.10023
  -0.229357 -0.088223 -0.100197
  -0.228093 -0.0876391 -0.100163
  -0.226821 -0.0870543 -0.100128
  -0.225543 -0.0864679 -0.100094
  -0.224259 -0.0858794 -0.100062
  -0.22297 -0.0852882 -0.100032
  -0.221675 -0.0846938 -0.100006
  -0.220376 -0.0840959 -0.0999822
  -0.219071 -0.0834943 -0.0999623
  -0.217761 -0.0828886 -0.0999459
  -0.216447 -0.0822787 -0.0999331
  -0.215127 -0.0816644 -0.0999237
  -0.213801 -0.0810456 -0.0999174
  -0.21247 -0.0804223 -0.099914
  -0.211133 -0.0797943 -0.0999132
  -0.209789 -0.0791616 -0.0999145
  -0.208439 -0.0785241 -0.0999177
  -0.207082 -0.0778818 -0.0999224
  -0.205718 -0.0772346 -0.0999281
  -0.204347 -0.0765824 -0.0999345
  -0.202968 -0.0759253 -0.0999414
  -0.20158 -0.075263 -0.0999483
  -0.200185 -0.0745956 -0.0999549
  -0.198782 -0.0739229 -0.0999611
  -0.19737 -0.0732447 -0.0999665
  -0.195949 -0.0725611 -0.0999711
  -0.19452 -0.0718718 -0.0999746
  -0.193082 -0.0711766 -0.0999769
  -0.191635 -0.0704753 -0.099978
  -0.190179 -0.0697679 -0.0999779
  -0.188714 -0.0690539 -0.0999765
  -0.18724 -0.0683332 -0.099974
  -0.185757 -0.0676056 -0.0999704
  -0.184266 -0.0668707 -0.0999659
  -0.182766 -0.0661283 -0.0999607
  -0.181257 -0.065378 -0.099955
  -0.17974 -0.0646196 -0.0999491
  -0.178215 -0.0638526 -0.0999432
  -0.176682 -0.0630767 -0.0999376
  -0.175142 -0.0622916 -0.0999328
  -0.173593 -0.0614969 -0.0999291
  -0.172038 -0.0606921 -0.0999268
  -0.170475 -0.059877 -0.0999264
  -0.168905 -0.0590512 -0.0999281
  -0.167329 -0.0582142 -0.0999324
  -0.165746 -0.0573657 -0.0999395
  -0.164156 -0.0565053 -0.0999498
  -0.162561 -0.0556327 -0.0999633
  -0.160959 -0.0547477 -0.0999803
  -0.159351 -0.0538498 -0.100001
  -0.157736 -0.0529391 -0.100024
  -0.156115 -0.0520151 -0.100051
  -0.154488 -0.051078 -0.100081
  -0.152853 -0.0501276 -0.100112
  -0.15121 -0.0491639 -0.100145
  -0.149559 -0.0481872 -0.100178
  -0.147898 -0.0471977 -0.100209
  -0.146227 -0.0461958 -0.100237
  -0.144545 -0.0451819 -0.100261
  -0.14285 -0.0441567 -0.100276
  -0.14114 -0.043121 -0.100282
  -0.139413 -0.0420756 -0.100274
  -0.137668 -0.0410216 -0.100249
  -0.135902 -0.0399602 -0.100203
  -0.134113 -0.0388927 -0.100133
  -0.132297 -0.0378207 -0.100032
  -0.130453 -0.0367455 -0.0998976
  -0.128578 -0.035669 -0.0997232
  -0.126669 -0.0345928 -0.0995041
  -0.124722 -0.0335186 -0.0992349
  -0.122735 -0.0324481 -0.0989105
  -0.120706 -0.0313829 -0.0985263
  -0.118633 -0.0303245 -0.0980777
  -0.116515 -0.0292741 -0.0975608
  -0.114348 -0.0282331 -0.0969716
  -0.112132 -0.0272027 -0.0963062
  -0.109866 -0.0261841 -0.0955611
  -0.107548 -0.0251783 -0.094733
  -0.105178 -0.0241864 -0.0938185
  -0.102755 -0.0232092 -0.0928146
  -0.100278 -0.0222477 -0.0917185
  -0.0977467 -0.0213025 -0.0905276
  -0.0951619 -0.0203744 -0.0892394
  -0.0925232 -0.0194639 -0.0878517
  -0.0898308 -0.0185715 -0.0863624
  -0.0870855 -0.0176977 -0.0847697
  -0.0842878 -0.0168426 -0.0830722
  -0.0814386 -0.0160066 -0.0812683
  -0.0785393 -0.0151897 -0.079357
  -0.0755909 -0.014392 -0.0773375
  -0.0725953 -0.0136133 -0.0752091
  -0.0695539 -0.0128536 -0.0729715
  -0.0664689 -0.0121124 -0.0706246
  -0.0633422 -0.0113894 -0.0681686
  -0.0601763 -0.0106841 -0.0656042
  -0.0569737 -0.00999597 -0.0629321
  -0.0537369 -0.00932434 -0.0601535
  -0.050469 -0.00866843 -0.0572699
  -0.0471728 -0.00802738 -0.0542831
  -0.0438515 -0.00740025 -0.0511955
  -0.0405085 -0.00678601 -0.0480097
  -0.0371472 -0.00618356 -0.0447286
  -0.0337711 -0.0055917 -0.0413557
  -0.0303841 -0.00500917 -0.0378949
  -0.0269897 -0.00443465 -0.0343505
  -0.0235921 -0.00386672 -0.0307273
  -0.0201949 -0.00330395 -0.0270305
  -0.0168025 -0.0027448 -0.0232659
  -0.0134186 -0.00218772 -0.0194397
  -0.0100476 -0.0016311 -0.0155588
  -0.00669347 -0.00107329 -0.0116305
  -0.00336038 -0.000512611 -0.00766274
  -5.2444e-05 5.26546e-05 -0.00366392
 
  -0.000163658 9.75677e-05 -0.00392433
  -0.000379131 0.000184607 -0.00442812
  -0.000692341 0.000311191 -0.00515866
  -0.00109714 0.000474918 -0.00609976
  -0.00158773 0.000673533 -0.00723566
  -0.00215857 0.00090491 -0.00855108
  -0.00280439 0.00116703 -0.0100312
  -0.00352012 0.00145797 -0.0116617
  -0.00430088 0.00177586 -0.0134286
  -0.00514196 0.00211891 -0.0153187
  -0.00603876 0.00248537 -0.017319
  -0.00698684 0.00287353 -0.019417
  -0.00798183 0.00328173 -0.021601
  -0.00901947 0.0037083 -0.0238595
  -0.0100956 0.00415163 -0.0261814
  -0.0112061 0.0046101 -0.0285564
  -0.012347 0.00508213 -0.0309744
  -0.0135143 0.00556613 -0.033426
  -0.0147042 0.00606055 -0.035902
  -0.0159128 0.00656385 -0.0383939
  -0.0171364 0.0070745 -0.0408935
  -0.0183714 0.00759098 -0.043393
  -0.0196141 0.00811182 -0.0458853
  -0.0208612 0.00863555 -0.0483635
  -0.0221091 0.00916074 -0.0508211
  -0.0233545 0.00968597 -0.0532521
  -0.0245944 0.0102099 -0.0556508
  -0.0258254 0.0107311 -0.0580122
  -0.0270447 0.0112484 -0.0603311
  -0.0282493 0.0117605 -0.0626033
  -0.0294364 0.0122661 -0.0648245
  -0.0306035 0.0127642 -0.066991
  -0.031748 0.0132535 -0.0690993
  -0.0328676 0.0137331 -0.0711463
  -0.0339599 0.014202 -0.0731292
  -0.035023 0.0146591 -0.0750456
  -0.0360549 0.0151037 -0.0768933
  -0.0370538 0.015535 -0.0786703
  -0.0380181 0.0159521 -0.0803751
  -0.0389463 0.0163544 -0.0820064
  -0.0398372 0.0167414 -0.0835632
  -0.0406896 0.0171125 -0.0850446
  -0.0415025 0.0174671 -0.0864502
  -0.0422752 0.0178051 -0.0877797
  -0.043007 0.018126 -0.089033
  -0.0436975 0.0184295 -0.0902104
  -0.0443465 0.0187157 -0.0913124
  -0.0449538 0.0189842 -0.0923397
  -0.0455196 0.0192353 -0.0932931
  -0.046044 0.0194689 -0.0941739
  -0.0465274 0.0196851 -0.0949833
  -0.0469706 0.0198843 -0.0957231
  -0.0473742 0.0200666 -0.0963949
  -0.0477391 0.0202325 -0.0970009
  -0.0480666 0.0203824 -0.0975432
  -0.0483577 0.0205168 -0.0980243
  -0.048614 0.0206363 -0.0984469
  -0.048837 0.0207415 -0.0988139
  -0.0490285 0.0208332 -0.0991283
  -0.0491903 0.0209122 -0.0993935
  -0.0493247 0.0209793 -0.0996133
  -0.0494341 0.0210357 -0.0997917
  -0.0495209 0.0210823 -0.0999329
  -0.0495878 0.0211202 -0.100041
  -0.0496372 0.0211505 -0.100121
  -0.0496716 0.0211743 -0.100176
  -0.0496933 0.0211925 -0.100211
  -0.0497044 0.0212059 -0.100228
  -0.0497068 0.0212155 -0.100231
  -0.0497025 0.021222 -0.100224
  -0.0496928 0.0212261 -0.100207
  -0.0496794 0.0212283 -0.100185
  -0.0496632 0.0212293 -0.100159
  -0.0496455 0.0212293 -0.10013
  -0.049627 0.0212289 -0.100101
  -0.0496085 0.0212282 -0.100071
  -0.0495905 0.0212276 -0.100043
  -0.0495735 0.0212272 -0.100017
  -0.0495577 0.0212272 -0.0999935
  -0.0495435 0.0212276 -0.0999726
  -0.0495309 0.0212286 -0.0999548
  -0.0495199 0.0212301 -0.0999401
  -0.0495107 0.0212322 -0.0999285
  -0.0495031 0.0212348 -0.09992
  -0.049497 0.0212379 -0.0999144
  -0.0494923 0.0212414 -0.0999116
  -0.0494889 0.0212454 -0.0999112
  -0.0494867 0.0212496 -0.099913
  -0.0494854 0.0212542 -0.0999167
  -0.0494848 0.0212589 -0.0999221
  -0.0494849 0.0212637 -0.0999289
  -0.0494854 0.0212686 -0.0999367
  -0.0494862 0.0212734 -0.0999455
  -0.0494872 0.0212782 -0.0999548
  -0.0494881 0.0212829 -0.0999644
  -0.0494889 0.0212873 -0.0999742
  -0.0494895 0.0212916 -0.099984
  -0.0494897 0.0212955 -0.0999936
  -0.0494895 0.0212992 -0.100003
  -0.0494887 0.0213025 -0.100011
  -0.0494874 0.0213054 -0.10002
  -0.0494853 0.0213079 -0.100027
  -0.0494826 0.02131 -0.100033
  -0.0494791 0.0213117 -0.100039
  -0.0494749 0.0213129 -0.100044
  -0.0494697 0.0213137 -0.100047
  -0.0494638 0.021314 -0.10005
  -0.0494569 0.0213138 -0.100052
  -0.0494492 0.0213131 -0.100052
  -0.0494406 0.021312 -0.100052
  -0.0494311 0.0213103 -0.10005
  -0.0494207 0.0213082 -0.100047
  -0.0494094 0.0213056 -0.100043
  -0.0493972 0.0213026 -0.100038
  -0.0493842 0.0212991 -0.100032
  -0.0493704 0.0212952 -0.100025
  -0.0493558 0.0212908 -0.100017
  -0.0493405 0.0212861 -0.100009
  -0.0493246 0.021281 -0.0999994
  -0.049308 0.0212756 -0.0999895
  -0.049291 0.0212699 -0.0999791
  -0.0492736 0.0212639 -0.0999685
  -0.0492559 0.0212578 -0.0999579
  -0.049238 0.0212515 -0.0999474
  -0.0492202 0.0212451 -0.0999373
  -0.0492025 0.0212388 -0.0999278
  -0.0491851 0.0212325 -0.0999194
  -0.0491683 0.0212264 -0.0999122
  -0.0491521 0.0212206 -0.0999065
  -0.0491368 0.021215 -0.0999028
  -0.0491226 0.0212099 -0.0999013
  -0.0491097 0.0212053 -0.0999024
  -0.0490982 0.0212012 -0.0999062
  -0.0490883 0.0211978 -0.0999132
  -0.0490801 0.0211951 -0.0999235
  -0.0490737 0.0211931 -0.0999372
  -0.0490691 0.0211919 -0.0999544
  -0.0490664 0.0211914 -0.099975
  -0.0490653 0.0211917 -0.0999989
  -0.0490656 0.0211925 -0.100026
  -0.0490672 0.0211939 -0.100055
  -0.0490695 0.0211955 -0.100086
  -0.0490719 0.0211972 -0.100118
  -0.0490737 0.0211986 -0.100149
  -0.0490739 0.0211993 -0.100177
  -0.0490716 0.0211989 -0.100202
  -0.0490652 0.0211968 -0.100221
  -0.0490534 0.0211923 -0.100231
  -0.0490343 0.0211847 -0.100229
  -0.0490059 0.021173 -0.100212
  -0.048966 0.0211564 -0.100177
  -0.0489122 0.0211338 -0.100118
  -0.0488418 0.021104 -0.100032
  -0.048752 0.0210658 -0.0999135
  -0.0486399 0.0210179 -0.0997579
  -0.0485024 0.0209591 -0.0995599
  -0.0483366 0.0208879 -0.0993143
  -0.0481394 0.0208031 -0.099016
  -0.0479081 0.0207035 -0.09866
  -0.0476403 0.020588 -0.0982418
  -0.0473336 0.0204556 -0.0977574
  -0.0469858 0.0203053 -0.0972027
  -0.0465951 0.0201364 -0.0965738
  -0.0461597 0.0199479 -0.0958673
  -0.0456779 0.0197393 -0.0950796
  -0.0451484 0.0195098 -0.0942076
  -0.0445698 0.019259 -0.0932484
  -0.0439413 0.0189864 -0.0921992
  -0.0432618 0.0186915 -0.0910575
  -0.0425308 0.0183742 -0.089821
  -0.0417479 0.0180342 -0.0884874
  -0.0409127 0.0176715 -0.0870551
  -0.0400252 0.0172859 -0.0855223
  -0.0390856 0.0168777 -0.0838875
  -0.0380942 0.0164469 -0.0821497
  -0.0370517 0.0159938 -0.0803079
  -0.0359588 0.0155188 -0.0783614
  -0.0348165 0.0150224 -0.0763098
  -0.0336259 0.014505 -0.0741529
  -0.0323884 0.0139673 -0.0718909
  -0.0311057 0.0134101 -0.0695241
  -0.0297795 0.0128342 -0.0670533
  -0.0284118 0.0122404 -0.0644794
  -0.0270048 0.0116297 -0.0618038
  -0.0255607 0.0110032 -0.0590282
  -0.0240821 0.0103622 -0.0561546
  -0.0225718 0.00970764 -0.0531853
  -0.0210324 0.00904101 -0.0501229
  -0.0194671 0.00836361 -0.0469708
  -0.0178789 0.00767689 -0.0437323
  -0.0162712 0.00698231 -0.0404113
  -0.0146474 0.00628143 -0.0370123
  -0.0130108 0.00557582 -0.0335399
  -0.0113653 0.00486711 -0.0299995
  -0.00971445 0.00415697 -0.0263967
  -0.00806205 0.00344707 -0.0227378
  -0.00641195 0.00273914 -0.0190294
  -0.00476804 0.0020349 -0.0152787
  -0.00313428 0.00133609 -0.0114935
  -0.00151462 0.00064444 -0.00768205
  8.69492e-05 -3.83206e-05 -0.00385321
  ]