 0.035703 -0.16593 0.948978  -0.939684 0.342047 0.000594907  -0.278351 -0.765702 0.579847  0.198791 0.544707 0.814725 0
 0.0357028 -0.16593 0.948977  -0.939684 0.342048 0.00059547  -0.27835 -0.765703 0.579848  0.198791 0.544707 0.814725 578
 0.0357027 -0.16593 0.948977  -0.939684 0.342048 0.000595845  -0.27835 -0.765703 0.579848  0.198792 0.544707 0.814725 577
 0.0357025 -0.16593 0.948977  -0.939684 0.342048 0.000596408  -0.27835 -0.765703 0.579848  0.198792 0.544707 0.814725 577
 0.0357024 -0.16593 0.948977  -0.939684 0.342048 0.000596971  -0.27835 -0.765703 0.579848  0.198793 0.544707 0.814725 578
 0.0357022 -0.16593 0.948977  -0.939683 0.342048 0.000597865  -0.27835 -0.765703 0.579846  0.198793 0.544705 0.814726 575
 0.0357021 -0.165929 0.948977  -0.939683 0.342048 0.00059824  -0.27835 -0.765703 0.579846  0.198793 0.544705 0.814726 576
 0.035702 -0.165929 0.948977  -0.939683 0.342048 0.000598615  -0.27835 -0.765703 0.579846  0.198794 0.544704 0.814726 573
 0.0357018 -0.165929 0.948977  -0.939683 0.342049 0.000599178  -0.278349 -0.765703 0.579846  0.198794 0.544704 0.814726 574
 0.0357017 -0.165929 0.948976  -0.939683 0.342049 0.000599741  -0.278349 -0.765703 0.579846  0.198795 0.544704 0.814726 582
 0.0357016 -0.165929 0.948976  -0.939683 0.342049 0.000599928  -0.278349 -0.765703 0.579846  0.198795 0.544704 0.814726 573
 0.0357015 -0.165929 0.948976  -0.939683 0.342047 0.000601091  -0.278347 -0.765703 0.579846  0.198795 0.544704 0.814726 573
 0.0357014 -0.165929 0.948976  -0.939683 0.342047 0.000601278  -0.278347 -0.765703 0.579846  0.198795 0.544704 0.814726 574
 0.0357013 -0.165929 0.948976  -0.939683 0.342047 0.000601654  -0.278347 -0.765703 0.579846  0.198796 0.544704 0.814726 577
 0.0357012 -0.165929 0.948976  -0.939683 0.342047 0.000602029  -0.278347 -0.765703 0.579847  0.198796 0.544704 0.814726 581
 0.0357011 -0.165928 0.948976  -0.939683 0.342047 0.000602216  -0.278347 -0.765703 0.579847  0.198796 0.544704 0.814725 575
 0.035701 -0.165928 0.948976  -0.939683 0.342048 0.000602592  -0.278347 -0.765703 0.579847  0.198797 0.544704 0.814725 577
 0.035701 -0.165928 0.948976  -0.939683 0.342048 0.000602779  -0.278347 -0.765703 0.579847  0.198797 0.544704 0.814725 577
 0.0357008 -0.165928 0.948976  -0.939682 0.342048 0.000603485  -0.278347 -0.765703 0.579845  0.198797 0.544702 0.814727 577
 0.0357007 -0.165928 0.948976  -0.939682 0.342048 0.00060386  -0.278346 -0.765703 0.579845  0.198797 0.544702 0.814727 581
 0.0357007 -0.165928 0.948976  -0.939682 0.342048 0.000604048  -0.278346 -0.765703 0.579845  0.198797 0.544702 0.814727 577
 0.0357006 -0.165928 0.948976  -0.939682 0.342048 0.000604423  -0.278346 -0.765703 0.579845  0.198798 0.544702 0.814726 576
 0.0357005 -0.165928 0.948976  -0.939682 0.342048 0.000604798  -0.278346 -0.765703 0.579845  0.198798 0.544702 0.814726 572
 0.0357004 -0.165928 0.948975  -0.939682 0.342048 0.000604986  -0.278346 -0.765703 0.579845  0.198798 0.544702 0.814726 576
 0.0357003 -0.165928 0.948975  -0.939682 0.342048 0.000605361  -0.278346 -0.765704 0.579845  0.198799 0.544702 0.814726 577
 0.0357002 -0.165928 0.948975  -0.939682 0.342048 0.000605737  -0.278346 -0.765704 0.579845  0.198799 0.544702 0.814726 576
 0.0357001 -0.165927 0.948975  -0.939682 0.342048 0.000605924  -0.278346 -0.765704 0.579845  0.198799 0.544702 0.814726 578
 0.0357 -0.165927 0.948975  -0.939682 0.342049 0.000606299  -0.278346 -0.765704 0.579845  0.1988 0.544702 0.814726 580
 0.0356999 -0.165927 0.948975  -0.939682 0.342047 0.000607462  -0.278344 -0.765704 0.579845  0.1988 0.544702 0.814726 578
 0.0356998 -0.165927 0.948975  -0.939682 0.342047 0.000607837  -0.278343 -0.765704 0.579845  0.1988 0.544701 0.814726 583
 0.0356997 -0.165927 0.948975  -0.939682 0.342047 0.000608025  -0.278343 -0.765704 0.579845  0.1988 0.544701 0.814726 575
 0.0356995 -0.165927 0.948975  -0.939682 0.342047 0.000608587  -0.278343 -0.765704 0.579846  0.198801 0.544701 0.814726 576
 0.0356994 -0.165927 0.948975  -0.93968 0.342047 0.000609481  -0.278343 -0.765704 0.579844  0.198801 0.544699 0.814727 576
 0.0356993 -0.165927 0.948975  -0.93968 0.342047 0.000609669  -0.278343 -0.765704 0.579844  0.198801 0.544699 0.814727 571
 0.0356992 -0.165927 0.948975  -0.93968 0.342047 0.000610044  -0.278343 -0.765704 0.579844  0.198801 0.544699 0.814727 571
 0.0356991 -0.165926 0.948974  -0.93968 0.342048 0.000610419  -0.278343 -0.765704 0.579844  0.198802 0.544699 0.814727 572
 0.0356991 -0.165926 0.948974  -0.93968 0.342048 0.000610607  -0.278343 -0.765704 0.579844  0.198802 0.544699 0.814727 571
 0.0356989 -0.165926 0.948974  -0.93968 0.342048 0.000611169  -0.278343 -0.765704 0.579844  0.198803 0.544699 0.814727 575
 0.0356988 -0.165926 0.948974  -0.939684 0.342048 0.000611651  -0.278343 -0.765708 0.579845  0.198803 0.5447 0.814727 572
 0.0356987 -0.165926 0.948974  -0.939684 0.342048 0.000612026  -0.278343 -0.765708 0.579845  0.198803 0.5447 0.814727 575
 0.0356985 -0.165926 0.948974  -0.939684 0.342049 0.000612401  -0.278343 -0.765708 0.579845  0.198804 0.544699 0.814727 578
 0.0356984 -0.165926 0.948974  -0.939684 0.342049 0.000612964  -0.278342 -0.765708 0.579845  0.198804 0.544699 0.814727 578
 0.0356983 -0.165926 0.948974  -0.939684 0.342049 0.000613152  -0.278342 -0.765708 0.579845  0.198805 0.544699 0.814727 574
 0.0356982 -0.165925 0.948974  -0.939684 0.342047 0.000614127  -0.27834 -0.765708 0.579845  0.198804 0.544699 0.814727 578
 0.0356981 -0.165925 0.948974  -0.939684 0.342047 0.000614502  -0.27834 -0.765708 0.579845  0.198805 0.544699 0.814727 579
 0.0356981 -0.165925 0.948974  -0.939684 0.342047 0.000614689  -0.27834 -0.765708 0.579845  0.198805 0.544699 0.814727 578
 0.035698 -0.165925 0.948974  -0.939684 0.342047 0.000615065  -0.27834 -0.765708 0.579845  0.198805 0.544699 0.814727 572
 0.0356979 -0.165925 0.948973  -0.939683 0.342047 0.000615771  -0.27834 -0.765708 0.579843  0.198805 0.544697 0.814728 572
 0.0356978 -0.165925 0.948973  -0.939683 0.342047 0.000615958  -0.27834 -0.765708 0.579843  0.198806 0.544697 0.814728 571
 0.0356977 -0.165925 0.948973  -0.939683 0.342047 0.000616333  -0.27834 -0.765708 0.579843  0.198806 0.544697 0.814728 577
 0.0356976 -0.165925 0.948973  -0.939683 0.342048 0.000616896  -0.27834 -0.765708 0.579844  0.198806 0.544697 0.814728 580
 0.0356974 -0.165925 0.948973  -0.939683 0.342048 0.000617272  -0.27834 -0.765708 0.579844  0.198807 0.544697 0.814728 579
 0.0356974 -0.165925 0.948973  -0.939683 0.342048 0.000617459  -0.27834 -0.765708 0.579844  0.198807 0.544697 0.814728 582
 0.0356972 -0.165924 0.948973  -0.939683 0.342048 0.000618022  -0.278339 -0.765709 0.579844  0.198808 0.544697 0.814728 576
 0.0356972 -0.165924 0.948973  -0.939683 0.342048 0.00061821  -0.278339 -0.765709 0.579844  0.198808 0.544697 0.814728 578
 0.0356971 -0.165924 0.948973  -0.939683 0.342048 0.000618585  -0.278339 -0.765709 0.579844  0.198808 0.544697 0.814728 579
 0.035697 -0.165924 0.948973  -0.939683 0.342048 0.000618772  -0.278339 -0.765709 0.579844  0.198808 0.544697 0.814727 577
 0.0356969 -0.165924 0.948973  -0.939683 0.342048 0.000619148  -0.278339 -0.765709 0.579844  0.198809 0.544697 0.814727 576
 0.0356968 -0.165924 0.948973  -0.939683 0.342049 0.000619523  -0.278339 -0.765709 0.579844  0.198809 0.544697 0.814727 572
 0.0356967 -0.165924 0.948973  -0.939683 0.342049 0.000619711  -0.278339 -0.765709 0.579844  0.198809 0.544697 0.814727 575
 0.0356966 -0.165924 0.948972  -0.939683 0.342049 0.000619898  -0.278339 -0.765709 0.579844  0.198809 0.544697 0.814727 570
 0.0356965 -0.165924 0.948972  -0.939682 0.342047 0.000621391  -0.278337 -0.765709 0.579842  0.198809 0.544695 0.814728 575
 0.0356964 -0.165924 0.948972  -0.939682 0.342047 0.000621579  -0.278337 -0.765709 0.579842  0.198809 0.544695 0.814728 575
 0.0356964 -0.165924 0.948972  -0.939682 0.342047 0.000621954  -0.278337 -0.765709 0.579842  0.19881 0.544695 0.814728 575
 0.0356963 -0.165924 0.948972  -0.939682 0.342047 0.000622142  -0.278337 -0.765709 0.579842  0.19881 0.544695 0.814728 570
 0.0356962 -0.165923 0.948972  -0.939682 0.342047 0.000622517  -0.278336 -0.765709 0.579842  0.19881 0.544694 0.814728 580
 0.0356961 -0.165923 0.948972  -0.939682 0.342047 0.000622892  -0.278336 -0.765709 0.579842  0.198811 0.544694 0.814728 578
 0.035696 -0.165923 0.948972  -0.939682 0.342047 0.00062308  -0.278336 -0.765709 0.579842  0.198811 0.544694 0.814728 570
 0.0356959 -0.165923 0.948972  -0.939682 0.342047 0.000623455  -0.278336 -0.765709 0.579843  0.198811 0.544694 0.814728 577
 0.0356958 -0.165923 0.948972  -0.939682 0.342048 0.00062383  -0.278336 -0.765709 0.579843  0.198812 0.544694 0.814728 571
 0.0356957 -0.165923 0.948972  -0.939682 0.342048 0.000624018  -0.278336 -0.765709 0.579843  0.198812 0.544694 0.814728 565
 0.0356956 -0.165923 0.948972  -0.939682 0.342048 0.000624581  -0.278336 -0.765709 0.579843  0.198812 0.544694 0.814728 572
 0.0356955 -0.165923 0.948972  -0.939682 0.342048 0.000624956  -0.278336 -0.765709 0.579843  0.198813 0.544694 0.814728 576
 0.0356954 -0.165923 0.948971  -0.939682 0.342048 0.000625331  -0.278336 -0.765709 0.579843  0.198813 0.544694 0.814728 572
 0.0356952 -0.165922 0.948971  -0.939682 0.342048 0.000625894  -0.278335 -0.765709 0.579843  0.198814 0.544694 0.814728 574
 0.0356951 -0.165922 0.948971  -0.93968 0.342048 0.0006266  -0.278335 -0.765709 0.579841  0.198814 0.544692 0.814729 576
 0.035695 -0.165922 0.948971  -0.93968 0.342048 0.000626787  -0.278335 -0.765709 0.579841  0.198814 0.544692 0.814729 572
 0.0356949 -0.165922 0.948971  -0.93968 0.342049 0.00062735  -0.278335 -0.765709 0.579841  0.198814 0.544692 0.814729 572
 0.0356948 -0.165922 0.948971  -0.93968 0.342047 0.000628137  -0.278333 -0.765709 0.579841  0.198814 0.544692 0.814729 579
 0.0356947 -0.165922 0.948971  -0.93968 0.342047 0.000628325  -0.278333 -0.765709 0.579841  0.198814 0.544692 0.814729 575
 0.0356946 -0.165922 0.948971  -0.93968 0.342047 0.000628888  -0.278333 -0.76571 0.579841  0.198815 0.544692 0.814729 576
 0.0356945 -0.165922 0.948971  -0.93968 0.342047 0.000629451  -0.278333 -0.76571 0.579841  0.198815 0.544692 0.814729 580
 0.0356944 -0.165922 0.948971  -0.939684 0.342048 0.000629745  -0.278333 -0.765713 0.579842  0.198816 0.544692 0.814729 574
 0.0356942 -0.165921 0.948971  -0.939684 0.342048 0.000630307  -0.278333 -0.765713 0.579842  0.198816 0.544692 0.814729 577
 0.0356941 -0.165921 0.94897  -0.939684 0.342048 0.000630683  -0.278333 -0.765713 0.579842  0.198817 0.544692 0.814729 579
 0.035694 -0.165921 0.94897  -0.939684 0.342048 0.000631058  -0.278333 -0.765714 0.579842  0.198817 0.544692 0.814729 577
 0.0356939 -0.165921 0.94897  -0.939684 0.342048 0.000631433  -0.278332 -0.765714 0.579842  0.198817 0.544692 0.814729 577
 0.0356938 -0.165921 0.94897  -0.939684 0.342048 0.000631621  -0.278332 -0.765714 0.579842  0.198817 0.544692 0.814729 580
 0.0356367 -0.166078 0.949089  -0.939681 0.342048 0.000630999  -0.278842 -0.767106 0.577749  0.198102 0.542725 0.816214 582
 0.035331 -0.166919 0.949714  -0.939682 0.342048 0.000627298  -0.28152 -0.774438 0.566563  0.194278 0.532212 0.824018 571
 0.0349469 -0.167976 0.950475  -0.939683 0.342046 0.000623331  -0.284775 -0.783352 0.552506  0.189471 0.519002 0.833509 575
 0.0346787 -0.168714 0.950989  -0.939681 0.342046 0.00062057  -0.286978 -0.789382 0.542694  0.186116 0.509782 0.83993 565
 0.0341875 -0.170065 0.951898  -0.939681 0.342047 0.000614882  -0.290872 -0.800034 0.524725  0.179973 0.492896 0.851271 561
 0.0338726 -0.170931 0.952458  -0.939685 0.342046 0.000612026  -0.293271 -0.806605 0.51321  0.176035 0.482075 0.858263 560
 0.0335463 -0.171828 0.953021  -0.939683 0.342047 0.00060839  -0.295683 -0.813202 0.501272  0.171953 0.470856 0.86529 561
 0.0332104 -0.172751 0.953582  -0.939685 0.342047 0.000604999  -0.298087 -0.819779 0.488989  0.167753 0.459314 0.87229 569
 0.0326339 -0.174337 0.954502  -0.939683 0.342045 0.000599929  -0.302029 -0.830569 0.467903  0.160542 0.439499 0.88378 578
 0.0322798 -0.17531 0.955042  -0.939683 0.342046 0.000596263  -0.304343 -0.836896 0.454953  0.156114 0.42733 0.890515 598
 0.0319206 -0.176298 0.95557  -0.939684 0.342045 0.000593025  -0.306605 -0.843086 0.441816  0.151621 0.414985 0.897106 611
 0.0315568 -0.177298 0.956085  -0.939683 0.342046 0.000589217  -0.308813 -0.849122 0.428516  0.147072 0.402487 0.903534 607
 0.030942 -0.178988 0.956912  -0.939682 0.342046 0.000583612  -0.312359 -0.858818 0.406033  0.139383 0.38136 0.913858 621
 0.0305685 -0.180014 0.957389  -0.939682 0.342046 0.000580209  -0.314401 -0.864402 0.392376  0.134712 0.368527 0.919805 621
 0.030192 -0.181049 0.95785  -0.939683 0.342045 0.000576753  -0.316377 -0.869804 0.37861  0.130003 0.355591 0.925556 623
 0.0294307 -0.183142 0.958724  -0.939683 0.342044 0.000569896  -0.320123 -0.880043 0.350775  0.120482 0.329435 0.936459 631
 0.0287887 -0.184906 0.959402  -0.939684 0.342045 0.000563996  -0.323031 -0.887989 0.327305  0.112454 0.307381 0.944918 625
 0.0284006 -0.185973 0.959787  -0.939683 0.342044 0.000560615  -0.32468 -0.892491 0.313115  0.107599 0.294047 0.949715 626
 0.0277491 -0.187763 0.96039  -0.939685 0.342044 0.000554952  -0.327267 -0.899558 0.2893  0.0994523 0.271669 0.957238 628
 0.0273557 -0.188844 0.960729  -0.939683 0.342044 0.000551208  -0.328722 -0.903526 0.27492  0.0945326 0.258156 0.961467 618
 0.0269605 -0.18993 0.961051  -0.939683 0.342044 0.000547753  -0.330103 -0.907295 0.260473  0.0895902 0.244582 0.965481 611
 0.0265636 -0.191021 0.961356  -0.939683 0.342043 0.00054427  -0.331409 -0.91086 0.245969  0.0846277 0.230953 0.969278 586
 0.0258988 -0.192847 0.961825  -0.939685 0.342043 0.000538464  -0.333421 -0.916349 0.221669  0.0763135 0.208119 0.975122 585
 0.025498 -0.193949 0.962083  -0.939682 0.342043 0.000535098  -0.33453 -0.919364 0.207019  0.0713014 0.194353 0.978337 588
 0.025096 -0.195053 0.962323  -0.939684 0.342044 0.000531478  -0.335563 -0.922176 0.192324  0.0662733 0.180545 0.981331 555
 0.0244232 -0.196902 0.962685  -0.939684 0.342043 0.000525609  -0.337114 -0.926401 0.167735  0.0578595 0.157441 0.985832 551
 0.0240181 -0.198015 0.962878  -0.939685 0.342043 0.00052212  -0.337945 -0.928659 0.15293  0.0527936 0.14353 0.988237 552
 0.023612 -0.19913 0.963053  -0.939683 0.342043 0.0005186  -0.338699 -0.930706 0.138091  0.0477156 0.129586 0.990419 554
 0.0232051 -0.200248 0.963211  -0.939683 0.342042 0.000515123  -0.339376 -0.932544 0.12322  0.0426269 0.115613 0.992379 549
 0.0225253 -0.202116 0.963434  -0.939685 0.342043 0.000509357  -0.340337 -0.935144 0.0983754  0.0341249 0.0922685 0.995149 555
 0.0221165 -0.203239 0.963544  -0.939686 0.342043 0.000505916  -0.34081 -0.936424 0.0834379  0.029013 0.0782328 0.996513 561
 0.0217072 -0.204363 0.963636  -0.939684 0.342042 0.000502457  -0.341206 -0.93749 0.0684815  0.0238946 0.0641796 0.997652 552
 0.0212975 -0.205488 0.96371  -0.939684 0.342042 0.000498931  -0.341527 -0.938347 0.0535098  0.0187708 0.0501119 0.998567 551
 0.0206139 -0.207366 0.963794  -0.939684 0.342041 0.000493149  -0.341889 -0.939307 0.0285317  0.0102222 0.0266422 0.999593 559
 0.0202035 -0.208493 0.96382  -0.939687 0.342042 0.000489657  -0.342005 -0.939603 0.0135352  0.0050897 0.0125514 0.999908 550
 0.0193825 -0.210748 0.963818  -0.939685 0.342041 0.000482694  -0.342002 -0.939555 -0.0164635  -0.00517765 -0.0156355 0.999864 563
 0.0186985 -0.212627 0.963761  -0.939684 0.34204 0.000476872  -0.341764 -0.938869 -0.0414522  -0.0137306 -0.039115 0.99914 564
 0.0182885 -0.213753 0.963704  -0.939684 0.34204 0.000473402  -0.34152 -0.938178 -0.0564341  -0.0188586 -0.053192 0.998406 560
 0.0178788 -0.214878 0.963628  -0.939686 0.34204 0.000469919  -0.341199 -0.937276 -0.0714032  -0.0239823 -0.0672569 0.997447 520
 0.0171969 -0.21675 0.963461  -0.939687 0.342041 0.000464141  -0.340493 -0.935303 -0.0963145  -0.0325094 -0.0906633 0.995351 541
 0.0167885 -0.217872 0.963338  -0.939687 0.342041 0.000460673  -0.339967 -0.933838 -0.111233  -0.0376161 -0.104681 0.993794 535
 0.0162451 -0.219364 0.963145  -0.939687 0.34204 0.00045604  -0.339144 -0.931558 -0.131086  -0.0444116 -0.123334 0.991371 539
 0.0155679 -0.221224 0.96286  -0.939686 0.342041 0.000450186  -0.337928 -0.928184 -0.155826  -0.052881 -0.14658 0.987784 576
 0.0148933 -0.223076 0.962525  -0.939687 0.34204 0.000444416  -0.336499 -0.924231 -0.180469  -0.0613169 -0.169734 0.983581 579
 0.01449 -0.224184 0.9623  -0.939687 0.342039 0.000440807  -0.33554 -0.921581 -0.195202  -0.0663605 -0.183577 0.980763 580
 0.0136871 -0.226388 0.961798  -0.939685 0.342039 0.000434073  -0.333397 -0.915658 -0.224533  -0.0764017 -0.211136 0.974466 577
 0.0130222 -0.228214 0.961326  -0.939684 0.342038 0.000427889  -0.33138 -0.910094 -0.248821  -0.0847168 -0.233955 0.968549 558
 0.0126252 -0.229304 0.96102  -0.939687 0.342039 0.000424685  -0.330073 -0.906486 -0.263321  -0.0896812 -0.247579 0.964708 577
 0.0119673 -0.23111 0.960471  -0.939687 0.342039 0.000418865  -0.327726 -0.900014 -0.287354  -0.0979092 -0.27016 0.957824 538
 0.0115749 -0.232188 0.960118  -0.939687 0.342038 0.000415231  -0.326219 -0.895862 -0.301688  -0.102817 -0.283628 0.953407 540
 0.0111843 -0.23326 0.959748  -0.939687 0.342039 0.000412005  -0.32464 -0.891507 -0.315955  -0.107702 -0.297032 0.948774 545
 0.0107956 -0.234327 0.959361  -0.939686 0.342037 0.000408216  -0.322985 -0.88695 -0.33015  -0.112562 -0.31037 0.943928 525
 0.0101524 -0.236093 0.958679  -0.939687 0.342037 0.000402485  -0.320068 -0.878916 -0.353644  -0.120605 -0.332443 0.93538 562
 0.0097694 -0.237145 0.958247  -0.939687 0.342038 0.000399316  -0.318223 -0.873832 -0.367634  -0.125396 -0.345587 0.929971 586
 0.00938862 -0.23819 0.957798  -0.939685 0.342037 0.000395571  -0.316304 -0.868548 -0.381541  -0.130158 -0.358654 0.924352 587
 0.00863419 -0.240261 0.956851  -0.939685 0.342036 0.000388494  -0.312254 -0.8574 -0.409095  -0.139592 -0.384543 0.912491 586
 0.00801316 -0.241966 0.956012  -0.939687 0.342037 0.000382997  -0.308666 -0.847522 -0.431778  -0.14736 -0.405854 0.90198 585
 0.00764405 -0.24298 0.955486  -0.939688 0.342036 0.000379023  -0.306418 -0.841341 -0.445258  -0.151975 -0.41852 0.895402 588
 0.00703501 -0.244651 0.954575  -0.939685 0.342035 0.000373253  -0.302521 -0.830614 -0.467501  -0.159592 -0.439417 0.883992 602
 0.00667339 -0.245644 0.954007  -0.939688 0.342037 0.000370085  -0.300093 -0.823934 -0.480709  -0.164115 -0.451827 0.87688 600
 0.00631473 -0.246629 0.953423  -0.939687 0.342037 0.000366855  -0.297595 -0.817063 -0.493808  -0.168601 -0.464134 0.869571 588
 0.00595912 -0.247605 0.952824  -0.939687 0.342036 0.000362844  -0.29503 -0.81001 -0.506794  -0.173048 -0.476335 0.862067 597
 0.00537339 -0.249213 0.95179  -0.939687 0.342035 0.000357013  -0.290609 -0.797851 -0.528185  -0.180373 -0.496433 0.849129 604
 0.00502626 -0.250166 0.951149  -0.939685 0.342034 0.000353567  -0.287868 -0.790314 -0.540862  -0.184714 -0.508343 0.841111 604
 0.00468247 -0.251109 0.950494  -0.939688 0.342035 0.000350145  -0.285064 -0.782603 -0.553419  -0.189014 -0.520141 0.832903 610
 0.00400517 -0.252968 0.949138  -0.939687 0.342035 0.000343264  -0.279262 -0.76665 -0.578153  -0.197485 -0.543379 0.815928 595
 0.00345161 -0.254488 0.947962  -0.939688 0.342035 0.000337949  -0.274236 -0.752828 -0.598369  -0.204409 -0.562372 0.801221 603
 0.00312437 -0.255386 0.947238  -0.939687 0.342035 0.000334283  -0.271136 -0.744309 -0.610319  -0.208501 -0.573599 0.792156 614
 0.00248122 -0.257151 0.945747  -0.939686 0.342034 0.000327203  -0.264756 -0.72677 -0.633804  -0.216545 -0.595664 0.773493 619
 0.00195716 -0.25859 0.944461  -0.939687 0.342033 0.000320914  -0.259256 -0.711655 -0.652941  -0.223099 -0.613644 0.757408 618
 0.00164807 -0.259438 0.943672  -0.939689 0.342035 0.000318143  -0.255879 -0.702373 -0.664229  -0.226966 -0.624249 0.747529 620
 0.00114204 -0.260827 0.942326  -0.939688 0.342033 0.000311964  -0.250121 -0.686549 -0.682708  -0.233295 -0.641611 0.730691 619
 0.000844012 -0.261645 0.941501  -0.939688 0.342033 0.000308362  -0.246591 -0.676849 -0.693591  -0.237022 -0.651835 0.720369 608
 0.000550253 -0.262451 0.940663  -0.939686 0.342033 0.000304899  -0.243006 -0.666995 -0.704317  -0.240697 -0.661912 0.709885 616
 -2.41853e-05 -0.264028 0.93895  -0.939689 0.342032 0.000297781  -0.235671 -0.646844 -0.725295  -0.247882 -0.681621 0.688438 624
 -0.000489255 -0.265305 0.937483  -0.939689 0.342033 0.000292495  -0.229398 -0.629606 -0.742277  -0.253699 -0.697576 0.670093 633
 -0.000762219 -0.266054 0.936587  -0.93969 0.342032 0.000288311  -0.225563 -0.619073 -0.752245  -0.257113 -0.706941 0.658884 627
 -0.00129418 -0.267514 0.93476  -0.939687 0.342032 0.000281537  -0.217744 -0.597589 -0.771669  -0.263767 -0.725189 0.636024 612
 -0.00172298 -0.268691 0.933203  -0.939687 0.342031 0.000275728  -0.211079 -0.579276 -0.787326  -0.269131 -0.7399 0.616536 602
 -0.00197381 -0.269379 0.932253  -0.939688 0.342032 0.000272844  -0.207016 -0.568114 -0.796486  -0.272269 -0.748505 0.604657 610
 -0.00238093 -0.270496 0.930647  -0.939688 0.342031 0.000266463  -0.200139 -0.549227 -0.811353  -0.277361 -0.762472 0.584557 605
 -0.00261855 -0.271149 0.929669  -0.939688 0.342032 0.000263682  -0.195955 -0.537729 -0.820029  -0.280335 -0.770623 0.572322 611
 -0.00285112 -0.271787 0.92868  -0.939686 0.342031 0.000259711  -0.191725 -0.526111 -0.82852  -0.283243 -0.778601 0.559958 617
 -0.00307858 -0.272411 0.927682  -0.939687 0.342031 0.000256501  -0.187453 -0.514374 -0.836826  -0.286089 -0.786404 0.547468 612
 -0.0034462 -0.27342 0.925996  -0.939688 0.34203 0.000250444  -0.180237 -0.494557 -0.850251  -0.290688 -0.799016 0.526378 618
 -0.0036598 -0.274006 0.924972  -0.93969 0.342031 0.000247165  -0.175854 -0.482519 -0.858051  -0.293361 -0.806345 0.513564 620
 -0.00386812 -0.274578 0.923939  -0.939688 0.34203 0.000243311  -0.171431 -0.47037 -0.865657  -0.295966 -0.81349 0.500637 615
 -0.0042687 -0.275677 0.921845  -0.939688 0.342029 0.00023595  -0.16247 -0.44576 -0.880284  -0.300978 -0.827232 0.474446 612
 -0.00458596 -0.276548 0.920075  -0.939688 0.34203 0.000230865  -0.154892 -0.424944 -0.891869  -0.304948 -0.838115 0.452294 618
 -0.004769 -0.277051 0.919001  -0.939687 0.34203 0.000227252  -0.150297 -0.412325 -0.898552  -0.307238 -0.844393 0.438866 608
 -0.00506174 -0.277854 0.917195  -0.939689 0.342029 0.000221123  -0.142564 -0.391092 -0.909242  -0.310901 -0.854437 0.416267 603
 -0.00522992 -0.278316 0.916101  -0.939687 0.342029 0.000217862  -0.137882 -0.378232 -0.915383  -0.313006 -0.860206 0.402582 619
 -0.00539247 -0.278762 0.915  -0.939691 0.34203 0.000214559  -0.133169 -0.36529 -0.92132  -0.31504 -0.865783 0.388806 628
 -0.00554933 -0.279192 0.913891  -0.93969 0.342028 0.000210374  -0.128425 -0.352264 -0.927048  -0.317003 -0.871164 0.374943 634
 -0.00579806 -0.279875 0.91203  -0.939689 0.342029 0.000205042  -0.120455 -0.330377 -0.93613  -0.320116 -0.879697 0.351652 640
 -0.00593962 -0.280263 0.910904  -0.939689 0.342029 0.000201549  -0.115637 -0.317146 -0.9413  -0.321888 -0.884553 0.337571 637
 -0.00611933 -0.280757 0.909394  -0.939689 0.342029 0.000196425  -0.109172 -0.299394 -0.947863  -0.324138 -0.890718 0.318678 643
 -0.0063694 -0.281443 0.907109  -0.93969 0.342029 0.000189667  -0.0993943 -0.272545 -0.956995  -0.327268 -0.899297 0.290103 638
 -0.00652302 -0.281865 0.905575  -0.93969 0.342028 0.00018632  -0.0928269 -0.254509 -0.962605  -0.329191 -0.904568 0.270908 640
 -0.00663132 -0.282162 0.904418  -0.939689 0.342028 0.000182748  -0.087875 -0.240912 -0.96656  -0.330546 -0.908283 0.256439 632
 -0.00679856 -0.282621 0.90248  -0.93969 0.342028 0.000177022  -0.07958 -0.218135 -0.972669  -0.332641 -0.914021 0.232198 629
 -0.00689092 -0.282875 0.901312  -0.93969 0.342027 0.000172726  -0.0745773 -0.204402 -0.976042  -0.333797 -0.91719 0.217582 617
 -0.00697726 -0.283112 0.90014  -0.939689 0.342027 0.000169377  -0.0695584 -0.190621 -0.979196  -0.334879 -0.920152 0.202916 620
 -0.00705757 -0.283332 0.898964  -0.939689 0.342028 0.000166022  -0.064525 -0.176799 -0.982129  -0.335887 -0.922907 0.188206 608
 -0.00713183 -0.283536 0.897784  -0.939692 0.342026 0.000161928  -0.0594759 -0.16294 -0.984842  -0.336816 -0.925457 0.173454 622
 -0.00724209 -0.283839 0.895812  -0.939689 0.342026 0.000155705  -0.0510317 -0.139755 -0.98887  -0.338198 -0.929239 0.148781 622
 -0.00730012 -0.283998 0.894625  -0.939689 0.342026 0.00015289  -0.0459509 -0.125803 -0.99099  -0.338925 -0.931231 0.133933 617
 -0.00739785 -0.284266 0.892244  -0.939691 0.342027 0.000146017  -0.035757 -0.0978149 -0.994562  -0.340152 -0.934586 0.104145 614
 -0.00746057 -0.284439 0.890254  -0.939691 0.342026 0.000140671  -0.0272383 -0.0744255 -0.996855  -0.34094 -0.936739 0.0792525 590
 -0.00749001 -0.28452 0.889058  -0.939691 0.342026 0.000137443  -0.022118 -0.0603668 -0.997932  -0.34131 -0.93775 0.0642903 606
 -0.0075254 -0.284617 0.887062  -0.939691 0.342027 0.00013088  -0.0135737 -0.0369109 -0.999227  -0.341757 -0.938966 0.0393263 624
 -0.00753842 -0.284653 0.885863  -0.939691 0.342026 0.000127514  -0.0084427 -0.0228233 -0.999704  -0.341922 -0.939413 0.0243338 631
 -0.00754528 -0.284672 0.884664  -0.939689 0.342026 0.000124401  -0.00331003 -0.00872952 -0.999956  -0.34201 -0.939649 0.00933674 628
 -0.00754598 -0.284674 0.883465  -0.939693 0.342025 0.000119897  0.00182459 0.00536252 -0.999985  -0.34202 -0.939677 -0.00566506 628
 -0.00753345 -0.28464 0.881467  -0.939691 0.342024 0.000114844  0.010378 0.0288487 -0.99953  -0.341867 -0.939248 -0.0306583 625
 -0.00751779 -0.284597 0.880274  -0.939689 0.342025 0.000112091  0.0154866 0.0428765 -0.99896  -0.341674 -0.938712 -0.045586 623
 -0.00749627 -0.284538 0.879093  -0.939689 0.342024 0.000108354  0.0205415 0.0567536 -0.998176  -0.341407 -0.937975 -0.0603548 635
 -0.00746924 -0.284464 0.877931  -0.93969 0.342024 0.000104828  0.0255154 0.0704081 -0.997191  -0.341071 -0.937049 -0.0748877 632
 -0.00741303 -0.28431 0.876049  -0.939691 0.342023 9.91274e-05  0.0335758 0.0925366 -0.995143  -0.340371 -0.935124 -0.0984386 635
 -0.00737334 -0.284201 0.874956  -0.939692 0.342024 9.59991e-05  0.038255 0.105381 -0.993696  -0.339878 -0.933764 -0.112111 643
 -0.00732971 -0.284081 0.873892  -0.939692 0.342024 9.29278e-05  0.0428069 0.117879 -0.992105  -0.339334 -0.932269 -0.125412 646
 -0.0072826 -0.283952 0.87286  -0.939691 0.342024 8.9503e-05  0.0472283 0.130016 -0.990387  -0.338748 -0.930653 -0.138328 641
 -0.00719745 -0.283719 0.871208  -0.93969 0.342024 8.53789e-05  0.0542981 0.149428 -0.98728  -0.337686 -0.927734 -0.158986 641
 -0.00714302 -0.283569 0.870259  -0.939692 0.342023 8.23355e-05  0.0583615 0.160583 -0.985296  -0.337007 -0.925869 -0.170859 646
 -0.00708653 -0.283415 0.869341  -0.93969 0.342022 7.96129e-05  0.0622921 0.171375 -0.983234  -0.336302 -0.923932 -0.182343 645
 -0.00702831 -0.283255 0.868453  -0.939692 0.342024 7.65494e-05  0.0660926 0.181805 -0.981111  -0.335577 -0.921937 -0.193447 644
 -0.00692825 -0.28298 0.867041  -0.939691 0.342024 7.25972e-05  0.0721406 0.19841 -0.977461  -0.334329 -0.918506 -0.211118 641
 -0.00686684 -0.282812 0.866232  -0.939693 0.342023 6.96889e-05  0.0756041 0.207917 -0.975221  -0.333562 -0.916402 -0.221237 647
 -0.00674202 -0.28247 0.864697  -0.939691 0.342023 6.51533e-05  0.0821732 0.225951 -0.970667  -0.332005 -0.912122 -0.24043 648
 -0.00663695 -0.282182 0.8635  -0.939692 0.342022 6.18529e-05  0.0872996 0.240027 -0.966833  -0.330693 -0.90852 -0.25541 646
 -0.0065738 -0.282008 0.862815  -0.939692 0.342022 5.99339e-05  0.0902308 0.248075 -0.96453  -0.329905 -0.906355 -0.263975 646
 -0.006448 -0.281663 0.861518  -0.939694 0.342023 5.66706e-05  0.095786 0.263326 -0.959941  -0.328336 -0.902043 -0.280208 639
 -0.00634424 -0.281379 0.860506  -0.939691 0.342022 5.40829e-05  0.100118 0.27522 -0.956154  -0.327041 -0.898484 -0.292864 629
 -0.00628268 -0.28121 0.859927  -0.939691 0.342022 5.06013e-05  0.102595 0.282018 -0.953908  -0.326272 -0.896374 -0.300099 640
 -0.0061815 -0.280933 0.859009  -0.939691 0.342022 4.93842e-05  0.106527 0.292815 -0.950216  -0.32501 -0.892905 -0.311589 631
 -0.00612178 -0.280769 0.858484  -0.939693 0.342022 4.78377e-05  0.108775 0.298987 -0.948038  -0.324264 -0.890858 -0.31816 636
 -0.00606287 -0.280607 0.857977  -0.939691 0.342022 4.53628e-05  0.110943 0.304938 -0.945888  -0.323528 -0.888838 -0.324492 632
 -0.00600482 -0.280448 0.857489  -0.93969 0.342021 4.38214e-05  0.113034 0.310679 -0.943769  -0.322803 -0.886848 -0.330601 622
 -0.00591013 -0.280188 0.856713  -0.93969 0.342021 4.20248e-05  0.116354 0.319796 -0.940314  -0.321621 -0.883601 -0.340303 613
 -0.00585461 -0.280036 0.85627  -0.939693 0.342023 3.97187e-05  0.118254 0.325006 -0.93829  -0.320929 -0.881699 -0.345852 607
 -0.00580009 -0.279886 0.855842  -0.939693 0.342022 3.88251e-05  0.120085 0.330033 -0.9363  -0.320248 -0.879829 -0.351202 606
 -0.00574661 -0.27974 0.85543  -0.939695 0.342021 3.81591e-05  0.121849 0.33488 -0.93435  -0.31958 -0.877997 -0.356361 610
 -0.0056598 -0.279502 0.854775  -0.939691 0.342021 3.62602e-05  0.124654 0.342583 -0.931181  -0.318496 -0.875019 -0.364556 606
 -0.00560914 -0.279363 0.8544  -0.939694 0.342022 3.42993e-05  0.126259 0.346984 -0.929334  -0.317864 -0.873284 -0.369244 612
 -0.00555957 -0.279227 0.854039  -0.939692 0.342021 3.32895e-05  0.127805 0.351231 -0.927525  -0.317245 -0.871583 -0.373761 612
 -0.00546368 -0.278964 0.853354  -0.93969 0.342022 3.10163e-05  0.130738 0.359283 -0.924025  -0.316048 -0.868295 -0.382329 618
 -0.0053871 -0.278754 0.85282  -0.939691 0.342022 2.92974e-05  0.133026 0.365563 -0.921231  -0.315092 -0.86567 -0.389013 621
 -0.0053426 -0.278632 0.852514  -0.939693 0.342021 2.86202e-05  0.134334 0.369154 -0.919609  -0.314536 -0.864146 -0.392837 622
 -0.00527082 -0.278435 0.852028  -0.939691 0.342021 2.73327e-05  0.136413 0.374864 -0.916989  -0.31364 -0.861683 -0.398911 621
 -0.00522917 -0.278321 0.851751  -0.939693 0.342022 2.60084e-05  0.137603 0.378129 -0.915469  -0.31312 -0.860256 -0.402389 613
 -0.00518857 -0.278209 0.851483  -0.939693 0.342022 2.50199e-05  0.138751 0.381279 -0.913989  -0.312613 -0.858864 -0.405741 620
 -0.00512321 -0.27803 0.851057  -0.939693 0.342022 2.3919e-05  0.140575 0.386288 -0.911604  -0.311797 -0.856623 -0.411072 614
 -0.00507296 -0.277892 0.850733  -0.93969 0.342021 2.26829e-05  0.141958 0.390086 -0.909769  -0.311169 -0.8549 -0.415111 614
 -0.00501263 -0.277727 0.85035  -0.939691 0.342021 2.18505e-05  0.143597 0.394586 -0.907569  -0.310416 -0.852832 -0.419902 616
 -0.004955 -0.277569 0.84999  -0.939694 0.342021 2.04797e-05  0.145143 0.398829 -0.905467  -0.309697 -0.850857 -0.42442 614
 -0.00492168 -0.277477 0.849783  -0.939693 0.342021 1.97439e-05  0.146027 0.401256 -0.904251  -0.309281 -0.849715 -0.427002 615
 -0.00488929 -0.277389 0.849584  -0.939693 0.34202 1.9611e-05  0.14688 0.403601 -0.903068  -0.308876 -0.848604 -0.429497 613
 -0.0048578 -0.277302 0.849391  -0.93969 0.342021 1.85107e-05  0.147704 0.405863 -0.901919  -0.308483 -0.847523 -0.431902 619
 -0.00480727 -0.277164 0.849085  -0.939694 0.342022 1.72053e-05  0.149015 0.409459 -0.900077  -0.307853 -0.845793 -0.435734 628
 -0.00477811 -0.277084 0.84891  -0.939692 0.342021 1.70642e-05  0.149765 0.411519 -0.899012  -0.307488 -0.844792 -0.437923 616
 -0.00474978 -0.277006 0.848741  -0.939692 0.34202 1.67218e-05  0.150488 0.413506 -0.897979  -0.307134 -0.843821 -0.440038 620
 -0.00469556 -0.276857 0.84842  -0.939693 0.342021 1.52811e-05  0.151863 0.417278 -0.896001  -0.306457 -0.841963 -0.444053 624
 -0.0046535 -0.276742 0.848173  -0.939692 0.342021 1.4598e-05  0.152919 0.420179 -0.894464  -0.305932 -0.840518 -0.447141 617
 -0.00463443 -0.276689 0.848061  -0.939692 0.342021 1.51437e-05  0.153397 0.421495 -0.893762  -0.305692 -0.839859 -0.44854 618
 -0.00461257 -0.276628 0.847933  -0.939692 0.342021 1.4808e-05  0.153946 0.422999 -0.892957  -0.305417 -0.839103 -0.450141 614
 -0.00460367 -0.276603 0.847881  -0.939692 0.342021 1.55346e-05  0.154168 0.423613 -0.892627  -0.305304 -0.838793 -0.450795 608
 -0.004597 -0.276585 0.847841  -0.939694 0.342021 1.56671e-05  0.154336 0.424073 -0.892381  -0.30522 -0.838561 -0.451286 612
 -0.00459201 -0.276571 0.847812  -0.939693 0.34202 1.6555e-05  0.15446 0.424419 -0.892194  -0.305155 -0.838386 -0.451652 609
 -0.00458634 -0.276554 0.847778  -0.939694 0.342021 1.64089e-05  0.154605 0.424815 -0.891981  -0.305083 -0.838185 -0.452075 615
 -0.00458406 -0.276548 0.847764  -0.939691 0.34202 1.73749e-05  0.154662 0.424977 -0.891893  -0.305053 -0.838103 -0.452244 609
 -0.00458238 -0.276543 0.847754  -0.939693 0.342021 1.73279e-05  0.154707 0.425099 -0.891828  -0.305031 -0.838041 -0.452376 603
 -0.0045805 -0.276537 0.847742  -0.939692 0.34202 1.78578e-05  0.154756 0.425237 -0.891753  -0.305005 -0.837971 -0.452521 607
 -0.00457976 -0.276535 0.847737  -0.939693 0.34202 1.85632e-05  0.154777 0.425295 -0.891722  -0.304995 -0.837942 -0.452583 609
 -0.00457924 -0.276533 0.847733  -0.939693 0.34202 1.88691e-05  0.154792 0.425337 -0.8917  -0.304987 -0.837921 -0.452628 608
 -0.00457887 -0.276531 0.847731  -0.939694 0.34202 1.88287e-05  0.154804 0.425369 -0.891683  -0.304982 -0.837905 -0.452663 609
 -0.00457876 -0.276531 0.84773  -0.939692 0.342021 1.81706e-05  0.154808 0.425376 -0.891678  -0.304981 -0.8379 -0.45267 617
 -0.00457856 -0.27653 0.847728  -0.939694 0.342022 1.83763e-05  0.154814 0.425394 -0.891669  -0.304978 -0.837891 -0.452691 611
 -0.00458317 -0.276543 0.847755  -0.939694 0.342021 1.8749e-05  0.154701 0.425085 -0.891836  -0.305035 -0.838049 -0.452362 604
 -0.00459338 -0.276571 0.847813  -0.939694 0.34202 1.94995e-05  0.154449 0.424396 -0.892208  -0.305161 -0.838398 -0.451628 606
 -0.00461865 -0.27664 0.84796  -0.93969 0.34202 1.94003e-05  0.153824 0.42268 -0.893129  -0.305477 -0.839263 -0.449798 604
 -0.00464177 -0.276704 0.848094  -0.939692 0.34202 1.9511e-05  0.153249 0.421099 -0.893974  -0.305765 -0.840058 -0.448118 604
 -0.00468525 -0.276823 0.848349  -0.939693 0.342021 1.93487e-05  0.152161 0.418109 -0.895562  -0.306309 -0.84155 -0.444936 605
 -0.00473853 -0.276969 0.848664  -0.939694 0.34202 1.98986e-05  0.150812 0.414405 -0.89751  -0.306975 -0.843381 -0.440996 610
 -0.00480077 -0.27714 0.849037  -0.939692 0.342021 1.93899e-05  0.149219 0.410027 -0.899784  -0.307753 -0.845517 -0.436336 607
 -0.00484683 -0.277267 0.849316  -0.939692 0.34202 1.96561e-05  0.148026 0.40675 -0.901467  -0.308328 -0.847099 -0.432847 607
 -0.00492214 -0.277474 0.849778  -0.939691 0.34202 2.00567e-05  0.146049 0.40132 -0.904218  -0.309269 -0.849684 -0.427067 611
 -0.00497615 -0.277622 0.850114  -0.939693 0.342021 1.97239e-05  0.144611 0.397368 -0.906194  -0.309945 -0.85154 -0.422864 613
 -0.00503292 -0.277778 0.850472  -0.939694 0.342022 1.91662e-05  0.143082 0.393162 -0.908269  -0.310655 -0.85349 -0.41839 610
 -0.00510742 -0.277983 0.850949  -0.939693 0.342021 1.9612e-05  0.141042 0.38756 -0.910991  -0.311586 -0.856049 -0.412427 623
 -0.00516957 -0.278154 0.851354  -0.939694 0.342022 1.91625e-05  0.139314 0.38281 -0.913263  -0.312363 -0.858183 -0.407373 622
 -0.00526651 -0.27842 0.851997  -0.939695 0.342021 1.96592e-05  0.136564 0.375258 -0.916806  -0.313574 -0.861513 -0.399337 615
 -0.00536727 -0.278697 0.852682  -0.939691 0.342021 1.96389e-05  0.133635 0.367212 -0.920487  -0.314833 -0.864972 -0.390772 618
 -0.00543621 -0.278886 0.853161  -0.939692 0.342021 1.95084e-05  0.131587 0.361584 -0.923007  -0.315695 -0.86734 -0.384783 615
 -0.00550633 -0.279079 0.853657  -0.939693 0.342022 1.94933e-05  0.129465 0.355752 -0.92557  -0.316572 -0.869748 -0.378578 607
 -0.00561328 -0.279373 0.854433  -0.939694 0.342021 2.017e-05  0.126145 0.346635 -0.92948  -0.317908 -0.873423 -0.368876 622
 -0.00573998 -0.279721 0.855384  -0.939693 0.342021 1.99934e-05  0.122079 0.335464 -0.93411  -0.319492 -0.877773 -0.356987 619
 -0.00579468 -0.279871 0.855806  -0.939694 0.342022 1.9744e-05  0.120276 0.330506 -0.936109  -0.320176 -0.879652 -0.351712 619
 -0.0059227 -0.280223 0.856824  -0.939692 0.342022 1.98745e-05  0.115927 0.31856 -0.940787  -0.321776 -0.884048 -0.338997 614
 -0.00597756 -0.280374 0.857273  -0.939693 0.342023 1.97003e-05  0.114006 0.31328 -0.942793  -0.322463 -0.885933 -0.33338 622
 -0.00610504 -0.280724 0.858352  -0.939693 0.342021 1.92747e-05  0.109395 0.300613 -0.947452  -0.324054 -0.890311 -0.319899 618
 -0.00615929 -0.280873 0.858826  -0.939691 0.342021 2.00644e-05  0.107364 0.295037 -0.949434  -0.324732 -0.892174 -0.313963 605
 -0.00623111 -0.28107 0.85947  -0.939693 0.342022 1.89392e-05  0.104612 0.28747 -0.95206  -0.325631 -0.894641 -0.305913 609
 -0.0062845 -0.281217 0.859962  -0.939691 0.342022 2.02664e-05  0.10251 0.281699 -0.954011  -0.326298 -0.896474 -0.29977 603
 -0.00635495 -0.281411 0.860627  -0.939692 0.342021 1.9472e-05  0.0996644 0.27388 -0.956586  -0.327177 -0.898895 -0.29145 603
 -0.00640716 -0.281554 0.861134  -0.939693 0.342023 1.97023e-05  0.0974971 0.267923 -0.958495  -0.327832 -0.900688 -0.285113 621
 -0.00647582 -0.281743 0.861821  -0.939694 0.342022 2.04501e-05  0.0945622 0.259863 -0.961005  -0.32869 -0.903047 -0.276535 623
 -0.00657652 -0.28202 0.862871  -0.939692 0.342022 1.99491e-05  0.090073 0.247528 -0.964685  -0.329948 -0.906505 -0.263407 632
 -0.00667408 -0.282288 0.863945  -0.939692 0.342022 1.95232e-05  0.0854816 0.234912 -0.96825  -0.331168 -0.909855 -0.249982 636
 -0.00672156 -0.282418 0.864491  -0.939692 0.342022 1.87882e-05  0.0831493 0.228503 -0.969986  -0.331761 -0.911486 -0.243161 632
 -0.00676811 -0.282546 0.865042  -0.939692 0.342023 1.99578e-05  0.0807914 0.222027 -0.971688  -0.332344 -0.913085 -0.23627 635
 -0.00682865 -0.282712 0.865785  -0.93969 0.342022 1.8466e-05  0.0776141 0.213295 -0.973899  -0.333099 -0.915164 -0.226975 646
 -0.00691597 -0.282952 0.866918  -0.939692 0.342022 2.08882e-05  0.072769 0.19999 -0.977092  -0.334191 -0.918164 -0.212818 645
 -0.00699878 -0.28318 0.86807  -0.939694 0.342023 1.9737e-05  0.067843 0.186452 -0.98012  -0.335226 -0.921009 -0.198413 645
 -0.00705134 -0.283324 0.868849  -0.939691 0.342023 1.98808e-05  0.0645125 0.177302 -0.982039  -0.335884 -0.922813 -0.188673 643
 -0.00712595 -0.283529 0.870033  -0.939692 0.342022 1.90931e-05  0.0594531 0.1634 -0.984767  -0.336815 -0.925376 -0.17388 642
 -0.00720624 -0.28375 0.871435  -0.939693 0.342022 1.88505e-05  0.0534571 0.146925 -0.987703  -0.337819 -0.928135 -0.156349 640
 -0.00726897 -0.283923 0.872655  -0.939692 0.342022 2.0555e-05  0.0482411 0.1326 -0.989995  -0.338603 -0.930289 -0.141102 637
 -0.00729814 -0.284003 0.873271  -0.939691 0.342023 1.85554e-05  0.0456117 0.12537 -0.991061  -0.338968 -0.931291 -0.133409 642
 -0.00733469 -0.284103 0.874097  -0.939694 0.342023 2.06919e-05  0.0420761 0.115661 -0.992398  -0.339425 -0.932547 -0.123079 645
 -0.00736849 -0.284196 0.87493  -0.939691 0.342023 1.96947e-05  0.0385173 0.105882 -0.993632  -0.339847 -0.933707 -0.11267 638
 -0.00741389 -0.284321 0.87619  -0.939692 0.342023 1.933e-05  0.03313 0.0910794 -0.995292  -0.340414 -0.935267 -0.0969178 637
 -0.00743416 -0.284377 0.876825  -0.939691 0.342023 2.04577e-05  0.0304158 0.0836254 -0.996033  -0.340668 -0.935963 -0.088985 645
 -0.00745859 -0.284444 0.877676  -0.93969 0.342024 1.9149e-05  0.0267779 0.0736271 -0.996926  -0.340974 -0.936802 -0.0783446 641
 -0.00748958 -0.284529 0.878962  -0.939691 0.342023 2.11672e-05  0.0212778 0.0585217 -0.998059  -0.34136 -0.937867 -0.0622694 645
 -0.00750248 -0.284564 0.879609  -0.93969 0.342023 1.90914e-05  0.0185133 0.0509207 -0.99853  -0.341522 -0.93831 -0.0541804 642
 -0.00751363 -0.284595 0.880259  -0.939693 0.342023 2.02028e-05  0.0157344 0.0432877 -0.998939  -0.341661 -0.938695 -0.04606 639
 -0.00752299 -0.284621 0.880911  -0.939692 0.342023 1.96879e-05  0.0129475 0.0356296 -0.999282  -0.341778 -0.939016 -0.0379099 640
 -0.00753056 -0.284642 0.881565  -0.939691 0.342023 1.95874e-05  0.0101492 0.0279418 -0.999558  -0.341873 -0.939276 -0.0297275 649
 -0.00753782 -0.284662 0.882441  -0.93969 0.342024 2.0039e-05  0.00640402 0.0176539 -0.999823  -0.341964 -0.939525 -0.0187782 647
 -0.00754256 -0.284675 0.883762  -0.939691 0.342024 2.05789e-05  0.000755939 0.00213726 -0.999997  -0.342023 -0.939689 -0.00226654 640
 -0.00754157 -0.284672 0.884647  -0.939693 0.342024 2.04595e-05  -0.0030268 -0.0082568 -0.999962  -0.342011 -0.939656 0.00879282 642
 -0.00753558 -0.284656 0.885757  -0.93969 0.342023 1.96683e-05  -0.00777353 -0.0212991 -0.999742  -0.341935 -0.939449 0.0226749 624
 -0.00752695 -0.284632 0.886649  -0.939692 0.342024 1.98852e-05  -0.0115855 -0.0317725 -0.999428  -0.341828 -0.939154 0.0338184 631
 -0.00750755 -0.284579 0.887991  -0.939691 0.342023 2.06488e-05  -0.0173244 -0.0475375 -0.998719  -0.341584 -0.938488 0.0505962 626
 -0.00748029 -0.284504 0.889338  -0.939691 0.342024 1.83722e-05  -0.0230822 -0.0633631 -0.997723  -0.341244 -0.937552 0.0674371 626
 -0.00743845 -0.284389 0.890915  -0.939692 0.342024 2.07673e-05  -0.0298276 -0.0818897 -0.996195  -0.340721 -0.936117 0.0871518 617
 -0.0073939 -0.284267 0.892271  -0.939691 0.342023 1.98057e-05  -0.0356217 -0.0978109 -0.994567  -0.340163 -0.934587 0.104097 622
 -0.00734124 -0.284122 0.89363  -0.93969 0.342025 1.97522e-05  -0.0414294 -0.113767 -0.992643  -0.339506 -0.932778 0.121076 612
 -0.00731186 -0.284041 0.894309  -0.939692 0.342025 1.99436e-05  -0.0443366 -0.121755 -0.99157  -0.339139 -0.93177 0.129575 603
 -0.00728042 -0.283955 0.89499  -0.939691 0.342024 1.93427e-05  -0.0472449 -0.129747 -0.990421  -0.338746 -0.930691 0.13808 606
 -0.00723532 -0.283831 0.895898  -0.939692 0.342024 1.92533e-05  -0.0511252 -0.140409 -0.988773  -0.338181 -0.929143 0.149426 615
 -0.00716078 -0.283626 0.89726  -0.93969 0.342025 1.96282e-05  -0.0569493 -0.156408 -0.986049  -0.33725 -0.926582 0.166453 604
 -0.00712041 -0.283516 0.897941  -0.939692 0.342025 1.9518e-05  -0.0598612 -0.164409 -0.984575  -0.336746 -0.925197 0.174967 597
 -0.00703344 -0.283277 0.899303  -0.93969 0.342025 1.98983e-05  -0.0656849 -0.180407 -0.981396  -0.335658 -0.92221 0.191994 605
 -0.00693815 -0.283015 0.900664  -0.939691 0.342025 1.9102e-05  -0.0715032 -0.196396 -0.977914  -0.334467 -0.918939 0.209007 613
 -0.0068345 -0.28273 0.902024  -0.93969 0.342025 2.00712e-05  -0.0773171 -0.212366 -0.974126  -0.333171 -0.915379 0.226003 629
 -0.00677954 -0.282579 0.902703  -0.939693 0.342024 1.91398e-05  -0.080219 -0.220344 -0.972119  -0.332484 -0.913494 0.23449 624
 -0.00672249 -0.282423 0.903381  -0.939691 0.342024 2.00651e-05  -0.0831198 -0.22831 -0.970034  -0.33177 -0.911534 0.24297 629
 -0.00664317 -0.282205 0.904284  -0.939691 0.342025 2.09308e-05  -0.0869833 -0.238922 -0.967135  -0.330779 -0.90881 0.254263 627
 -0.00653879 -0.281918 0.905412  -0.939691 0.342025 1.99175e-05  -0.0918013 -0.252162 -0.963321  -0.329475 -0.905226 0.268352 628
 -0.0064511 -0.281677 0.906312  -0.93969 0.342025 2.0728e-05  -0.0956494 -0.262732 -0.960115  -0.328378 -0.902214 0.279602 618
 -0.00635969 -0.281426 0.90721  -0.939691 0.342024 1.93016e-05  -0.0994872 -0.273281 -0.956775  -0.327235 -0.899075 0.290828 619
 -0.0062887 -0.281231 0.907882  -0.939692 0.342025 1.9545e-05  -0.102362 -0.281178 -0.954182  -0.326349 -0.896638 0.299229 625
 -0.00621561 -0.28103 0.908553  -0.939689 0.342025 1.97251e-05  -0.10523 -0.289056 -0.95151  -0.325435 -0.894127 0.307616 624
 -0.00614045 -0.280824 0.909222  -0.939691 0.342024 1.9734e-05  -0.108092 -0.296923 -0.948764  -0.324494 -0.891547 0.315986 628
 -0.0060632 -0.280611 0.909891  -0.939691 0.342025 2.06891e-05  -0.11095 -0.304771 -0.945941  -0.323529 -0.888895 0.324339 624
 -0.00592982 -0.280245 0.911001  -0.93969 0.342024 1.9179e-05  -0.115697 -0.317816 -0.941066  -0.321862 -0.884314 0.338221 634
 -0.00584703 -0.280018 0.911665  -0.939689 0.342024 1.92216e-05  -0.118536 -0.325618 -0.93804  -0.320827 -0.88147 0.346524 637
 -0.00576217 -0.279785 0.912328  -0.939693 0.342025 1.99265e-05  -0.12137 -0.333403 -0.934941  -0.319767 -0.878558 0.354805 634
 -0.00558624 -0.279301 0.913648  -0.939689 0.342024 1.91685e-05  -0.127012 -0.348905 -0.92851  -0.317566 -0.872515 0.371306 645
 -0.00537059 -0.278709 0.915178  -0.939692 0.342025 1.97084e-05  -0.133556 -0.366884 -0.920631  -0.314872 -0.865111 0.390435 641
 -0.00517688 -0.278177 0.916481  -0.939689 0.342024 1.90447e-05  -0.139126 -0.382188 -0.91355  -0.312449 -0.858457 0.406725 629
 -0.00507697 -0.277902 0.91713  -0.93969 0.342025 1.91098e-05  -0.141898 -0.389804 -0.909899  -0.3112 -0.855026 0.41483 645
 -0.00487106 -0.277337 0.91842  -0.939692 0.342025 1.9168e-05  -0.147413 -0.404958 -0.902375  -0.308627 -0.847956 0.430953 647
 -0.0046933 -0.276848 0.919487  -0.939689 0.342024 1.88551e-05  -0.151977 -0.417497 -0.895878  -0.306404 -0.841851 0.4443 645
 -0.00450998 -0.276345 0.920548  -0.939689 0.342025 1.89721e-05  -0.156513 -0.429958 -0.889178  -0.304113 -0.835555 0.45756 640
 -0.00435933 -0.275931 0.921392  -0.939691 0.342026 1.97547e-05  -0.16012 -0.439868 -0.883674  -0.302231 -0.830383 0.468104 637
 -0.00416607 -0.2754 0.922439  -0.939692 0.342026 1.9814e-05  -0.164599 -0.452174 -0.876611  -0.299815 -0.823747 0.4812 628
 -0.00404749 -0.275074 0.923064  -0.939691 0.342025 1.91323e-05  -0.16727 -0.459515 -0.872277  -0.298332 -0.819674 0.489012 625
 -0.00392695 -0.274743 0.923686  -0.939692 0.342026 1.93726e-05  -0.16993 -0.466823 -0.867872  -0.296825 -0.815535 0.496788 614
 -0.00368001 -0.274065 0.924922  -0.939689 0.342026 1.9539e-05  -0.175212 -0.481332 -0.858847  -0.293739 -0.807054 0.512231 602
 -0.00346832 -0.273483 0.925942  -0.939691 0.342025 1.9213e-05  -0.179573 -0.493318 -0.851112  -0.291092 -0.799786 0.524984 613
 -0.00320727 -0.272766 0.927155  -0.93969 0.342026 1.9302e-05  -0.184759 -0.507565 -0.84157  -0.287829 -0.790819 0.540147 611
 -0.00298392 -0.272152 0.928156  -0.939692 0.342026 1.9897e-05  -0.189039 -0.519321 -0.83341  -0.285038 -0.783151 0.552656 618
 -0.00280147 -0.271651 0.92895  -0.939691 0.342026 1.9637e-05  -0.192433 -0.528648 -0.826742  -0.282757 -0.776885 0.562582 623
 -0.00256875 -0.271012 0.929934  -0.939689 0.342026 1.95331e-05  -0.19664 -0.540205 -0.818236  -0.279848 -0.768892 0.574882 624
 -0.00228272 -0.270226 0.931102  -0.939691 0.342026 1.92409e-05  -0.201632 -0.553923 -0.807784  -0.276272 -0.759071 0.589479 625
 -0.00203876 -0.269556 0.932064  -0.939689 0.342026 1.94165e-05  -0.205746 -0.565224 -0.798867  -0.273223 -0.750691 0.601507 627
 -0.0017394 -0.268733 0.933205  -0.93969 0.342026 1.94194e-05  -0.210623 -0.578625 -0.787928  -0.269481 -0.740412 0.615768 622
 -0.00148447 -0.268033 0.934144  -0.939691 0.342026 1.93766e-05  -0.214638 -0.589657 -0.778611  -0.266294 -0.731658 0.627507 617
 -0.0011721 -0.267175 0.935257  -0.93969 0.342027 1.97002e-05  -0.219394 -0.602724 -0.767196  -0.262389 -0.72093 0.641413 614
 -0.000906473 -0.266445 0.936171  -0.93969 0.342027 1.93587e-05  -0.223306 -0.613472 -0.757487  -0.259069 -0.711807 0.65285 615
 -0.00058143 -0.265552 0.937254  -0.939691 0.342027 1.9485e-05  -0.227935 -0.62619 -0.745609  -0.255006 -0.700646 0.666384 608
 -0.000249623 -0.26464 0.93832  -0.939692 0.342026 1.91888e-05  -0.232491 -0.638712 -0.733483  -0.250858 -0.689251 0.679708 608
 3.19708e-05 -0.263867 0.939195  -0.939691 0.342026 1.87239e-05  -0.236232 -0.648991 -0.723191  -0.247338 -0.67958 0.690648 605
 0.000318124 -0.263081 0.940058  -0.939692 0.342027 1.93316e-05  -0.239922 -0.659128 -0.712735  -0.243761 -0.669755 0.701434 608
 0.000550284 -0.262443 0.94074  -0.939692 0.342026 1.89994e-05  -0.242835 -0.667132 -0.70425  -0.240859 -0.661782 0.709952 613
 0.000844478 -0.261635 0.94158  -0.939692 0.342027 1.94794e-05  -0.246429 -0.677004 -0.693499  -0.237182 -0.651679 0.720458 628
 0.00126368 -0.260483 0.942735  -0.939692 0.342026 1.90623e-05  -0.251367 -0.690573 -0.678178  -0.231942 -0.637282 0.734898 627
 0.00156826 -0.259646 0.943545  -0.939689 0.342026 1.92639e-05  -0.254827 -0.700078 -0.667046  -0.228134 -0.626822 0.745016 634
 0.00187704 -0.258798 0.944341  -0.939692 0.342027 1.93275e-05  -0.258231 -0.709432 -0.655763  -0.224275 -0.616219 0.754967 624
 0.00218996 -0.257938 0.945124  -0.939692 0.342028 1.93574e-05  -0.261578 -0.718627 -0.644326  -0.220363 -0.605472 0.764751 618
 0.00257083 -0.256892 0.946045  -0.939689 0.342027 1.92609e-05  -0.265515 -0.729443 -0.630406  -0.215602 -0.592392 0.776265 609
 0.0028926 -0.256008 0.946797  -0.93969 0.342026 1.88229e-05  -0.26873 -0.738282 -0.618646  -0.211579 -0.581341 0.78567 608
 0.00321828 -0.255113 0.947535  -0.939689 0.342027 1.91589e-05  -0.271887 -0.746952 -0.606744  -0.207509 -0.570157 0.794897 609
 0.00341553 -0.254571 0.947971  -0.939691 0.342026 1.88445e-05  -0.273751 -0.752076 -0.599536  -0.205043 -0.563383 0.800348 612
 0.00361414 -0.254026 0.948402  -0.939688 0.342028 1.92272e-05  -0.275594 -0.757135 -0.592277  -0.202561 -0.556562 0.805734 619
 0.0038141 -0.253476 0.948828  -0.93969 0.342028 1.95485e-05  -0.277414 -0.762136 -0.584971  -0.200061 -0.549696 0.811055 624
 0.00421798 -0.252367 0.949663  -0.939689 0.342026 1.91675e-05  -0.280985 -0.771949 -0.57021  -0.195012 -0.535826 0.821499 625
 0.00462705 -0.251243 0.950478  -0.939692 0.342028 1.9351e-05  -0.284467 -0.781517 -0.55526  -0.189899 -0.521778 0.831677 619
 0.00497181 -0.250296 0.95114  -0.939689 0.342028 1.92908e-05  -0.287297 -0.789291 -0.542659  -0.185589 -0.509937 0.839953 611
 0.00531999 -0.249339 0.951787  -0.939689 0.342027 1.90192e-05  -0.290061 -0.796888 -0.529935  -0.181237 -0.49798 0.848038 610
 0.00553051 -0.248761 0.952167  -0.939691 0.342028 1.90892e-05  -0.29169 -0.801364 -0.522241  -0.178606 -0.490751 0.852798 610
 0.005884 -0.24779 0.95279  -0.93969 0.342027 1.895e-05  -0.294349 -0.808671 -0.509323  -0.174187 -0.478611 0.860575 601
 0.00609765 -0.247203 0.953155  -0.939691 0.342028 1.92119e-05  -0.295914 -0.81297 -0.501516  -0.171516 -0.471275 0.865149 602
 0.00631243 -0.246612 0.953516  -0.93969 0.342027 1.91215e-05  -0.297453 -0.8172 -0.493665  -0.168831 -0.463898 0.869652 600
 0.00652834 -0.246019 0.95387  -0.939689 0.342027 1.8907e-05  -0.298969 -0.821365 -0.485773  -0.166132 -0.456482 0.874085 595
 0.00674536 -0.245423 0.954219  -0.939692 0.342028 1.92315e-05  -0.300462 -0.825465 -0.477844  -0.16342 -0.449031 0.878445 609
 0.00718262 -0.244222 0.9549  -0.93969 0.342027 1.9005e-05  -0.30337 -0.833456 -0.461863  -0.157954 -0.434014 0.886951 606
 0.00755022 -0.243212 0.955449  -0.939689 0.342028 1.92862e-05  -0.305719 -0.839909 -0.448428  -0.153359 -0.421389 0.893819 604
 0.00792066 -0.242194 0.955982  -0.93969 0.342028 1.90225e-05  -0.307999 -0.846173 -0.43489  -0.148728 -0.408667 0.900484 606
 0.00814424 -0.24158 0.956294  -0.939691 0.342027 1.89408e-05  -0.309331 -0.849839 -0.42672  -0.145933 -0.40099 0.904384 598
 0.0083688 -0.240963 0.9566  -0.939691 0.342029 1.93581e-05  -0.310642 -0.853435 -0.418513  -0.143127 -0.393278 0.908211 594
 0.00882074 -0.239721 0.957195  -0.939691 0.342027 1.89653e-05  -0.313181 -0.860417 -0.401995  -0.137477 -0.377757 0.915642 598
 0.00920016 -0.238679 0.957672  -0.93969 0.342029 1.90607e-05  -0.315222 -0.866021 -0.388129  -0.132735 -0.364727 0.921605 607
 0.009429 -0.23805 0.95795  -0.93969 0.342029 1.89415e-05  -0.316412 -0.869289 -0.379765  -0.129874 -0.356867 0.925083 605
 0.00988924 -0.236786 0.958488  -0.939691 0.342028 1.89848e-05  -0.318712 -0.875611 -0.362945  -0.124121 -0.341062 0.93181 598
 0.0102753 -0.235725 0.958918  -0.93969 0.342028 1.86671e-05  -0.320549 -0.88066 -0.348835  -0.119295 -0.327803 0.937184 591
 0.010508 -0.235086 0.959168  -0.939687 0.342028 1.8928e-05  -0.321617 -0.883591 -0.340331  -0.116386 -0.319811 0.940306 591
 0.0108975 -0.234016 0.95957  -0.939688 0.342027 1.87972e-05  -0.323337 -0.88832 -0.326094  -0.111517 -0.306434 0.945337 589
 0.0111323 -0.233371 0.959804  -0.93969 0.342029 1.91272e-05  -0.324335 -0.891061 -0.317517  -0.108583 -0.298374 0.948252 588
 0.0113677 -0.232724 0.960031  -0.939691 0.342028 1.87872e-05  -0.325305 -0.893729 -0.308913  -0.10564 -0.290288 0.95109 585
 0.0116038 -0.232075 0.960252  -0.939689 0.342029 1.93039e-05  -0.32625 -0.89632 -0.300283  -0.102688 -0.282179 0.95385 586
 0.0120782 -0.230772 0.960674  -0.93969 0.342029 1.89356e-05  -0.328057 -0.901288 -0.282947  -0.0967589 -0.265888 0.959136 592
 0.0125551 -0.229462 0.961072  -0.939691 0.342028 1.8839e-05  -0.329756 -0.90596 -0.265518  -0.0907975 -0.249511 0.964106 568
 0.0129543 -0.228365 0.961384  -0.939689 0.342028 1.89848e-05  -0.33109 -0.909623 -0.250926  -0.0858067 -0.235799 0.968006 547
 0.0133552 -0.227264 0.961678  -0.93969 0.342028 1.88333e-05  -0.332348 -0.913082 -0.236276  -0.0807958 -0.222032 0.971686 547
 0.0135964 -0.226601 0.961847  -0.93969 0.342029 1.88605e-05  -0.333067 -0.915057 -0.22746  -0.0777806 -0.213748 0.973787 546
 0.0140804 -0.225271 0.962164  -0.939691 0.342029 1.87987e-05  -0.334423 -0.918782 -0.209771  -0.0717304 -0.197126 0.977751 542
 0.0144852 -0.224159 0.962408  -0.939689 0.342028 1.88642e-05  -0.335467 -0.921653 -0.194977  -0.0666703 -0.183224 0.980808 551
 0.0147287 -0.22349 0.962546  -0.939688 0.342029 1.89844e-05  -0.336059 -0.923275 -0.186079  -0.063627 -0.174863 0.982535 568
 0.0152169 -0.222149 0.962803  -0.939688 0.342029 1.89977e-05  -0.337157 -0.926293 -0.168236  -0.0575242 -0.158096 0.985747 573
 0.0156249 -0.221028 0.962998  -0.939688 0.342028 1.8766e-05  -0.337987 -0.928576 -0.153324  -0.0524239 -0.144084 0.988176 569
 0.0161158 -0.219679 0.963207  -0.939687 0.342028 1.87612e-05  -0.338882 -0.931035 -0.135384  -0.0462876 -0.127225 0.990793 559
 0.016608 -0.218327 0.96339  -0.93969 0.342029 1.8916e-05  -0.339666 -0.933191 -0.117398  -0.0401358 -0.110324 0.993085 576
 0.0171012 -0.216972 0.963548  -0.939688 0.342028 1.87989e-05  -0.340337 -0.935036 -0.0993723  -0.0339706 -0.0933855 0.99505 586
 0.0175129 -0.215841 0.963659  -0.939691 0.34203 1.88409e-05  -0.340813 -0.936344 -0.0843257  -0.0288243 -0.0792464 0.996438 591
 0.0179251 -0.214708 0.963751  -0.939687 0.342029 1.88166e-05  -0.341209 -0.937431 -0.0692592  -0.023671 -0.0650885 0.997599 582
 0.0184204 -0.213348 0.963839  -0.939688 0.342028 1.87763e-05  -0.341581 -0.938457 -0.0511583  -0.01748 -0.0480793 0.998691 554
 0.0188335 -0.212213 0.963892  -0.93969 0.34203 1.87806e-05  -0.341808 -0.939079 -0.0360608  -0.0123162 -0.0338924 0.99935 532
 0.0192468 -0.211077 0.963926  -0.93969 0.34203 1.87938e-05  -0.341956 -0.939483 -0.0209548  -0.00714951 -0.0196974 0.99978 530
 0.0195776 -0.210168 0.96394  -0.939688 0.342029 1.8762e-05  -0.342015 -0.939651 -0.00886604  -0.00301481 -0.00833774 0.999961 547
 0.0199911 -0.209032 0.963942  -0.939689 0.342029 1.87602e-05  -0.342022 -0.939671 0.00624673  0.00215419 0.00586357 0.99998 531
 0.0204046 -0.207896 0.963925  -0.93969 0.342029 1.87527e-05  -0.341951 -0.939476 0.0213584  0.0073228 0.0200638 0.999772 519
 0.0207353 -0.206988 0.963899  -0.939689 0.34203 1.87287e-05  -0.341838 -0.939163 0.0334446  0.0114566 0.0314211 0.999441 555
 0.0211485 -0.205852 0.963849  -0.939691 0.34203 1.87138e-05  -0.341626 -0.938583 0.0485455  0.0166216 0.0456113 0.998821 562
 0.0213963 -0.205172 0.963811  -0.939689 0.34203 1.8705e-05  -0.341461 -0.938129 0.057601  0.0197188 0.0541207 0.99834 565
 0.021809 -0.204038 0.963732  -0.939691 0.34203 1.87363e-05  -0.341124 -0.937206 0.0726828  0.0248772 0.0682928 0.997355 568
 0.0220563 -0.203358 0.963676  -0.939689 0.342031 1.86724e-05  -0.340885 -0.936546 0.0817243  0.0279697 0.0767891 0.996655 565
 0.0223036 -0.202679 0.963613  -0.939688 0.342031 1.86782e-05  -0.340617 -0.93581 0.090759  0.0310598 0.0852788 0.995873 555
 0.0227151 -0.201548 0.963495  -0.939689 0.34203 1.8687e-05  -0.340108 -0.934415 0.1058  0.0362044 0.0994131 0.994387 562
 0.0229617 -0.200871 0.963415  -0.939687 0.342031 1.86177e-05  -0.339767 -0.933474 0.114814  0.0392873 0.107883 0.993387 563
 0.0232081 -0.200194 0.963328  -0.939691 0.342029 1.86886e-05  -0.339395 -0.932461 0.123818  0.0423668 0.116344 0.992305 555
 0.0236181 -0.199067 0.963169  -0.93969 0.34203 1.87723e-05  -0.338717 -0.930594 0.138802  0.0474919 0.130424 0.99032 554
 0.0238637 -0.198393 0.963065  -0.939689 0.342029 1.86294e-05  -0.338271 -0.929372 0.147777  0.0505615 0.138858 0.989021 558
 0.0241089 -0.197719 0.962955  -0.939688 0.34203 1.87347e-05  -0.337799 -0.928075 0.156741  0.0536273 0.147281 0.98764 550
 0.0243538 -0.197046 0.962838  -0.939689 0.342031 1.84851e-05  -0.337301 -0.926701 0.165691  0.0566887 0.155692 0.986178 551
 0.0247612 -0.195927 0.962628  -0.939688 0.342031 1.85557e-05  -0.336405 -0.924241 0.180578  0.0617805 0.169681 0.983561 566
 0.025005 -0.195257 0.962494  -0.939688 0.34203 1.86166e-05  -0.33583 -0.922664 0.189491  0.0648286 0.178056 0.981883 557
 0.0252485 -0.194588 0.962354  -0.939688 0.342031 1.8622e-05  -0.335229 -0.921012 0.198388  0.0678721 0.186417 0.980124 551
 0.025734 -0.193254 0.962053  -0.939687 0.342029 1.88076e-05  -0.333941 -0.917478 0.216132  0.0739408 0.20309 0.976364 556
 0.0261371 -0.192147 0.961782  -0.939687 0.342031 1.85668e-05  -0.332787 -0.914304 0.230866  0.0789801 0.216936 0.972986 557
 0.0263783 -0.191484 0.961612  -0.939688 0.34203 1.8666e-05  -0.332056 -0.912299 0.239682  0.0819953 0.22522 0.970852 542
 0.0268591 -0.190163 0.961251  -0.939689 0.34203 1.8668e-05  -0.330515 -0.908066 0.257251  0.0880045 0.24173 0.966345 545
 0.027258 -0.189067 0.960931  -0.939687 0.342031 1.83885e-05  -0.329147 -0.904306 0.271829  0.0929905 0.255428 0.962346 552
 0.0275758 -0.188194 0.960663  -0.939691 0.342031 1.84518e-05  -0.327999 -0.901154 0.283447  0.0969643 0.266346 0.958988 563
 0.0279716 -0.187107 0.960311  -0.939689 0.342031 1.85499e-05  -0.326496 -0.897024 0.297909  0.101911 0.279936 0.954594 581
 0.0283655 -0.186025 0.959942  -0.939691 0.342031 1.85696e-05  -0.324918 -0.892691 0.312305  0.106834 0.293463 0.949982 570
 0.0288355 -0.184733 0.959477  -0.939688 0.342031 1.86558e-05  -0.322927 -0.887219 0.329484  0.11271 0.309607 0.944161 604
 0.029225 -0.183663 0.959069  -0.93969 0.342032 1.85643e-05  -0.321187 -0.88244 0.343719  0.117579 0.322983 0.939073 603
 0.0296895 -0.182387 0.958558  -0.93969 0.342032 1.85492e-05  -0.319001 -0.876435 0.360696  0.123386 0.338936 0.932683 620
 0.0300742 -0.18133 0.958114  -0.939687 0.342031 1.85276e-05  -0.317099 -0.871209 0.374753  0.128193 0.352146 0.927124 629
 0.0303038 -0.180699 0.957839  -0.939688 0.342031 1.85445e-05  -0.315923 -0.867981 0.383147  0.131064 0.360033 0.923687 622
 0.0305326 -0.18007 0.957558  -0.93969 0.342031 1.87574e-05  -0.314721 -0.864681 0.391509  0.133924 0.367891 0.920174 622
 0.030912 -0.179028 0.957076  -0.939688 0.342031 1.84816e-05  -0.312661 -0.85902 0.405374  0.138666 0.38092 0.914151 623
 0.0311384 -0.178406 0.956779  -0.939689 0.342031 1.86399e-05  -0.31139 -0.85553 0.413648  0.141496 0.388695 0.910437 624
 0.0313639 -0.177787 0.956475  -0.939689 0.342032 1.83937e-05  -0.310095 -0.851969 0.421889  0.144315 0.396439 0.906647 627
 0.0315884 -0.17717 0.956166  -0.939688 0.342031 1.85027e-05  -0.308773 -0.848338 0.430094  0.147121 0.404149 0.902784 628
 0.0319604 -0.176148 0.955638  -0.93969 0.342032 1.84066e-05  -0.306514 -0.842134 0.443692  0.151772 0.416926 0.89618 627
 0.0321823 -0.175538 0.955313  -0.939688 0.342032 1.80504e-05  -0.305125 -0.838315 0.451803  0.154546 0.424548 0.892118 632
 0.0324032 -0.174931 0.954982  -0.939688 0.342032 1.84862e-05  -0.303711 -0.834431 0.459874  0.157307 0.432133 0.887984 625
 0.0326231 -0.174327 0.954646  -0.939687 0.342032 1.83055e-05  -0.302272 -0.830476 0.46791  0.160055 0.439684 0.883776 626
 0.0329872 -0.173327 0.954072  -0.939689 0.342031 1.87454e-05  -0.299816 -0.823737 0.481215  0.164606 0.452187 0.876602 624
 0.0333482 -0.172335 0.953482  -0.939691 0.342033 1.81497e-05  -0.297296 -0.816808 0.494413  0.16912 0.464589 0.869227 623
 0.0336348 -0.171547 0.952998  -0.939687 0.342032 1.83443e-05  -0.295228 -0.811127 0.504888  0.172702 0.474432 0.863185 615
 0.0339903 -0.170571 0.95238  -0.939687 0.342032 1.8216e-05  -0.292584 -0.803862 0.517878  0.177145 0.486639 0.855454 621
 0.034202 -0.169989 0.952001  -0.939688 0.342031 1.86385e-05  -0.290964 -0.799417 0.525616  0.179792 0.49391 0.850722 613
 0.0344125 -0.169411 0.951617  -0.939688 0.342033 1.81572e-05  -0.289323 -0.794904 0.533309  0.182424 0.501139 0.84592 607
 0.03483 -0.168264 0.950832  -0.939688 0.342031 1.87513e-05  -0.285965 -0.785683 0.548566  0.187641 0.515476 0.836107 580
 0.0351741 -0.167318 0.950161  -0.939687 0.342032 1.84539e-05  -0.283097 -0.777801 0.561142  0.191943 0.527293 0.827719 574
 0.0355147 -0.166383 0.949475  -0.93969 0.342032 1.81924e-05  -0.280163 -0.769743 0.573591  0.196201 0.538992 0.819142 567
 0.0357173 -0.165826 0.949056  -0.939688 0.342031 1.86792e-05  -0.278371 -0.764821 0.580996  0.198733 0.545951 0.813906 558
 0.0359186 -0.165273 0.948632  -0.939688 0.342031 1.86928e-05  -0.276557 -0.759838 0.588354  0.20125 0.552865 0.808603 554
 0.0361186 -0.164723 0.948202  -0.939689 0.342032 1.84123e-05  -0.274721 -0.754793 0.595664  0.20375 0.559734 0.803233 566
 0.036449 -0.163816 0.947475  -0.939687 0.342033 1.8213e-05  -0.27161 -0.746244 0.607738  0.20788 0.571079 0.794138 572
 0.0366454 -0.163276 0.947031  -0.939688 0.342032 1.85595e-05  -0.269713 -0.741035 0.614916  0.210335 0.577825 0.788592 563
 0.0367105 -0.163097 0.946882  -0.939688 0.342033 1.84085e-05  -0.269077 -0.739285 0.617297  0.211149 0.580062 0.78673 563
 0.0367105 -0.163097 0.946882  -0.939688 0.342033 1.85946e-05  -0.269077 -0.739285 0.617297  0.211149 0.580062 0.78673 564
 0.0367103 -0.163097 0.946882  -0.939688 0.342033 1.89669e-05  -0.269077 -0.739285 0.617297  0.21115 0.580061 0.78673 577
 0.0367103 -0.163097 0.946882  -0.939688 0.342033 1.93393e-05  -0.269076 -0.739285 0.617297  0.21115 0.580061 0.78673 568
 0.0367102 -0.163097 0.946882  -0.939688 0.342031 2.01686e-05  -0.269075 -0.739285 0.617297  0.21115 0.580061 0.78673 574
 0.0367101 -0.163096 0.946882  -0.939688 0.342031 2.05409e-05  -0.269074 -0.739285 0.617297  0.21115 0.580061 0.78673 571
 0.03671 -0.163096 0.946882  -0.939688 0.342031 2.09133e-05  -0.269074 -0.739285 0.617297  0.21115 0.580061 0.78673 576
 0.0367099 -0.163096 0.946882  -0.939688 0.342031 2.10994e-05  -0.269074 -0.739285 0.617297  0.211151 0.580061 0.78673 569
 0.0367098 -0.163096 0.946881  -0.939688 0.342032 2.14718e-05  -0.269074 -0.739285 0.617297  0.211151 0.580061 0.78673 577
 0.0367097 -0.163096 0.946881  -0.939688 0.342032 2.16579e-05  -0.269074 -0.739285 0.617297  0.211151 0.580061 0.78673 579
 0.0367096 -0.163096 0.946881  -0.939688 0.342032 2.22164e-05  -0.269074 -0.739285 0.617297  0.211152 0.580061 0.78673 571
 0.0367095 -0.163096 0.946881  -0.939688 0.342032 2.24026e-05  -0.269074 -0.739285 0.617297  0.211152 0.580061 0.78673 569
 0.0367095 -0.163096 0.946881  -0.939688 0.342032 2.25887e-05  -0.269074 -0.739285 0.617297  0.211152 0.580061 0.78673 570
 0.0366199 -0.163342 0.947086  -0.93969 0.342032 2.33395e-05  -0.269947 -0.741689 0.614026  0.210033 0.576987 0.789286 569
 0.0364791 -0.163729 0.947404  -0.93969 0.342032 2.27312e-05  -0.271309 -0.745427 0.608878  0.208273 0.572149 0.793264 572
 0.0362914 -0.164244 0.947821  -0.93969 0.342032 2.28237e-05  -0.273094 -0.750332 0.602017  0.205926 0.565702 0.798483 570
 0.0358156 -0.165552 0.948847  -0.939689 0.342032 2.25485e-05  -0.277479 -0.762377 0.584627  0.199978 0.549361 0.811302 567
 0.0353488 -0.166834 0.949809  -0.939689 0.342032 2.22068e-05  -0.281593 -0.773677 0.567566  0.194143 0.533328 0.823328 562
 0.0350474 -0.167662 0.950408  -0.939687 0.342032 2.22562e-05  -0.284154 -0.78071 0.556548  0.190375 0.522976 0.830815 557
 0.0345188 -0.169115 0.951418  -0.939687 0.34203 2.23843e-05  -0.288469 -0.792569 0.53723  0.183767 0.504823 0.843435 560
 0.0341893 -0.17002 0.952022  -0.939688 0.342032 2.20818e-05  -0.291054 -0.799667 0.525185  0.179648 0.493504 0.850988 565
 0.0338523 -0.170946 0.95262  -0.939687 0.342031 2.19438e-05  -0.293612 -0.806694 0.512868  0.175435 0.48193 0.858467 560
 0.0335089 -0.17189 0.95321  -0.939688 0.342032 2.18649e-05  -0.296135 -0.813626 0.500317  0.171142 0.470136 0.865842 557
 0.0329246 -0.173495 0.95417  -0.939687 0.342031 2.18618e-05  -0.300237 -0.824895 0.478961  0.163838 0.450068 0.877836 574
 0.0326873 -0.174147 0.954544  -0.939688 0.342032 2.13214e-05  -0.301838 -0.829291 0.470287  0.160871 0.441917 0.882513 575
 0.0322071 -0.175466 0.955275  -0.939688 0.342031 2.12714e-05  -0.304961 -0.83787 0.452738  0.154869 0.425426 0.891643 606
 0.0315978 -0.177141 0.956152  -0.939688 0.34203 2.12895e-05  -0.308709 -0.84817 0.430469  0.147251 0.4045 0.902605 616
 0.0309795 -0.178839 0.956986  -0.939687 0.34203 2.11391e-05  -0.312279 -0.857974 0.40787  0.139522 0.383265 0.91304 620
 0.0304791 -0.180214 0.957623  -0.939688 0.34203 2.0931e-05  -0.315 -0.865448 0.389582  0.133267 0.366079 0.920992 618
 0.0301007 -0.181254 0.958081  -0.939689 0.342031 2.05915e-05  -0.31696 -0.870831 0.375753  0.128537 0.353084 0.92672 624
 0.0297199 -0.1823 0.958523  -0.939691 0.342031 2.04395e-05  -0.318849 -0.876023 0.361833  0.123776 0.340004 0.932243 625
 0.0293366 -0.183353 0.958948  -0.939688 0.342031 2.01693e-05  -0.320668 -0.881016 0.347824  0.118985 0.32684 0.93756 633
 0.0288221 -0.184767 0.959489  -0.939691 0.342031 2.03695e-05  -0.322982 -0.887374 0.32902  0.112553 0.30917 0.944323 632
 0.0279129 -0.187265 0.960364  -0.939689 0.34203 2.0066e-05  -0.326719 -0.897643 0.295791  0.101187 0.277945 0.955253 620
 0.0273888 -0.188705 0.960821  -0.93969 0.342029 1.98015e-05  -0.328676 -0.903021 0.276635  0.0946351 0.259944 0.960975 620
 0.0264642 -0.191245 0.961549  -0.939688 0.34203 1.95096e-05  -0.331788 -0.91156 0.242843  0.0830775 0.22819 0.970066 616
 0.0257987 -0.193074 0.96201  -0.93969 0.34203 1.90873e-05  -0.33376 -0.916981 0.218521  0.0747583 0.205336 0.975832 579
 0.0253976 -0.194176 0.962264  -0.939689 0.342029 1.91075e-05  -0.334843 -0.919956 0.20386  0.0697438 0.191559 0.979 579
 0.0247263 -0.19602 0.962647  -0.939689 0.342029 1.90467e-05  -0.336482 -0.924458 0.179325  0.0613521 0.168504 0.98379 559
 0.024322 -0.197131 0.962853  -0.939688 0.34203 1.87478e-05  -0.337365 -0.92688 0.164549  0.0562981 0.154619 0.986369 549
 0.0239167 -0.198245 0.963042  -0.939688 0.342029 1.86472e-05  -0.33817 -0.929095 0.149736  0.0512314 0.140699 0.988726 552
 0.0235105 -0.199361 0.963213  -0.939688 0.342029 1.85483e-05  -0.338901 -0.931101 0.134889  0.0461532 0.126747 0.990861 547
 0.0228316 -0.201226 0.963458  -0.939691 0.342029 1.84225e-05  -0.339948 -0.933981 0.110078  0.0376671 0.103433 0.993923 556
 0.0224234 -0.202347 0.963581  -0.939689 0.342028 1.82807e-05  -0.340475 -0.935425 0.0951578  0.0325638 0.0894126 0.995462 567
 0.0220145 -0.203471 0.963686  -0.939688 0.34203 1.80996e-05  -0.340926 -0.936661 0.0802157  0.0274531 0.0753717 0.996778 560
 0.0216052 -0.204595 0.963773  -0.939689 0.342029 1.80031e-05  -0.341299 -0.937687 0.0652557  0.0223362 0.0613139 0.997869 555
 0.0209222 -0.206472 0.963879  -0.939689 0.342028 1.78312e-05  -0.34175 -0.938926 0.0402912  0.0137975 0.0378551 0.999188 549
 0.020512 -0.207599 0.963918  -0.939689 0.342029 1.76719e-05  -0.341919 -0.939388 0.0252994  0.00866976 0.0237676 0.99968 561
 0.0201016 -0.208726 0.96394  -0.93969 0.342028 1.75521e-05  -0.34201 -0.93964 0.0103021  0.00354009 0.00967475 0.999947 554
 0.0194176 -0.210606 0.963935  -0.939688 0.342029 1.73365e-05  -0.341992 -0.939587 -0.0146972  -0.00501056 -0.0138167 0.999892 565
 0.0190073 -0.211733 0.963909  -0.939688 0.342029 1.7228e-05  -0.341879 -0.939274 -0.0296933  -0.0101398 -0.0279084 0.999559 568
 0.0185972 -0.21286 0.963864  -0.93969 0.342028 1.7052e-05  -0.341687 -0.938751 -0.0446827  -0.0152667 -0.0419937 0.999001 559
 0.0181873 -0.213986 0.963802  -0.939689 0.342028 1.69182e-05  -0.341419 -0.938014 -0.0596621  -0.0203902 -0.0560696 0.998219 553
 0.0175051 -0.21586 0.963657  -0.93969 0.342028 1.67361e-05  -0.340803 -0.936321 -0.0845964  -0.0289187 -0.0795001 0.996415 551
 0.0170964 -0.216983 0.963547  -0.939691 0.342028 1.66089e-05  -0.340331 -0.935024 -0.0995326  -0.0340274 -0.0935355 0.995034 539
 0.0166884 -0.218104 0.963419  -0.93969 0.342027 1.64579e-05  -0.339782 -0.933515 -0.114446  -0.0391284 -0.10755 0.993429 538
 0.0158744 -0.220341 0.963108  -0.939691 0.342029 1.63026e-05  -0.338457 -0.92987 -0.144193  -0.0493031 -0.135502 0.98955 565
 0.0151989 -0.222197 0.962795  -0.939689 0.342027 1.60713e-05  -0.337117 -0.926191 -0.168884  -0.0577481 -0.158704 0.985636 582
 0.0147949 -0.223307 0.962584  -0.939692 0.342028 1.58718e-05  -0.336214 -0.923708 -0.183649  -0.0627985 -0.172579 0.982992 582
 0.0141241 -0.22515 0.962192  -0.939691 0.342027 1.55648e-05  -0.334538 -0.919105 -0.208164  -0.0711834 -0.195615 0.978094 573
 0.0137233 -0.226251 0.961933  -0.939689 0.342027 1.56113e-05  -0.333432 -0.916066 -0.222812  -0.0761936 -0.20938 0.974861 576
 0.0133239 -0.227348 0.961657  -0.939691 0.342027 1.52888e-05  -0.332252 -0.912824 -0.237409  -0.0811863 -0.223096 0.97141 570
 0.012926 -0.228441 0.961364  -0.93969 0.342028 1.54551e-05  -0.330998 -0.909374 -0.251954  -0.0861611 -0.236763 0.967739 557
 0.0122663 -0.230254 0.960836  -0.939689 0.342028 1.51945e-05  -0.32874 -0.90317 -0.276065  -0.0944083 -0.259421 0.961139 562
 0.0118727 -0.231336 0.960496  -0.939689 0.342027 1.49807e-05  -0.327286 -0.899177 -0.290451  -0.0993284 -0.272938 0.95689 538
 0.0114808 -0.232412 0.960139  -0.939692 0.342027 1.48859e-05  -0.325759 -0.894985 -0.304771  -0.104227 -0.286395 0.952426 543
 0.0110909 -0.233483 0.959764  -0.93969 0.342028 1.4897e-05  -0.324161 -0.890587 -0.319022  -0.109101 -0.299787 0.947747 541
 0.0104454 -0.235257 0.959103  -0.939688 0.342026 1.42293e-05  -0.32133 -0.882813 -0.342613  -0.11717 -0.321954 0.939477 547
 0.0100609 -0.236313 0.958683  -0.939689 0.342027 1.44424e-05  -0.319537 -0.877886 -0.356667  -0.121977 -0.335161 0.934232 570
 0.00967857 -0.237364 0.958247  -0.939691 0.342027 1.40233e-05  -0.317672 -0.872762 -0.370639  -0.126756 -0.34829 0.928777 582
 0.00929854 -0.238408 0.957794  -0.939692 0.342028 1.44748e-05  -0.315736 -0.86744 -0.38453  -0.131507 -0.361343 0.923113 587
 0.00867045 -0.240134 0.957002  -0.939691 0.342028 1.3988e-05  -0.312349 -0.858136 -0.407484  -0.139359 -0.382913 0.913212 581
 0.00829692 -0.24116 0.956505  -0.93969 0.342028 1.37695e-05  -0.310224 -0.852295 -0.421135  -0.144028 -0.395741 0.906998 581
 0.00792598 -0.242179 0.955991  -0.93969 0.342027 1.3845e-05  -0.308028 -0.846262 -0.434694  -0.148665 -0.408482 0.900578 581
 0.00755772 -0.243191 0.955461  -0.939688 0.342027 1.34392e-05  -0.305763 -0.840039 -0.448151  -0.153269 -0.421127 0.893958 594
 0.00695012 -0.24486 0.954543  -0.93969 0.342027 1.35454e-05  -0.301836 -0.829251 -0.470359  -0.160864 -0.441996 0.882475 607
 0.0065894 -0.245851 0.953971  -0.939692 0.342026 1.31537e-05  -0.299388 -0.822529 -0.483543  -0.165373 -0.454385 0.875321 593
 0.00587697 -0.247809 0.952779  -0.939689 0.342026 1.29306e-05  -0.294293 -0.808528 -0.509581  -0.17428 -0.478852 0.860423 586
 0.00529283 -0.249414 0.951738  -0.93969 0.342027 1.29366e-05  -0.289845 -0.796306 -0.53093  -0.181582 -0.498913 0.847416 598
 0.00494668 -0.250365 0.951094  -0.939689 0.342026 1.25707e-05  -0.287088 -0.788731 -0.543581  -0.185909 -0.510801 0.839357 603
 0.00426451 -0.252239 0.949759  -0.939691 0.342026 1.21778e-05  -0.281382 -0.773057 -0.568513  -0.194436 -0.534229 0.822675 604
 0.0037067 -0.253771 0.948602  -0.939691 0.342026 1.23103e-05  -0.276434 -0.759461 -0.588901  -0.20141 -0.553388 0.808206 607
 0.00337682 -0.254678 0.947888  -0.939689 0.342026 1.21033e-05  -0.273382 -0.751073 -0.600956  -0.205534 -0.564716 0.799282 609
 0.00283529 -0.256166 0.946666  -0.939691 0.342027 1.20219e-05  -0.26816 -0.736725 -0.620748  -0.212304 -0.583314 0.78401 598
 0.00251544 -0.257044 0.945914  -0.939689 0.342026 1.1824e-05  -0.264944 -0.72789 -0.632438  -0.216302 -0.594299 0.774611 620
 0.00219949 -0.257913 0.945148  -0.939691 0.342026 1.15197e-05  -0.261669 -0.718896 -0.643986  -0.220251 -0.605151 0.765037 631
 0.0018875 -0.25877 0.944369  -0.93969 0.342025 1.13525e-05  -0.258336 -0.709737 -0.655388  -0.224152 -0.615865 0.755292 624
 0.00137652 -0.260174 0.943039  -0.939689 0.342025 1.11053e-05  -0.252652 -0.69412 -0.674063  -0.230539 -0.633414 0.738673 616
 0.00107545 -0.261001 0.942224  -0.939692 0.342026 1.12951e-05  -0.249166 -0.684544 -0.685069  -0.234303 -0.643755 0.728479 616
 0.000778589 -0.261816 0.941395  -0.939689 0.342025 1.08178e-05  -0.245622 -0.674808 -0.695917  -0.238014 -0.65395 0.718122 607
 0.000486016 -0.26262 0.940554  -0.93969 0.342026 1.07563e-05  -0.242025 -0.664925 -0.70661  -0.241672 -0.663998 0.707603 616
 8.09496e-06 -0.263933 0.939123  -0.93969 0.342025 1.03064e-05  -0.235908 -0.648118 -0.724078  -0.247646 -0.680412 0.689718 629
 -0.000272733 -0.264705 0.938248  -0.939689 0.342025 1.06524e-05  -0.232167 -0.637838 -0.734341  -0.251157 -0.690056 0.67878 625
 -0.00054904 -0.265464 0.937361  -0.93969 0.342026 1.09026e-05  -0.228375 -0.627418 -0.744441  -0.254611 -0.699546 0.667689 624
 -0.000999337 -0.266701 0.935855  -0.93969 0.342025 9.83244e-06  -0.221937 -0.609735 -0.760898  -0.26024 -0.715011 0.648871 613
 -0.00126329 -0.267427 0.934936  -0.93969 0.342025 1.00028e-05  -0.218009 -0.598941 -0.770545  -0.26354 -0.724077 0.637385 607
 -0.00152249 -0.268139 0.934006  -0.93969 0.342025 9.78564e-06  -0.214031 -0.588013 -0.780019  -0.26678 -0.732979 0.625756 599
 -0.0017769 -0.268838 0.933065  -0.939689 0.342024 9.35306e-06  -0.210005 -0.576953 -0.789317  -0.26996 -0.741716 0.613986 597
 -0.00219007 -0.269973 0.931471  -0.939691 0.342026 1.00788e-05  -0.203192 -0.558232 -0.804419  -0.275126 -0.755907 0.594062 603
 -0.0024314 -0.270636 0.9305  -0.939691 0.342024 9.10389e-06  -0.199041 -0.546832 -0.813239  -0.278142 -0.764195 0.58193 597
 -0.00266771 -0.271285 0.929519  -0.939689 0.342025 9.74989e-06  -0.194848 -0.535306 -0.821875  -0.281097 -0.77231 0.569667 607
 -0.00289896 -0.271921 0.928528  -0.939692 0.342025 9.15527e-06  -0.190609 -0.523664 -0.830329  -0.283988 -0.780255 0.557274 616
 -0.003273 -0.272948 0.926853  -0.939691 0.342025 9.32755e-06  -0.18345 -0.503994 -0.844  -0.288664 -0.7931 0.536344 621
 -0.00349051 -0.273546 0.925836  -0.939692 0.342026 9.38575e-06  -0.1791 -0.492043 -0.85195  -0.291384 -0.800571 0.523624 620
 -0.00370278 -0.274129 0.924809  -0.939692 0.342025 9.16812e-06  -0.174709 -0.47998 -0.859708  -0.294037 -0.807861 0.510787 618
 -0.00404476 -0.275069 0.923077  -0.939692 0.342024 8.39628e-06  -0.167303 -0.459635 -0.872208  -0.298312 -0.819607 0.489136 618
 -0.00424281 -0.275613 0.922026  -0.939691 0.342025 8.65908e-06  -0.162811 -0.447289 -0.879446  -0.300788 -0.826409 0.475999 620
 -0.00443544 -0.276142 0.920966  -0.939692 0.342024 8.48198e-06  -0.15828 -0.434845 -0.886487  -0.303196 -0.833025 0.462754 611
 -0.00462262 -0.276657 0.919899  -0.939691 0.342025 8.41887e-06  -0.153715 -0.4223 -0.893328  -0.305537 -0.839454 0.449405 620
 -0.00492233 -0.27748 0.918101  -0.939692 0.342024 7.76338e-06  -0.146028 -0.401185 -0.904283  -0.309283 -0.849748 0.426934 612
 -0.00509475 -0.277954 0.917012  -0.939693 0.342024 7.99244e-06  -0.141373 -0.388394 -0.910586  -0.311439 -0.85567 0.413322 615
 -0.00526157 -0.278412 0.915916  -0.939692 0.342023 7.47572e-06  -0.136685 -0.375514 -0.916682  -0.313524 -0.8614 0.399617 625
 -0.0054752 -0.278999 0.914443  -0.939691 0.342024 7.97091e-06  -0.130388 -0.358212 -0.92449  -0.316195 -0.868736 0.381205 625
 -0.00582465 -0.27996 0.911836  -0.93969 0.342023 6.8989e-06  -0.119243 -0.327593 -0.937263  -0.320564 -0.880739 0.348622 642
 -0.0060992 -0.280714 0.909574  -0.939691 0.342025 6.76543e-06  -0.109574 -0.301028 -0.947299  -0.323998 -0.890169 0.32035 645
 -0.00631018 -0.281294 0.907672  -0.939692 0.342023 7.04456e-06  -0.10144 -0.278683 -0.955011  -0.326634 -0.897417 0.29657 647
 -0.00642894 -0.28162 0.906523  -0.93969 0.342023 6.89758e-06  -0.0965296 -0.26519 -0.959351  -0.328119 -0.901495 0.282213 636
 -0.00654179 -0.28193 0.90537  -0.939691 0.342024 7.0384e-06  -0.091597 -0.251638 -0.963477  -0.32953 -0.905372 0.26779 639
 -0.00671668 -0.282411 0.903436  -0.939692 0.342024 6.96792e-06  -0.0833313 -0.228929 -0.969871  -0.331717 -0.91138 0.243623 628
 -0.00681366 -0.282677 0.90227  -0.939692 0.342024 6.5925e-06  -0.078346 -0.215233 -0.973415  -0.33293 -0.914711 0.229048 618
 -0.00690465 -0.282927 0.9011  -0.939691 0.342023 5.92157e-06  -0.0733422 -0.201487 -0.976741  -0.334067 -0.917836 0.214421 612
 -0.00698962 -0.283161 0.899926  -0.939692 0.342023 5.4843e-06  -0.0683231 -0.187699 -0.979848  -0.335129 -0.920755 0.199746 616
 -0.00711783 -0.283513 0.897962  -0.939692 0.342023 6.80195e-06  -0.059926 -0.164624 -0.984535  -0.336732 -0.925159 0.175192 625
 -0.00718668 -0.283702 0.896779  -0.93969 0.342023 4.58533e-06  -0.0548659 -0.150728 -0.987051  -0.337593 -0.927524 0.160404 606
 -0.00724945 -0.283875 0.895593  -0.939692 0.342024 4.92087e-06  -0.0497968 -0.1368 -0.989347  -0.338379 -0.929681 0.145581 627
 -0.00734052 -0.284125 0.893611  -0.939692 0.342022 6.15293e-06  -0.0413238 -0.113518 -0.992676  -0.339517 -0.93281 0.120805 619
 -0.00738702 -0.284253 0.892419  -0.939692 0.342023 6.01903e-06  -0.0362263 -0.0995128 -0.994377  -0.340099 -0.934408 0.105901 609
 -0.0074274 -0.284364 0.891225  -0.939693 0.342022 5.56287e-06  -0.0311202 -0.0854859 -0.995854  -0.340603 -0.935796 0.0909735 607
 -0.00746165 -0.284458 0.890029  -0.939691 0.342022 4.38438e-06  -0.0260069 -0.0714398 -0.997106  -0.341032 -0.936972 0.0760269 604
 -0.00750508 -0.284578 0.888033  -0.939693 0.342022 4.52064e-06  -0.0174741 -0.0479966 -0.998695  -0.341576 -0.938466 0.0510776 617
 -0.00752295 -0.284627 0.886834  -0.939691 0.342022 3.67837e-06  -0.0123478 -0.0339138 -0.999348  -0.341799 -0.939079 0.0360928 624
 -0.00753466 -0.284659 0.885635  -0.939693 0.342023 4.46484e-06  -0.00722061 -0.0198258 -0.999778  -0.341947 -0.939483 0.0210987 624
 -0.00754022 -0.284674 0.884435  -0.93969 0.342022 4.36492e-06  -0.00209029 -0.00572919 -0.99998  -0.342016 -0.939673 0.00610058 634
 -0.0075358 -0.284662 0.882435  -0.939692 0.342022 3.9399e-06  0.00646034 0.0177611 -0.999821  -0.341961 -0.939524 -0.0188994 623
 -0.00752494 -0.284633 0.881236  -0.939691 0.342022 5.15086e-06  0.0115854 0.0318458 -0.999425  -0.341826 -0.939152 -0.0338871 624
 -0.00750804 -0.284586 0.880044  -0.939693 0.342022 4.22909e-06  0.0166842 0.0458506 -0.99881  -0.341615 -0.938573 -0.0487933 623
 -0.00745725 -0.284447 0.877708  -0.939691 0.342022 5.02203e-06  0.0266694 0.0732881 -0.996954  -0.34098 -0.936829 -0.0779889 634
 -0.00739945 -0.284288 0.875833  -0.939693 0.342023 3.61815e-06  0.0346851 0.0953056 -0.994844  -0.34026 -0.934847 -0.101422 644
 -0.00735894 -0.284177 0.874746  -0.939693 0.342022 4.27471e-06  0.0393336 0.10808 -0.993364  -0.339752 -0.933456 -0.115015 648
 -0.00728312 -0.283969 0.873001  -0.939691 0.342022 3.16778e-06  0.046797 0.128583 -0.990594  -0.338805 -0.930853 -0.136833 639
 -0.00723335 -0.283832 0.871995  -0.93969 0.342022 2.80673e-06  0.0510973 0.140397 -0.988775  -0.338183 -0.929144 -0.149404 644
 -0.00718087 -0.283688 0.871021  -0.939694 0.342021 3.18061e-06  0.0552625 0.151841 -0.98686  -0.337527 -0.927345 -0.161586 638
 -0.00712606 -0.283537 0.870077  -0.939691 0.342021 3.23488e-06  0.0592943 0.162919 -0.984855  -0.336842 -0.925461 -0.173372 641
 -0.00703044 -0.283275 0.868574  -0.939692 0.342022 3.09322e-06  0.0657212 0.180575 -0.981363  -0.335648 -0.922179 -0.192164 644
 -0.00697104 -0.283112 0.867713  -0.93969 0.342021 3.38123e-06  0.069404 0.190696 -0.979192  -0.334905 -0.920139 -0.202931 645
 -0.00691046 -0.282945 0.866881  -0.93969 0.342021 2.85023e-06  0.0729621 0.20047 -0.976978  -0.334148 -0.918059 -0.213333 635
 -0.00678677 -0.282605 0.865302  -0.939692 0.342021 1.7259e-06  0.0797129 0.219014 -0.97246  -0.332602 -0.913813 -0.233068 650
 -0.00668217 -0.282318 0.864069  -0.939693 0.342022 2.69639e-06  0.0849813 0.23349 -0.968639  -0.331296 -0.910222 -0.248475 642
 -0.00661913 -0.282145 0.863365  -0.939692 0.342021 3.01713e-06  0.0879948 0.241772 -0.966335  -0.330508 -0.908057 -0.257287 640
 -0.00651415 -0.281857 0.862245  -0.939694 0.342022 2.11158e-06  0.0927836 0.254924 -0.9625  -0.329197 -0.904453 -0.271286 639
 -0.00645142 -0.281684 0.861605  -0.939693 0.342022 2.30395e-06  0.0955203 0.262444 -0.960208  -0.328413 -0.9023 -0.279288 642
 -0.00638906 -0.281513 0.860987  -0.939693 0.342021 2.55481e-06  0.0981604 0.269699 -0.957929  -0.327633 -0.900158 -0.287008 640
 -0.00632715 -0.281343 0.860392  -0.939693 0.34202 2.09512e-06  0.100706 0.276693 -0.955667  -0.326858 -0.898033 -0.294451 640
 -0.00622526 -0.281063 0.859446  -0.939694 0.342021 1.09423e-06  0.104751 0.287802 -0.951945  -0.325585 -0.894535 -0.306274 638
 -0.00616503 -0.280898 0.858905  -0.939694 0.342021 2.27771e-06  0.107061 0.294153 -0.949744  -0.324832 -0.892467 -0.313031 641
 -0.00604692 -0.280573 0.857881  -0.93969 0.342021 1.0988e-06  0.111441 0.306184 -0.945426  -0.323356 -0.88841 -0.325832 641
 -0.00595116 -0.28031 0.857083  -0.939693 0.342021 1.476e-06  0.114854 0.315562 -0.941928  -0.32216 -0.885123 -0.335815 625
 -0.00589495 -0.280156 0.856626  -0.939692 0.342021 1.1469e-06  0.116806 0.320924 -0.939875  -0.321458 -0.883193 -0.34152 613
 -0.00583972 -0.280004 0.856186  -0.939694 0.342021 1.4998e-06  0.118688 0.326095 -0.937857  -0.320767 -0.881297 -0.347024 608
 -0.0057855 -0.279855 0.855761  -0.939691 0.342021 8.5086e-07  0.120504 0.331083 -0.935875  -0.32009 -0.879434 -0.35233 603
 -0.00569744 -0.279613 0.855087  -0.939692 0.342021 1.52953e-06  0.123387 0.339007 -0.932657  -0.318989 -0.876411 -0.360763 607
 -0.00564602 -0.279472 0.854701  -0.939691 0.34202 1.81788e-06  0.125035 0.343536 -0.930778  -0.318346 -0.874645 -0.365581 608
 -0.00559567 -0.279334 0.854329  -0.939694 0.342022 7.87875e-07  0.126627 0.347904 -0.92894  -0.317717 -0.872917 -0.370234 616
 -0.0055464 -0.279198 0.85397  -0.939693 0.342021 8.66618e-07  0.128161 0.352121 -0.927139  -0.317101 -0.871225 -0.374719 620
 -0.0054667 -0.27898 0.8534  -0.939691 0.34202 1.50672e-06  0.130597 0.358818 -0.924226  -0.316104 -0.868488 -0.381843 615
 -0.00542034 -0.278852 0.853074  -0.939695 0.342021 1.02762e-06  0.131992 0.362646 -0.922533  -0.315526 -0.866898 -0.385922 615
 -0.00537505 -0.278728 0.85276  -0.939694 0.342021 1.02933e-06  0.133337 0.366341 -0.920878  -0.31496 -0.865342 -0.389853 618
 -0.00530198 -0.278527 0.85226  -0.939694 0.342021 8.43032e-07  0.135474 0.372211 -0.918208  -0.314047 -0.862833 -0.396101 616
 -0.00525956 -0.278411 0.851974  -0.939692 0.34202 1.42617e-06  0.136695 0.375571 -0.916657  -0.313516 -0.861376 -0.399673 616
 -0.0052182 -0.278297 0.851698  -0.939694 0.34202 1.49352e-06  0.137875 0.378812 -0.915146  -0.312999 -0.859956 -0.403124 613
 -0.00517789 -0.278186 0.851432  -0.939692 0.342021 7.82738e-07  0.139014 0.381939 -0.913673  -0.312496 -0.858571 -0.40645 621
 -0.00511299 -0.278008 0.851009  -0.939692 0.34202 9.76172e-07  0.140822 0.386908 -0.911302  -0.311684 -0.856344 -0.411737 614
 -0.00507541 -0.277905 0.850767  -0.939693 0.342021 5.4779e-07  0.141858 0.389752 -0.909929  -0.311215 -0.855053 -0.414766 614
 -0.00503883 -0.277804 0.850533  -0.939691 0.34202 1.15499e-06  0.142856 0.392497 -0.908591  -0.310757 -0.853796 -0.417685 612
 -0.00498002 -0.277643 0.850162  -0.939694 0.34202 1.22458e-06  0.144444 0.396858 -0.906444  -0.310022 -0.851778 -0.422329 623
 -0.00494602 -0.277549 0.849949  -0.939692 0.34202 9.28784e-07  0.145353 0.399356 -0.9052  -0.309597 -0.85061 -0.424985 609
 -0.00491295 -0.277458 0.849744  -0.939692 0.342021 4.85652e-07  0.14623 0.401764 -0.903992  -0.309184 -0.849475 -0.427547 619
 -0.0048808 -0.27737 0.849546  -0.93969 0.34202 7.73393e-07  0.147076 0.404091 -0.902816  -0.308782 -0.84837 -0.430022 613
 -0.0048292 -0.277228 0.849231  -0.939693 0.342021 7.85932e-07  0.148423 0.407789 -0.900933  -0.308138 -0.846599 -0.433961 606
 -0.00479941 -0.277147 0.849051  -0.939692 0.34202 9.66906e-07  0.149192 0.409905 -0.899844  -0.307765 -0.845577 -0.436211 616
 -0.00477048 -0.277067 0.848877  -0.939692 0.342021 5.31401e-07  0.149937 0.411949 -0.898786  -0.307404 -0.844582 -0.438387 608
 -0.00472408 -0.27694 0.8486  -0.939692 0.342021 2.32611e-07  0.15112 0.415199 -0.897091  -0.306824 -0.84299 -0.441844 624
 -0.00469732 -0.276866 0.848442  -0.939691 0.34202 4.97179e-07  0.151797 0.41706 -0.896112  -0.306489 -0.84207 -0.443824 623
 -0.00467134 -0.276795 0.848289  -0.939692 0.342021 1.0431e-07  0.152451 0.418856 -0.895164  -0.306165 -0.841179 -0.445737 621
 -0.00464613 -0.276725 0.848141  -0.939691 0.342021 3.47497e-07  0.153082 0.42059 -0.894242  -0.30585 -0.840312 -0.447582 618
 -0.00460575 -0.276615 0.847906  -0.939691 0.342019 9.09211e-07  0.154085 0.423349 -0.892766  -0.305344 -0.838926 -0.450517 609
 -0.00458248 -0.276551 0.847772  -0.939692 0.34202 5.91462e-07  0.154661 0.424928 -0.891917  -0.305054 -0.838127 -0.452198 617
 -0.00455991 -0.276489 0.847642  -0.939693 0.342021 3.03195e-07  0.155216 0.426453 -0.891092  -0.304772 -0.837353 -0.453822 603
 -0.00451679 -0.27637 0.847396  -0.939691 0.342021 1.85925e-07  0.15627 0.429349 -0.889516  -0.304233 -0.835871 -0.456902 605
 -0.00448283 -0.276277 0.847203  -0.939693 0.34202 6.40852e-07  0.157094 0.431612 -0.888275  -0.303808 -0.834706 -0.459312 609
 -0.00446328 -0.276223 0.847093  -0.939693 0.34202 5.44326e-07  0.157565 0.432907 -0.887561  -0.303564 -0.834035 -0.46069 610
 -0.00443201 -0.276137 0.846917  -0.939694 0.34202 9.18612e-07  0.158315 0.434969 -0.886419  -0.303173 -0.832962 -0.462885 604
 -0.00441402 -0.276088 0.846817  -0.93969 0.34202 6.38721e-07  0.158745 0.436151 -0.88576  -0.302948 -0.832342 -0.464139 615
 -0.00439659 -0.27604 0.84672  -0.939694 0.342021 2.47796e-07  0.159161 0.43729 -0.885125  -0.302731 -0.831746 -0.465356 618
 -0.00437969 -0.275994 0.846626  -0.939693 0.34202 7.90085e-07  0.159561 0.438392 -0.884507  -0.302519 -0.831165 -0.466527 615
 -0.0043527 -0.275919 0.846477  -0.939692 0.342021 1.76977e-07  0.1602 0.440145 -0.88352  -0.302182 -0.830238 -0.468393 607
 -0.00433717 -0.275877 0.846391  -0.939694 0.34202 1.87856e-07  0.160565 0.441148 -0.882954  -0.301988 -0.829705 -0.469461 607
 -0.00432214 -0.275836 0.846309  -0.939692 0.34202 5.61512e-07  0.160917 0.442119 -0.882403  -0.3018 -0.829188 -0.470492 614
 -0.00430757 -0.275795 0.846229  -0.939691 0.342021 -1.71654e-07  0.161259 0.443055 -0.881871  -0.301618 -0.828688 -0.471488 609
 -0.0042843 -0.275732 0.846102  -0.939693 0.34202 3.8196e-07  0.161802 0.444547 -0.881021  -0.301327 -0.827889 -0.473077 613
 -0.00427093 -0.275695 0.846029  -0.939694 0.34202 3.67345e-07  0.162113 0.445401 -0.880533  -0.30116 -0.82743 -0.473987 605
 -0.00425798 -0.275659 0.845959  -0.939691 0.342019 6.44738e-07  0.162412 0.446227 -0.880058  -0.300998 -0.826984 -0.474862 608
 -0.0042373 -0.275602 0.845847  -0.939692 0.34202 3.35274e-07  0.162891 0.44754 -0.879303  -0.30074 -0.826275 -0.476261 609
 -0.00422542 -0.27557 0.845783  -0.939691 0.342019 6.93038e-07  0.163164 0.448292 -0.878869  -0.300591 -0.825867 -0.47706 610
 -0.00421392 -0.275538 0.845721  -0.939694 0.342021 -3.48154e-07  0.16343 0.449017 -0.878451  -0.300448 -0.825473 -0.477836 611
 -0.00420278 -0.275508 0.845661  -0.939692 0.34202 6.51211e-07  0.163684 0.449721 -0.878042  -0.300308 -0.82509 -0.478583 606
 -0.00418501 -0.275459 0.845566  -0.93969 0.34202 6.21788e-07  0.164091 0.450839 -0.877392  -0.300086 -0.824479 -0.47977 607
 -0.0041748 -0.275431 0.845512  -0.939694 0.342021 3.0268e-08  0.164325 0.451479 -0.87702  -0.299959 -0.824129 -0.480456 600
 -0.00416492 -0.275404 0.845459  -0.939693 0.34202 1.32916e-07  0.16455 0.452098 -0.876659  -0.299835 -0.82379 -0.481113 607
 -0.00415536 -0.275377 0.845408  -0.939692 0.34202 4.09042e-07  0.164768 0.452696 -0.876309  -0.299716 -0.823461 -0.481749 610
 -0.00414308 -0.275344 0.845343  -0.939692 0.34202 2.77805e-07  0.165046 0.453462 -0.875861  -0.299562 -0.82304 -0.482563 610
 -0.00413423 -0.275319 0.845296  -0.939693 0.342021 -1.39018e-07  0.165248 0.454013 -0.875538  -0.299452 -0.822736 -0.483151 608
 -0.00412565 -0.275296 0.845251  -0.939692 0.34202 5.79066e-07  0.165441 0.454546 -0.875224  -0.299344 -0.822441 -0.483717 607
 -0.00411465 -0.275266 0.845192  -0.939694 0.342021 1.99095e-07  0.16569 0.455228 -0.874823  -0.299207 -0.822064 -0.484445 607
 -0.00410157 -0.27523 0.845123  -0.939693 0.34202 4.13503e-07  0.165984 0.456038 -0.874345  -0.299043 -0.821615 -0.485306 601
 -0.00409405 -0.275209 0.845084  -0.939692 0.34202 3.0699e-07  0.166153 0.456503 -0.87407  -0.298949 -0.821357 -0.4858 608
 -0.00408679 -0.275189 0.845046  -0.939694 0.34202 4.76765e-07  0.166316 0.456952 -0.873805  -0.298859 -0.821108 -0.486279 606
 -0.00407519 -0.275157 0.844985  -0.939693 0.342021 -1.8908e-07  0.166578 0.457667 -0.87338  -0.298714 -0.820709 -0.48704 615
 -0.00406854 -0.275139 0.84495  -0.939691 0.342021 -3.5569e-07  0.166727 0.458077 -0.873137  -0.298631 -0.82048 -0.487474 608
 -0.00406 -0.275115 0.844905  -0.939695 0.342021 -1.6996e-07  0.166918 0.4586 -0.872826  -0.298525 -0.820188 -0.488034 612
 -0.00405184 -0.275093 0.844863  -0.939693 0.342019 7.05195e-07  0.167099 0.459103 -0.872527  -0.298421 -0.819907 -0.488567 610
 -0.00404594 -0.275077 0.844832  -0.939691 0.34202 -1.17561e-07  0.167231 0.459463 -0.872311  -0.298348 -0.819704 -0.488949 608
 -0.00404025 -0.275061 0.844802  -0.939691 0.342019 5.9575e-07  0.167357 0.459813 -0.872103  -0.298276 -0.819509 -0.48932 610
 -0.00403473 -0.275046 0.844774  -0.939693 0.342021 -1.41172e-07  0.167481 0.460149 -0.871902  -0.298209 -0.819319 -0.489682 614
 -0.0040294 -0.275031 0.844746  -0.939693 0.34202 3.11636e-07  0.167599 0.460475 -0.871707  -0.298142 -0.819137 -0.490028 605
 -0.0040209 -0.275008 0.844702  -0.939692 0.342021 -1.18814e-07  0.167788 0.460994 -0.871396  -0.298036 -0.818845 -0.490579 607
 -0.00401603 -0.274995 0.844676  -0.939692 0.342021 -3.26091e-07  0.167897 0.46129 -0.871219  -0.297975 -0.818678 -0.490895 611
 -0.00401131 -0.274982 0.844652  -0.93969 0.34202 9.56642e-08  0.168001 0.461579 -0.871045  -0.297915 -0.818514 -0.4912 601
 -0.00400675 -0.274969 0.844628  -0.939693 0.34202 6.84108e-08  0.168102 0.461856 -0.870879  -0.297858 -0.818359 -0.491498 603
 -0.00399948 -0.274949 0.844591  -0.939692 0.342021 -2.07083e-07  0.168264 0.462299 -0.870613  -0.297768 -0.818109 -0.491968 609
 -0.00399531 -0.274938 0.844569  -0.939694 0.34202 1.93745e-07  0.168355 0.462551 -0.870462  -0.297715 -0.817967 -0.492238 607
 -0.00399198 -0.274928 0.844551  -0.939694 0.34202 3.7517e-07  0.16843 0.462759 -0.870337  -0.297673 -0.817849 -0.492459 608
 -0.00398823 -0.274917 0.844531  -0.939693 0.342021 5.2326e-07  0.168517 0.462997 -0.870193  -0.297624 -0.817714 -0.492712 608
 -0.00398673 -0.274913 0.844523  -0.939691 0.34202 1.13388e-06  0.168552 0.463095 -0.870134  -0.297604 -0.817658 -0.492813 606
 -0.00398564 -0.274909 0.844516  -0.939692 0.342021 8.84925e-07  0.168578 0.463166 -0.870091  -0.29759 -0.817618 -0.492891 610
 -0.00398484 -0.274907 0.844512  -0.939693 0.342019 2.23754e-06  0.168597 0.463222 -0.870057  -0.297578 -0.817586 -0.49295 607
 -0.00398397 -0.274904 0.844506  -0.939692 0.342021 2.13565e-06  0.16862 0.463285 -0.870019  -0.297566 -0.81755 -0.493017 611
