  0 0 0 0.0970767 -0.00897829 0.046045 -1.10151 0.974569 0.383379 0.0427868 1.17037 -1.07353 0.826065 -1.4057 -2.12144 -2.26674 0.74171 -0.800661 -0.515961 -0.500072 0.501468 0.0845764 0.0695334 0.0150046 0.0122786
  0 0 0 0.0970768 0.00201728 0.0461489 -0.43817 0.492136 0.385369 0.326366 0.31164 0.0744146 0.64326 -1.15351 -0.354951 -0.53393 0.972289 -0.665252 -1.50344 -0.49921 0.499902 0.0845744 0.0695334 0.0150042 0.0122786
  0 0 0 0.0970768 0.00631079 0.0461489 -0.1829 0.464528 0.395631 0.703896 0.436933 0.315139 -0.0270231 -1.97494 -1.33056 -1.76735 0.561401 -0.10182 -0.612377 -0.500594 0.499554 0.0845744 0.0695334 0.0150042 0.0122786
  0 0 0 0.0970776 0.00714855 0.046045 -2.07323 0.0236303 0.398982 -0.324465 0.0616702 0.230312 -0.496382 -2.11913 -1.27786 -0.938628 1.53821 -1.50742 -0.108718 -0.588047 0.499554 0.0845744 0.0695334 0.0150042 0.0122786
  0 0 0 0.0970788 0.00714855 0.046045 -0.433444 0.27235 0.398982 0.280092 0.0164119 0.333901 0.362302 -0.336145 -0.889589 -0.203391 0.960025 -0.877889 -0.534596 -0.499941 0.50015 0.0845744 0.0695334 0.0150042 0.0122786
  0 0 0 0.0970792 0.00557775 0.046045 -2.01498 1.46513 0.398982 -0.0143994 1.19152 -0.94735 1.23208 -1.97146 -2.09685 -1.53249 1.61069 -1.16561 -0.402403 -0.499985 0.499989 0.0845744 0.0695334 0.0150042 0.0122786
  0 0 0 0.0970795 -0.00290455 0.046045 -1.47003 0.0870953 0.396888 -0.338812 -0.353522 -0.185489 1.2906 -1.41988 -0.486548 -0.720446 1.87372 -1.28718 -1.7817 -0.499985 0.500115 0.0845744 0.0695334 0.0150042 0.0122786
  0 0 0 0.0970795 0.000237047 0.046045 -1.47525 0.0813333 0.400239 1.21468 -0.351914 -1.83706 0.623809 -1.72434 -0.6083 -0.109101 2.68792 -0.920832 -1.31006 -0.499985 0.498183 0.0845724 0.0695334 0.0150039 0.0122786
  0 0 0 0.0970802 0.000551206 0.0459412 -0.499106 1.55036 0.4016 0.14491 1.02505 -0.115301 0.400082 -0.326431 -0.521148 -0.649045 0.691731 -0.788826 -1.44662 -0.499811 0.499206 0.0845724 0.0674868 0.0150039 0.0119073
  0 0 0 0.0970814 0.000865366 0.046045 -1.49871 0.41155 0.393851 -0.178852 -0.35293 -0.794019 0.0885927 -0.756979 -0.927519 -1.11865 1.2628 -1.68109 -0.861857 -0.499737 0.499902 0.0845724 0.0674821 0.0150039 0.0119065
  0 0 0 0.097082 -0.00332342 0.046045 -0.190279 0.551737 0.393432 0.860041 0.0791729 0.277408 0.562602 -0.5683 -1.64903 -0.252735 1.49048 -0.608939 -0.118481 -0.497396 0.498492 0.0845704 0.0674821 0.0150035 0.0119065
  0 0 0 0.0970824 0.000655926 0.046045 -1.14362 0.699236 0.404323 -0.352356 -0.276879 -0.868552 0.779722 -2.05052 -1.02921 -2.52827 1.27101 -1.51445 -0.950158 -0.50005 0.49975 0.0845704 0.0674821 0.0150035 0.0119065
  0 0 0 0.0970824 -0.00751221 0.046045 -0.447124 0.00738064 0.401705 0.00054006 -0.273097 -0.462902 1.10909 -0.871493 -0.232765 -0.950313 1.70082 -0.7577 -0.325466 -0.499785 0.501803 0.0845684 0.0674821 0.0150031 0.0119065
  0 0 0 0.0970825 -0.00185735 0.046045 -0.963715 0.846479 0.399611 -0.354386 -0.0305975 -0.586857 0.573345 -1.14149 -0.303832 -1.21959 0.968355 -1.62407 -1.82489 -0.499767 0.499906 0.0845684 0.0674821 0.0150031 0.0119065
  0 0 0 0.097083 -0.00091487 0.046045 0.321835 0.365454 0.397097 1.06279 0.288215 -0.188535 2.19856 -1.82617 -1.47717 -1.55891 2.6408 -0.107433 -1.58428 -0.500028 0.500163 0.0845684 0.0674821 0.0150031 0.0119065
  0 0 0 0.097083 -0.00342814 0.046045 -0.619072 0.71532 0.397411 0.424335 -0.203687 -0.472363 0.636204 -1.36082 -1.37312 -1.5315 1.56083 -0.105519 -0.309912 -0.500637 0.500607 0.0845684 0.0674821 0.0150031 0.0119065
  0 0 0 0.097083 -0.00115573 0.046045 -0.345066 0.698988 0.39783 0.346229 0.741873 -0.142834 0.943284 -0.49422 -1.58565 -0.687861 1.17198 -0.654993 -0.585227 -0.499637 0.500511 0.0845684 0.0674821 0.0150031 0.0119065
  0 0 0 0.0970835 0.00138896 0.0459412 -0.366621 2.04413 0.392594 -0.284934 0.232027 -1.71415 0.0898756 -0.351187 -2.12043 -2.26969 1.61994 -1.19011 -0.354761 -0.499506 0.500381 0.0845663 0.0674821 0.0150028 0.0119065
  0 0 0 0.097084 0.00484472 0.046045 -0.0843243 0.374823 0.394165 -0.149836 -0.352676 -0.441976 0.883552 -0.620301 -1.20128 -0.876512 1.74235 -0.837165 -1.51614 -0.500202 0.499902 0.0845643 0.0674821 0.0150024 0.0119065
  0 0 0 0.0970842 0.0052636 0.0459412 -0.669065 0.521816 0.39427 0.377554 0.47396 -0.612674 0.461257 -0.95242 -0.961251 -0.846651 1.33136 -1.13864 -0.108544 -0.499811 0.499641 0.0845643 0.0674821 0.0150024 0.0119065
  0 0 0 0.0970844 0.00521124 0.0459412 -0.963715 0.337681 0.39427 0.249283 0.621266 -1.42295 0.11457 -1.92484 -0.382602 -1.6159 0.426791 -0.989359 -1.09245 -0.500289 0.500163 0.0845643 0.0674821 0.0150024 0.0119065
  0 0 0 0.0970845 0.000341767 0.046045 -0.287777 0.356749 0.39427 0.613126 -0.0649092 -0.00541007 1.01926 -1.77935 -0.802148 -1.52606 1.57679 -0.105519 -0.656856 -0.50055 0.499628 0.0845643 0.0674821 0.0150024 0.0119065
  0 0 0 0.0970852 0.0101854 0.0459412 -0.218633 1.90291 0.395212 0.256051 0.167879 -1.46474 0.174094 -0.87006 -2.12072 -2.26344 1.10522 -0.732004 -0.441622 -0.499811 0.50092 0.0845643 0.0674821 0.0150024 0.0119065
  0 0 0 0.0970854 0.00337864 0.046045 0.267034 0.955335 0.395212 -0.353879 -0.352507 -1.37152 0.935587 -0.679382 -1.17956 -2.69793 1.72783 -1.98906 -0.821002 -0.499724 0.499946 0.0845643 0.0674821 0.0150024 0.0119065
  0 0 0 0.0970854 6.66369e-06 0.046045 0.484083 0.851204 0.395212 0.266726 0.337526 0.565116 1.23513 -0.615973 -1.14873 -1.47909 1.86996 -0.0959031 -0.668938 -0.500594 0.500685 0.0845603 0.0674821 0.0150017 0.0119065
  0 0 0 0.0970856 0.0169922 0.0459412 -0.878404 1.4082 0.395212 -0.181847 -0.352337 -0.578358 0.67485 -1.36588 -0.820534 -0.815703 2.20651 -1.29537 -1.79967 -0.49928 0.499502 0.0845603 0.0674821 0.0150017 0.0119065
  0 0 0 0.0970856 -0.00248567 0.0459412 -0.689791 0.662011 0.395212 -0.35354 -0.110734 -0.791469 0.525399 -1.07359 -0.247242 -1.95772 1.05212 -1.6577 -0.944724 -0.500594 0.499267 0.0845603 0.0674821 0.0150017 0.0119065
  0 0 0 0.0970857 0.00983985 0.0459412 -0.243173 0.327234 0.396364 1.11213 0.890201 -1.49597 0.178552 -2.12202 -1.06592 -4.29208 0.56921 -1.90109 -0.54737 -0.499811 0.50042 0.0845603 0.0674821 0.0150017 0.0119065
  0 0 0 0.0970859 -0.00382608 0.046045 -0.982783 0.512448 0.396888 -0.352102 -0.123897 -0.653372 0.882269 -1.80606 -1.26469 -2.2587 1.78053 -1.27915 -0.447348 -0.499741 0.501077 0.0845603 0.0674821 0.0150017 0.0119065
  0 0 0 0.0970861 -0.00751221 0.046045 -1.39085 0.0900385 0.396888 0.0734017 0.955999 -0.697502 -0.648238 -0.307177 -1.74547 -1.25974 1.52623 -0.819935 -0.108935 -0.500463 0.500207 0.0845583 0.0674821 0.0150013 0.0119065
  0 0 0 0.0970862 -0.00206679 0.046045 -0.886114 0.399761 0.39427 -0.352356 0.137476 -0.838325 1.19721 -2.11551 -0.35886 -2.46209 1.76109 -1.72227 -0.510566 -0.499463 0.499467 0.0845583 0.0674821 0.0150013 0.0119065
  0 0 0 0.0970863 -0.0127482 0.046045 -1.4905 0.345723 0.397411 1.25952 -0.199457 -1.33881 0.641143 -2.11782 -0.247386 -1.42761 1.09319 -0.273594 -1.36325 -0.499724 0.499811 0.0845542 0.0674821 0.0150006 0.0119065
  0 0 0 0.0970865 0.0195055 0.0459412 -0.779662 0.834954 0.395317 -0.353456 0.0285513 -0.6154 1.32252 -1.26947 -0.990494 -1.31637 1.52965 -0.593428 -1.36634 -0.500028 0.500133 0.0845542 0.0674821 0.0150006 0.0119065
  0 0 0 0.0970868 -0.00541782 0.046045 -1.74975 1.48569 0.395945 -0.353963 -0.352168 -0.183083 0.869841 -1.65278 -0.751044 -1.16354 1.49806 -0.858092 -1.0891 -0.500159 0.499685 0.0845542 0.0674821 0.0150006 0.0119065
  0 0 0 0.0970869 -0.0053131 0.046045 0.239542 0.818448 0.403485 -0.354556 -0.114372 -1.07706 0.711251 -0.337289 -0.903632 -1.88975 1.59314 -1.6731 -0.189209 -0.499811 0.499119 0.0845542 0.0674821 0.0150006 0.0119065
  0 0 0 0.0970876 0.00568247 0.046045 -0.832971 0.128831 0.403485 -0.272702 -0.35293 -0.542919 0.588579 -1.49299 -0.707772 -1.7777 3.60127 -0.316276 -2.00431 -0.501107 0.499989 0.0845542 0.0674821 0.0150006 0.0119065
  0 0 0 0.0970876 -0.00897829 0.046045 -1.38422 0.489566 0.402229 1.28777 -0.352845 -0.66248 1.2665 -1.51231 -0.983401 -1.27888 1.85191 -0.101237 -1.26357 -0.501055 0.500555 0.0845542 0.0674821 0.0150006 0.0119065
  0 0 0 0.0970877 -0.00950189 0.046045 -1.0443 0.290921 0.401496 0.0545708 -0.35183 -0.892333 0.117312 -0.386656 -1.26672 -1.52335 2.29178 -0.336333 -1.10756 -0.499637 0.497844 0.0845522 0.0674821 0.0150002 0.0119065
  0 0 0 0.0970878 -0.00656974 0.046045 -1.87058 0.44206 0.400972 -0.0353789 -0.35183 -0.124714 0.476491 -1.92806 -1.44296 -0.729395 3.45341 -1.1272 -2.00779 -0.499941 0.49955 0.0845522 0.0674821 0.0150002 0.0119065
  0 0 0 0.0970881 -0.00698862 0.046045 -1.27685 1.08343 0.39982 0.696536 -0.353945 -0.537948 0.750537 -1.34272 -0.90783 -0.839651 1.20645 -0.954465 -1.80918 -0.499767 0.499946 0.0845522 0.0674821 0.0150002 0.0119065
  0 0 0 0.0970887 -0.00309304 0.0459412 -1.66826 0.289263 0.399401 0.155467 -0.353099 -0.944127 1.30986 -1.78196 -1.00626 -1.32048 1.93417 -1.08443 -1.66158 -0.499811 0.499175 0.0845522 0.0674821 0.0150002 0.0119065
  0 0 0 0.0970895 0.000132327 0.0459412 -0.717233 1.39026 0.398982 -0.225971 0.925427 -0.44815 0.749094 -0.796067 -0.881077 -0.972584 1.36987 -0.926932 -0.309555 -0.49747 0.500076 0.0845502 0.0674821 0.0149998 0.0119065
  0 0 0 0.0970896 -0.0121199 0.0459412 -0.517926 0.529609 0.393956 1.05771 0.302597 -0.103868 1.086 -1.51601 -1.26686 -0.384163 1.58726 -0.553695 -0.568337 -0.499123 0.500154 0.0845502 0.0674821 0.0149998 0.0119065
  0 0 0 0.09709 0.00149368 0.046045 -0.14866 1.51222 0.393432 -0.353202 -0.0514332 -1.23899 0.573826 -1.66961 -1.17435 -1.73322 0.844447 -1.74868 -1.5167 -0.500028 0.500006 0.0845502 0.0674821 0.0149998 0.0119065
  0 0 0 0.0970902 -0.00081015 0.046045 -0.995136 1.16509 0.393432 0.412348 1.26041 -0.952225 1.33546 -1.96567 -1.43407 -1.60809 -0.0805281 -0.50493 -1.22742 -0.500028 0.499728 0.0845502 0.0674821 0.0149998 0.0119065
  0 0 0 0.0970902 -0.00206679 0.046045 -1.20207 0.619812 0.393432 1.29395 0.598171 -0.775434 1.14309 -1.99014 -1.01945 -1.57084 1.43593 -0.109417 -0.742382 -0.500533 0.499989 0.0845502 0.0674821 0.0149998 0.0119065
  0 0 0 0.0970903 0.000446487 0.046045 -1.67447 0.936598 0.397097 1.23228 0.535825 -0.593592 0.718787 -1.50993 -1.44203 -0.981012 1.44351 -0.791393 -0.192568 -0.500115 0.499415 0.0845502 0.0674821 0.0149998 0.0119065
  0 0 0 0.0970903 -0.00702003 0.0459412 -0.0809251 1.04844 0.39783 0.364789 0.0257258 -0.811353 0.744123 -1.60406 -1.40063 -2.60295 2.06178 -0.633934 -0.501995 -0.500507 0.501251 0.0845502 0.0650443 0.0149998 0.0114641
  0 0 0 0.0970915 0.00987126 0.0459412 -1.17844 0.590131 0.391442 -0.353202 0.0869133 -0.986461 1.06644 -0.850212 -0.381444 -2.18032 1.48082 -0.607394 -1.12221 -0.499637 0.500072 0.0845502 0.0649884 0.0149998 0.011454
  0 0 0 0.0970917 -0.00541782 0.0459412 -0.62015 0.670219 0.390919 1.1688 0.230099 -0.117338 1.28308 -1.04588 -2.01619 0.0918024 1.60086 -1.3258 -0.85061 -0.499328 0.499054 0.0845482 0.0649884 0.0149995 0.011454
  0 0 0 0.0970918 -0.000401743 0.0459412 -1.25339 1.04404 0.393432 0.270685 0.691454 -0.706 1.08199 -1.03242 -1.23501 -0.741774 1.65014 -1.69973 -0.431206 -0.499898 0.499728 0.0845482 0.0649884 0.0149995 0.011454
  0 0 0 0.0970921 -0.0149473 0.0459412 -0.467684 0.813482 0.393537 1.16594 0.586319 0.245994 0.411708 -1.93454 -0.346554 -1.54463 0.661476 -0.102386 -1.81097 -0.500289 0.500089 0.0845461 0.0649884 0.0149991 0.011454
  0 0 0 0.0970921 0.00591286 0.0459412 -0.378311 0.422909 0.393537 0.591072 0.573639 -0.587915 2.06497 -2.1184 -0.15372 -2.63349 2.62492 -0.743172 -0.809129 -0.499345 0.500603 0.0845461 0.0649884 0.0149991 0.011454
  0 0 0 0.0970924 -0.00709334 0.0459412 -0.37715 -0.347791 0.393537 0.715909 -0.352337 -0.100821 0.793529 -1.71232 -0.414278 -1.63474 1.58003 -0.108825 -1.00196 -0.50055 0.499641 0.0845461 0.0649884 0.0149991 0.011454
  0 0 0 0.0969833 0.000132327 0.0459412 -0.317773 1.08865 0.386772 -0.271822 -0.351999 -1.49543 1.30899 -1.31207 -1.93006 -2.16001 1.6996 -1.22526 -1.60106 -0.500115 0.499998 0.0690167 0.060425 0.0121849 0.0106254
  0 0 0 0.0969838 0.00432112 0.0459412 -0.413629 0.572431 0.387358 -0.352356 0.137848 -1.12132 0.493168 -1.74084 -1.16277 -1.33505 1.47903 -1.73628 -0.115509 -0.49955 0.499202 0.0690167 0.060425 0.0121849 0.0106254
  0 0 0 0.0969844 0.00839472 0.0459412 0.427044 -0.0546335 0.387358 0.528252 -0.107181 0.509505 0.142953 -2.11811 -0.932876 -1.50674 1.49349 -0.0990793 -0.10753 -0.500724 0.500977 0.0690167 0.060425 0.0121849 0.0106254
  0 0 0 0.0969846 -0.00656974 0.0458373 -0.843998 0.771614 0.395527 0.166549 0.972081 -0.779924 1.35876 -0.619968 -2.11985 -1.02407 2.17909 -1.67856 -0.475585 -0.499906 0.499902 0.0690167 0.060425 0.0121849 0.0106254
  0 0 0 0.0969847 -0.00918773 0.0458373 -0.409567 1.03534 0.395631 0.293746 1.15191 -0.801732 1.10139 -0.5294 -1.57102 -1.54406 0.901096 -0.121425 -1.06919 -0.501403 0.500307 0.0690167 0.060425 0.0121849 0.0106254
  0 0 0 0.0969851 -0.0177748 0.0458373 0.124103 1.7562 0.395631 0.22585 0.765669 -2.2383 0.927248 -2.12318 -2.05039 -1.77642 1.48545 -1.9145 -0.639178 -0.507547 0.500076 0.0690167 0.060425 0.0121849 0.0106254
  0 0 0 0.0969852 -0.00394127 0.0458373 0.231882 1.47649 0.397411 0.175144 1.29363 -2.37305 0.573345 -1.70236 -0.250079 -2.18762 0.447963 -1.97446 -1.69435 -0.498344 0.499041 0.0690167 0.060423 0.0121849 0.010625
  0 0 0 0.0969856 -0.00573198 0.0459412 -1.06849 0.528615 0.404637 -0.352864 -0.35276 -0.299533 0.764825 -1.42408 -1.87494 -2.11576 0.999708 -0.413257 -1.33867 -0.500333 0.500033 0.0690167 0.060423 0.0121849 0.010625
  0 0 0 0.0969858 -0.00604614 0.0459412 -0.845904 1.38288 0.383588 -0.0625339 0.345469 -1.22074 1.4047 -0.843842 -1.53614 -1.5352 1.70336 -1.32159 -0.976629 -0.500115 0.499471 0.0690167 0.060423 0.0121849 0.010625
  0 0 0 0.0969859 -0.00122903 0.0459412 -1.28473 1.49696 0.400448 0.790555 1.14567 -1.08332 0.533577 -1.47258 -1.79166 -1.90323 0.878461 -0.490472 -0.677075 -0.499867 0.499597 0.0690167 0.060423 0.0121849 0.010625
  0 0 0 0.0969862 0.00535784 0.0458373 -1.18458 -0.276657 0.401286 -0.352695 -0.35276 -0.649475 0.481783 -1.86798 -0.433185 -1.98547 2.10581 -0.828115 -0.420524 -0.498897 0.501229 0.0690167 0.060423 0.0121849 0.010625
  0 0 0 0.0969863 -0.0148426 0.0458373 -0.444636 -0.0865526 0.400972 -0.118891 0.898399 -0.514376 0.553157 -0.258389 -1.49372 -1.10505 1.39908 -0.38676 -0.108474 -0.500028 0.499624 0.0690167 0.060423 0.0121849 0.010625
  0 0 0 0.0969866 0.002122 0.0459412 -0.74766 1.2264 0.401286 -0.0779302 -0.351068 -2.08504 1.34383 -1.54149 -1.34911 -2.44977 2.38677 -1.6758 -1.19197 -0.500072 0.499889 0.0690167 0.060423 0.0121849 0.010625
  0 0 0 0.0969867 0.00214295 0.0458373 -0.883212 0.0243765 0.401286 -0.0971332 -0.351999 -0.799664 0.749415 -1.09458 -0.758427 -1.08394 1.68959 -1.28201 -1.28442 -0.501869 0.500598 0.0690167 0.060423 0.0121849 0.010625
  0 0 0 0.0969869 0.0161544 0.0459412 0.238033 -0.207455 0.401286 0.76598 0.0115054 -1.34068 0.361068 -1.8542 -1.26541 -3.06711 1.58379 -1.11854 -0.11467 -0.447165 0.502913 0.0690167 0.060423 0.0121849 0.010625
  0 0 0 0.0969872 -0.0047895 0.0459412 -0.741508 1.4284 0.401286 0.177893 0.959062 -0.897368 1.27778 -1.06939 -1.63076 -1.53301 1.16058 -0.482071 -0.982342 -0.502578 0.499867 0.0690228 0.060425 0.012186 0.0106254
  0 0 0 0.0969874 -0.00824525 0.0459412 -1.56562 1.01355 0.394689 -0.352525 0.0326119 -0.988866 0.893253 -1.65021 -0.228132 -2.21722 1.56759 -1.46495 -0.123141 -0.499637 0.498706 0.0690228 0.060425 0.012186 0.0106254
  0 0 0 0.0969874 0.00536832 0.0459412 -0.494629 1.42532 0.399506 -0.107454 0.0131127 -0.97894 0.483386 -0.807852 -1.99477 -1.64702 1.37641 -0.522086 -0.587007 -0.499058 0.500272 0.0690228 0.060425 0.012186 0.0106254
  0 0 0 0.0969875 -0.00300927 0.0459412 -0.426812 1.68632 0.400029 1.14159 0.453505 -1.85411 0.802653 -1.75387 -2.11927 0.359172 0.596109 -1.94602 -0.994385 -0.499941 0.462476 0.0690228 0.060425 0.012186 0.0106254
  0 0 0 0.0969875 0.0129081 0.0459412 -0.360221 1.3469 0.395841 0.623641 0.717704 -0.294802 1.26462 -1.06288 -1.52803 -0.53312 1.73587 -0.847911 -0.632213 -0.500333 0.499471 0.0690228 0.060425 0.012186 0.0106254
  0 0 0 0.0969876 -0.00311399 0.0458373 -1.70492 1.5293 0.404637 -0.204992 0.0712294 -0.138505 0.242694 -1.70783 -0.258505 -1.20293 0.69711 -0.681794 -1.71748 -0.494851 0.500054 0.0690228 0.060425 0.012186 0.0106254
  0 0 0 0.0969876 -0.001428 0.0458373 -1.55384 1.57618 0.404637 -0.0909578 0.679382 -0.161115 1.22743 -1.74243 -0.597297 -1.51351 1.49158 -0.213595 -1.21933 -0.500898 0.499989 0.0690228 0.060425 0.012186 0.0106254
  0 0 0 0.0969876 0.00819575 0.0459412 -0.602656 0.12966 0.394689 -0.190103 0.246679 -0.60177 0.438647 -1.31391 -0.424991 -1.55071 0.84838 -0.171813 -0.953661 -0.500363 0.499989 0.0690228 0.060425 0.012186 0.0106254
  0 0 0 0.0969879 0.00884501 0.0459412 -0.587816 0.740109 0.394479 0.70481 0.85572 -0.564407 0.0363171 -0.958819 -1.07866 -0.91653 0.651006 -0.670525 -0.493293 -0.499767 0.500729 0.0690228 0.060425 0.012186 0.0106254
  0 0 0 0.0969879 0.000132327 0.0459412 -0.824515 0.393643 0.396783 0.238624 -0.0525583 -0.524318 0.576873 -1.90414 -0.400843 -1.50397 1.22109 -0.116522 -0.288801 -0.501721 0.499772 0.0690228 0.060425 0.012186 0.0106254
  0 0 0 0.096988 0.0054102 0.0458373 -1.22131 0.36305 0.391757 -0.352864 0.121183 -1.29867 1.81642 -1.38832 -0.262443 -2.22058 2.53231 -1.21182 -0.641702 -0.499898 0.50025 0.0690228 0.060425 0.012186 0.0106254
  0 0 0 0.096988 -0.0115963 0.0458373 -1.47359 0.812901 0.397097 0.186767 -0.352168 -1.25906 0.424392 -1.54801 -1.56984 -1.60323 1.47573 -1.0598 -0.270144 -0.499724 0.499563 0.0690228 0.060425 0.012186 0.0106254
  0 0 0 0.096988 -0.00362711 0.0458373 -0.923754 0.533257 0.397516 -0.0406238 -0.31707 -0.581405 1.29125 -2.00288 -0.600193 -1.91092 1.71647 -0.499579 -1.32501 -0.501203 0.500033 0.0690228 0.060425 0.012186 0.0106254
  0 0 0 0.096988 0.00652023 0.0458373 -0.5132 0.271604 0.396888 -0.187498 -0.298535 -1.44139 0.837931 -1.00266 -0.514488 -2.46841 1.20259 -0.947329 -1.2674 -0.500028 0.500202 0.0690228 0.0601451 0.012186 0.0105746
  0 0 0 0.096988 -7.71121e-05 0.0458373 -1.33107 0.685059 0.396364 0.0988563 -0.256034 -0.168619 1.7969 -1.87041 -1.65311 -0.522996 2.216 -1.09952 -1.59679 -0.49881 0.499798 0.0690228 0.0601451 0.012186 0.0105746
  0 0 0 0.0969882 0.01783 0.0459412 -1.00442 1.09354 0.392385 -0.067102 -0.114626 -0.401005 1.86997 -0.361755 -1.60635 -1.02424 2.41413 -0.644028 -1.49369 -0.500507 0.499815 0.0690228 0.0598079 0.012186 0.0105133
  0 0 0 0.0969882 -0.0126435 0.0458373 -0.843003 0.479451 0.391757 1.09493 0.343143 -0.462742 1.00326 -0.917385 -1.5454 -0.513278 1.2628 -1.06661 -0.747894 -0.502922 0.499611 0.0690228 0.0596014 0.012186 0.0104758
  0 0 0 0.0969882 -0.000391271 0.0458373 -0.500598 0.460946 0.402857 0.444105 0.644445 -0.371548 -0.565174 -0.553504 -1.10921 -0.595421 1.58321 -1.34987 -0.09858 -0.499419 0.499685 0.0690228 0.0596014 0.012186 0.0104758
  0 0 0 0.0969883 0.00997598 0.0459412 -1.5754 1.04811 0.400763 0.22206 0.587208 -1.25781 0.90605 -1.79513 -2.11724 -1.06351 2.98971 -1.46217 -1.00166 -0.499724 0.499571 0.0690228 0.0596014 0.012186 0.0104758
  0 0 0 0.0969885 -7.71121e-05 0.0458373 -1.29285 2.13485 0.399715 0.803735 0.969712 -1.29338 1.62175 -1.53382 -1.93425 -1.06346 1.48111 -1.14943 -0.115575 -0.501029 0.493567 0.0690228 0.0596014 0.012186 0.0104758
  0 0 0 0.0969886 0.0126882 0.0458373 -0.382788 1.58377 0.402962 -0.0195597 -0.35276 -1.83297 0.357235 -2.11855 -1.19057 -1.84931 1.26962 -1.51973 -1.72507 -0.499767 0.499689 0.0690228 0.0596014 0.012186 0.0104758
  0 0 0 0.0969886 -0.00308257 0.0458373 -1.42965 1.08752 0.400972 1.2953 -0.118771 -1.2517 1.51921 -1.75781 -2.07134 -0.897614 2.22028 -0.567675 -1.3626 -0.500294 0.500202 0.0690228 0.0596014 0.012186 0.0104758
  0 0 0 0.0969887 -0.00698862 0.0458373 -0.143055 1.30412 0.386521 -0.0904079 -0.0239229 0.345687 0.67501 -0.306742 -1.55307 -0.392031 0.622123 -0.512336 -1.6764 -0.49941 0.500542 0.0690228 0.0596014 0.012186 0.0104758
  0 0 0 0.0969888 0.00254088 0.0459412 0.0204697 0.0604409 0.393642 -0.208968 -0.351322 -1.94224 1.92299 -1.26947 -2.11855 -1.70597 1.83953 -1.87081 -1.97838 -0.495982 0.507473 0.0690228 0.0596014 0.012186 0.0104758
  0 0 0 0.0969888 -0.0125388 0.0459412 0.00272767 0.829317 0.394898 0.417762 0.545553 0.0442197 0.751195 -0.352273 -1.80137 -0.448489 2.59403 -0.754498 -0.753176 -0.500289 0.499471 0.0690228 0.0596014 0.012186 0.0104758
  0 0 0 0.0969889 0.0042897 0.0459412 0.19003 1.04479 0.391547 -0.168227 1.24659 -1.9382 1.10659 -0.846259 -1.64037 -2.45069 1.23237 -1.64829 -0.515352 -0.499824 0.499815 0.0690228 0.0596014 0.012186 0.0104758
  0 0 0 0.0969889 -0.0063603 0.0459412 -0.832457 1.02149 0.393013 0.180795 -0.341721 -0.785777 0.104308 -2.11956 -0.550391 -1.01823 0.778443 -0.651464 -0.835056 -0.499859 0.499641 0.0690228 0.0596014 0.012186 0.0104758
  0 0 0 0.096989 -0.0053131 0.0459412 -1.0836 0.533448 0.407046 0.145417 0.324211 0.135414 1.12336 -0.294871 -1.16292 -0.504543 2.41748 -0.758074 -0.62067 -0.502543 0.498658 0.0690228 0.0596014 0.012186 0.0104758
  0 0 0 0.0969892 0.000655926 0.0459412 -0.151238 0.440734 0.396783 -0.0513674 1.00231 -0.612626 0.403642 -1.69596 -1.34562 -2.95786 0.205474 -0.799964 -1.00243 -0.505032 0.49985 0.0690228 0.0596014 0.012186 0.0104758
  0 0 0 0.0969892 0.0132223 0.0458373 -0.928479 1.14627 0.396678 0.0399867 -0.350476 -0.844226 1.35729 -1.00936 -1.85271 -1.08284 1.94244 -1.29832 -1.33097 -0.499289 0.499989 0.0667492 0.0596014 0.0117735 0.0104758
  0 0 0 0.0969892 -0.00468478 0.0458373 -0.85063 0.850624 0.396678 0.56209 0.482784 -0.711933 1.00406 -0.693425 -1.16538 -0.972006 1.44542 -1.29675 -0.615614 -0.501055 0.498753 0.0667164 0.0596014 0.0117675 0.0104758
  0 0 0 0.0969892 -0.00698862 0.0458373 -1.02846 0.813316 0.400658 -0.164818 0.470094 -0.139178 1.00332 -1.90045 -1.79209 -2.84372 1.5227 -0.869531 -0.481585 -0.49985 0.499123 0.0667164 0.0596014 0.0117675 0.0104758
  0 0 0 0.0969893 0.012594 0.0458373 -1.48445 -0.0735362 0.400658 1.12828 -0.351153 -0.932999 1.40405 -0.747424 -1.8639 -0.781573 2.46602 -1.98885 -1.80704 -0.500289 0.500337 0.0667164 0.0596014 0.0117675 0.0104758
  0 0 0 0.0969894 -0.0111774 0.0459412 -2.13494 1.05927 0.400658 0.800673 -0.191861 -2.40283 0.270114 -1.96489 -0.531426 -0.000984301 0.684748 -0.942608 -1.47738 -0.498962 0.499946 0.0667164 0.0596014 0.0117675 0.0104758
  0 0 0 0.0969896 -0.00468478 0.0458373 -0.79131 1.32933 0.38872 -0.352356 0.218932 -0.752535 0.970769 -1.10631 -0.762625 -2.3002 1.27581 -0.81628 -1.34781 -0.500898 0.500033 0.0667164 0.0596014 0.0117675 0.0104758
  0 0 0 0.0969896 0.00997598 0.0458373 -0.0548924 0.850624 0.389872 -0.352864 1.11372 -0.452656 0.357347 -0.787236 -1.44522 -1.98184 0.396595 -1.82356 -0.812518 -0.500072 0.499902 0.0667164 0.0596014 0.0117675 0.0104758
  0 0 0 0.0969896 0.00693911 0.0458373 -0.332132 1.15481 0.390709 -0.352272 0.877673 -1.60479 0.660258 -2.05514 -1.6576 -2.49819 0.724067 -1.89143 -0.973675 -0.500072 0.500163 0.0667164 0.0596014 0.0117675 0.0104758
  0 0 0 0.0969896 0.0101645 0.0459412 -1.07539 0.631717 0.390709 -0.352864 -0.0973513 -0.0833586 1.05696 -1.36979 -1.70146 -1.38307 2.70001 -1.24281 -1.0553 -0.497174 0.499902 0.0667164 0.0596014 0.0117675 0.0104758
  0 0 0 0.0969898 0.00474 0.0459412 -0.147524 1.41389 0.390709 -0.353625 0.336688 -1.22536 0.797682 -0.950538 -1.79758 -2.26223 0.805053 -0.734353 -1.31213 -0.499811 0.499767 0.0667164 0.0596014 0.0117675 0.0104758
  0 0 0 0.09699 2.76076e-05 0.0459412 -0.811996 0.860573 0.397621 -0.340851 0.151848 -1.50537 0.47617 -1.60316 -0.413873 -1.51733 1.0509 -1.63125 -0.637508 -0.499811 0.50032 0.0657768 0.0596014 0.011597 0.0104758
  0 0 0 0.0969901 -0.00217151 0.0459412 -0.298472 1.33704 0.397935 -0.352948 0.193917 -1.25329 1.16249 -0.709929 -1.5965 -2.12877 1.58732 -1.50198 -0.945916 -0.500898 0.499815 0.0656611 0.0596014 0.011576 0.0104758
  0 0 0 0.0969902 -0.00259039 0.0459412 -1.12066 0.706283 0.398878 0.912389 0.636916 -0.964813 0.160913 -1.86172 -0.776813 -1.41101 0.686814 -0.341959 -0.643747 -0.501956 0.499859 0.0656611 0.0596014 0.011576 0.0104758
  0 0 0 0.0969905 0.00285504 0.0458373 -0.460969 1.76185 0.391757 -0.192599 0.986547 -1.43241 0.0685805 -2.11927 -2.12 -1.08596 1.65089 -1.35661 -0.108979 -0.433568 0.544542 0.0656611 0.0596014 0.011576 0.0104758
  0 0 0 0.0969905 -0.0058367 0.0458373 -0.502489 1.38554 0.391652 0.0871314 -0.351914 -0.813117 0.874123 -0.316341 -1.61276 -1.18668 1.79921 -1.39617 -1.39428 -0.503596 0.499859 0.0656611 0.0596014 0.011576 0.0104758
  0 0 0 0.0969905 -0.00719806 0.0458373 -1.05193 1.55641 0.391652 -0.120515 -0.210049 -1.42487 1.42398 -2.11869 -1.93208 -2.13172 1.67108 -1.32986 -1.3599 -0.500368 0.50012 0.0656611 0.0596014 0.011576 0.0104758
  0 0 0 0.0115054 0.00557775 0.0493684 -0.176848 1.71617 0.411653 0.0806853 0.358006 -1.52397 1.28051 -0.710218 -1.91905 -2.88622 1.30213 -0.66732 -1.12651 -0.500695 0.499295 0.0246967 0.0287861 0.0041238 0.00486915
  0 0 0 0.0115054 0.275514 0.0492645 -0.806441 -0.169376 0.597007 0.447963 -0.35073 -1.27799 0.578797 -1.92557 -1.74895 -1.59508 2.55585 -0.704164 -1.284 -0.500051 0.43398 0.0246967 0.0287898 0.0041238 0.00486983
  0 0 0 0.0115054 -0.0149892 0.0493684 -1.41547 0.907249 0.399569 -0.136131 -0.271042 -1.15916 0.939756 -1.52368 -0.45687 -1.51062 1.30265 -1.25639 -1.40628 -0.50013 0.500005 0.0246967 0.0287902 0.0041238 0.0048699
  0 0 0 0.0115054 2.76076e-05 0.0492645 0.165888 1.23067 0.398563 0.808794 -0.0728357 0.271202 1.12785 -1.95727 -1.36009 -1.61087 2.02516 -0.101904 -0.893444 -0.50046 0.497786 0.0246967 0.0288256 0.0041238 0.00487635
  0 0 0 0.0115054 -2.47522e-05 0.0492645 -0.978058 0.859246 0.401496 1.06875 -0.0550539 -1.18979 0.807143 -1.6935 -1.37215 -0.98317 1.09678 -0.821516 -1.09102 -0.499477 0.500701 0.0247405 0.0288256 0.00413179 0.00487635
  0 0 0 0.0115054 -0.0139001 0.0493684 -1.64512 1.64744 0.401496 0.189982 -0.0806185 -1.31019 0.981929 -2.11956 -0.923031 -1.69226 1.16602 -0.669539 -1.76066 -0.497432 0.4997 0.0247864 0.0288256 0.00414015 0.00487635
  0 0 0 0.0115054 -0.0171464 0.0492645 -0.442481 1.15945 0.401496 0.213753 1.13459 -0.778801 1.01833 -1.26903 -1.40584 -1.36372 1.54336 -0.361801 -0.111019 -0.500086 0.499313 0.0247843 0.0288256 0.00413977 0.00487635
  0 0 0 0.0115054 -0.00468478 0.0492645 -0.715327 0.601407 0.403066 -0.35261 -0.226629 -1.62323 0.568374 -1.6851 -0.582241 -2.14717 0.914095 -1.72759 -1.31352 -0.499608 0.500092 0.0247864 0.0288276 0.00414015 0.00487672
  0 0 0 0.0115054 -0.00311399 0.0491606 -0.996297 1.06038 0.403066 1.0336 0.9231 -0.469317 0.616962 -0.738014 -2.12043 -0.415517 0.685772 -1.39292 -0.571043 -0.499956 0.493957 0.0247864 0.0288297 0.00414015 0.0048771
  0 0 0 0.0115054 0.00348336 0.0491606 -0.439911 0.410721 0.403066 0.757952 0.214956 0.0537609 0.62514 -0.368849 -0.601785 -0.183608 0.885403 -1.29346 -1.2946 -0.500217 0.499874 0.0247864 0.0288297 0.00414015 0.0048771
  0 0 0 0.0115054 0.00485519 0.0491606 0.35135 0.951297 0.388196 0.748816 0.0716524 0.28387 0.930616 -1.31449 -1.72043 -1.29115 2.59386 -0.0985281 -0.946691 -0.500217 0.498926 0.0247864 0.028836 0.00414015 0.00487824
  0 0 0 0.0115054 0.00515888 0.0492645 -0.677604 0.331131 0.400867 0.76675 -0.128076 -0.528808 0.8963 -0.976307 -0.663747 -0.610635 1.14352 -1.15362 -1.35768 -0.500652 0.500222 0.0247864 0.028836 0.00414015 0.00487824
  0 0 0 0.0115054 -0.00782637 0.0492645 -1.4823 0.533158 0.399192 0.524639 -0.35276 -0.754267 1.17243 -1.22285 -0.837761 -1.51062 1.80031 -0.395999 -0.863206 -0.50026 0.501397 0.0247864 0.0288443 0.00414015 0.00487976
  0 0 0 0.0115054 -0.00814053 0.0492645 -0.468431 1.35005 0.399192 -0.0196443 -0.349207 -0.979726 1.06916 -1.96075 -2.00635 -1.75173 1.38422 -0.615153 -1.28668 -0.499869 0.499961 0.0247885 0.0288443 0.00414053 0.00487976
  0 0 0 0.0115054 -0.00541782 0.0492645 -0.183812 0.778246 0.399192 0.478197 -0.246932 0.0741259 1.78959 -1.50733 -1.09835 -1.67305 2.41002 -0.105838 -1.48734 -0.500043 0.500135 0.0247926 0.0288443 0.00414129 0.00487976
  0 0 0 0.0115054 -0.00122903 0.0492645 0.127917 0.529609 0.387149 0.759221 -0.149225 0.0232934 -0.0515574 -1.4277 -0.433996 -1.34784 0.657022 -0.101704 -0.598667 -0.500347 0.5 0.0249052 0.0288817 0.00416181 0.00488658
  0 0 0 0.0115054 0.00254088 0.0492645 -1.35155 0.354013 0.400029 -0.353371 -0.35293 -0.449914 0.962045 -1.58304 -0.294871 -1.063 1.46937 -1.09066 -0.557621 -0.499042 0.500723 0.0249052 0.0288838 0.00416181 0.00488696
  0 0 0 0.0115054 0.000132327 0.0491606 -0.826753 0.54901 0.385997 -0.225887 0.17243 -0.943486 0.488678 -1.98521 -0.334191 -1.99694 0.938813 -0.872987 -0.746319 -0.500391 0.498878 0.0249052 0.0288838 0.00416181 0.00488696
  0 0 0 0.0115054 -0.0032187 0.0492645 -0.596264 0.752562 0.387987 0.0112329 -0.192115 -1.5817 0.357187 -0.152851 -1.22806 -2.24753 1.02279 -0.347869 -0.70392 -0.498685 0.501701 0.0249052 0.0288838 0.00416181 0.00488696
  0 0 0 0.0115054 -0.00133375 0.0491606 -1.20729 0.614755 0.392385 0.649222 0.685558 -0.538109 1.916 -1.07229 -1.77168 -0.920869 2.80251 -0.805809 -1.04855 -0.499085 0.707107 0.0249073 0.0292601 0.00416219 0.00495553
  0 0 0 0.0115054 0.00557775 0.0491606 0.124269 0.66187 0.393746 0.0752035 -0.352422 -0.0660242 1.32972 -0.292844 -0.627554 -0.586339 2.27683 -0.858368 -1.59002 -0.499521 0.500222 0.0249073 0.0292622 0.00416219 0.00495591
  0 0 0 0.0115054 -0.0197644 0.0491606 -1.04331 0.717393 0.383379 0.452844 0.393367 -0.495454 0.00969816 -0.935482 -1.27294 -1.11755 1.49656 -0.505989 -0.104567 -0.500695 0.499587 0.0249073 0.0292622 0.00416219 0.00495591
  0 0 0 0.0115054 -0.00929245 0.0491606 -0.557058 0.85336 0.388824 0.278722 -0.0942382 -0.784574 0.727927 -0.906527 -1.34837 -1.54139 1.17996 -0.120979 -0.904087 -0.50013 0.502163 0.0249073 0.0292622 0.00416219 0.00495591
  0 0 0 0.0115054 -0.00269511 0.0491606 -1.17645 0.4084 0.395212 0.540628 0.23196 -0.327563 0.934144 -0.782054 -1.18941 -0.493726 1.5997 -1.47084 -0.324491 -0.499912 0.499757 0.0249073 0.0292622 0.00416219 0.00495591
  0 0 0 0.0115054 0.00494944 0.0491606 -0.420511 0.534584 0.395212 -0.117944 -0.351745 -1.54866 1.22006 -2.11913 -1.52499 -2.77909 2.26338 -1.69191 -1.93927 -0.500391 0.500179 0.0249094 0.0292622 0.00416257 0.00495591
  0 0 0 0.0115054 0.00465622 0.0492645 -1.10866 1.07555 0.389557 -0.0969725 0.226546 -0.682749 0.870643 -1.16885 -1.87519 -0.923935 1.67733 -1.38969 -0.563908 -0.498659 0.501092 0.0249094 0.0292622 0.00416257 0.00495591
  0 0 0 0.0115054 0.00672967 0.0492645 -0.736468 -0.365948 0.396993 0.462691 -0.0738509 -0.873731 -0.0711207 -0.373482 -1.00048 -1.17511 1.56892 -1.38043 -0.104193 -0.499825 0.500048 0.0249094 0.0292622 0.00416257 0.00495591
  0 0 0 0.0115054 0.00536832 0.0491606 -1.03029 0.531848 0.39626 -0.166332 0.821671 -1.63734 0.689763 -2.02778 -0.223499 -2.45017 0.985015 -1.53589 -1.25835 -0.501174 0.499395 0.0249094 0.0292622 0.00416257 0.00495591
  0 0 0 0.0115054 0.00390224 0.0491606 -0.893493 0.64543 0.39626 -0.352864 -0.0803647 -1.02831 0.239968 -1.17175 -0.895814 -1.43912 0.76493 -1.25302 -0.890834 -0.499407 0.50057 0.0249094 0.0292622 0.00416257 0.00495591
  0 0 0 0.0115054 -0.00444393 0.0492645 -0.213161 -0.199936 0.393537 -0.353625 -0.348446 -0.593431 0.897422 -1.12904 -0.490456 -2.17216 1.40441 -1.03106 -0.512985 -0.502949 0.49702 0.025049 0.0292643 0.00418802 0.00495629
  0 0 0 0.0115054 -0.00719806 0.0491606 -0.30925 0.700894 0.393327 0.39235 -0.352168 -0.0539976 0.925164 -0.496392 -0.995214 -1.43227 1.46405 -0.100308 -0.982003 -0.499655 0.500022 0.025049 0.0292643 0.00418802 0.00495629
  0 0 0 0.0115054 0.00494944 0.0491606 -0.612108 0.129419 0.393118 0.575041 0.843496 -1.02976 -0.394172 -0.614091 -1.74634 -1.64436 1.48915 -0.234276 -0.100011 -0.499347 0.499443 0.025049 0.0292643 0.00418802 0.00495629
  0 0 0 0.0115054 -0.0104444 0.0492645 -0.358579 0.776505 0.393013 -0.352948 0.995835 -1.56951 0.894857 -1.44869 -0.704138 -2.30532 1.01434 -1.92681 -1.1501 -0.500182 0.50044 0.0250511 0.0292664 0.0041884 0.00495667
  0 0 0 0.0115054 -0.00279983 0.0491606 -1.25555 0.938256 0.390186 1.04195 -0.153032 -1.74366 0.724239 -1.7711 -0.36494 -0.176203 0.946894 -1.01865 -1.85101 -0.50013 0.500157 0.0250615 0.0292664 0.0041903 0.00495667
  0 0 0 0.0115054 -0.00719806 0.0491606 -0.983198 0.893652 0.395527 0.534875 0.0200495 -0.628389 1.03437 -1.24486 -0.373771 -0.883326 1.3454 -0.974624 -1.49691 -0.500217 0.499961 0.0250615 0.0292664 0.0041903 0.00495667
  0 0 0 0.0115054 0.0108137 0.0491606 -1.69893 1.19386 0.395317 -0.35354 0.0567637 -0.61989 1.24587 -1.07938 -2.11623 -1.66449 1.95054 -0.80111 -1.05138 -0.499695 0.500309 0.0250615 0.0292664 0.0041903 0.00495667
  0 0 0 0.0115054 -0.00887357 0.0490568 -0.00531427 1.13159 0.395527 -0.0495063 0.0198803 -0.436123 0.701309 -0.307611 -1.85651 -0.952569 1.2499 -0.558243 -0.792708 -0.501348 0.504342 0.0250615 0.0292664 0.0041903 0.00495667
  0 0 0 0.0115054 -0.00625558 0.0490568 -0.910489 0.641368 0.395527 -0.0828367 0.725148 -0.909651 0.433676 -0.444767 -1.80642 -1.30382 0.736099 -1.30007 -0.613943 -0.499869 0.499613 0.0250615 0.0292664 0.0041903 0.00495667
  0 0 0 0.0115054 -0.015251 0.0491606 -0.738789 1.46393 0.407465 0.269332 -0.0803647 -0.740797 0.0549182 -1.42235 -1.89082 -1.11905 1.03563 -0.76565 -0.612594 -0.500086 0.49896 0.0250615 0.0292664 0.0041903 0.00495667
  0 0 0 0.0115054 0.000132327 0.0491606 -0.996463 0.510292 0.403171 0.914199 0.78307 -1.5987 0.255362 -1.4847 -0.334683 -1.78129 0.48296 -0.611424 -1.19475 -0.500578 0.499139 0.0250615 0.0292664 0.0041903 0.00495667
  0 0 0 0.0115054 0.00617466 0.0491606 -0.209679 1.22006 0.402962 0.644003 0.866591 -1.08043 1.7542 -1.51212 -2.01822 -1.71661 1.47695 -0.232775 -0.644904 -0.499368 0.499717 0.0250615 0.0292664 0.0041903 0.00495667
  0 0 0 0.0115054 -0.000600711 0.0490568 -0.649582 1.2235 0.384322 0.160374 -0.353522 -0.979085 0.933502 -1.169 -0.765376 -1.13846 1.05816 -1.1973 -2.00003 -0.501 0.49977 0.0250615 0.0292664 0.0041903 0.00495667
  0 0 0 0.0115054 0.00233144 0.0491606 -1.64562 0.443884 0.384636 -0.0596577 0.505117 -0.750258 0.837754 -1.19983 -1.40164 -1.09129 1.50917 -1.39187 -0.118216 -0.50013 0.500296 0.0251428 0.0292664 0.00420512 0.00495667
  0 0 0 0.0115054 -0.015052 0.0491606 -1.0535 0.9264 0.400029 0.497171 1.04365 -0.719791 0.666993 -1.83031 -1.45333 -0.932091 1.10511 -0.869367 -0.296546 -0.499486 0.499744 0.0251428 0.0292664 0.00420512 0.00495667
  0 0 0 0.0115054 -0.00300927 0.0491606 -0.752137 1.93728 0.400239 0.881207 -0.0817013 -0.903397 1.12192 -0.800845 -1.60751 -1.19813 2.56187 -0.742547 -1.25835 -0.500217 0.499744 0.0251428 0.0292664 0.00420512 0.00495667
  0 0 0 0.0115054 0.00997598 0.0491606 -0.586158 0.247064 0.398982 0.460009 -0.111749 -1.62613 0.977039 -2.03965 -0.337868 -1.927 1.58512 -0.902486 -0.122466 -0.496475 0.499265 0.0251428 0.0292664 0.00420512 0.00495667
  0 0 0 0.0115054 0.00969324 0.0491606 -0.74053 0.118641 0.398982 -0.342374 0.846626 -1.26708 -0.179521 -1.1218 -1.96495 -1.45312 1.56869 -1.5097 -0.102539 -0.499869 0.500222 0.0251428 0.0292664 0.00420512 0.00495667
  0 0 0 0.0115054 -0.00101959 0.0491606 -0.529284 0.889258 0.394689 0.328312 -0.35293 -0.750419 1.09578 -0.241349 -0.546772 -1.11714 1.57147 -1.44319 -1.23934 -0.500034 0.4997 0.0251428 0.0292664 0.00420512 0.00495667
  0 0 0 0.0115054 -0.00950189 0.0491606 -1.54414 1.51802 0.394375 -0.0544974 0.373402 -0.2631 0.653202 -1.72347 -1.88431 -2.51485 0.73714 -0.764693 -1.2393 -0.501043 0.499657 0.0251449 0.0292664 0.0042055 0.00495667
  0 0 0 0.0115054 -0.000495991 0.0491606 -0.649167 1.15555 0.388406 0.203855 1.06288 -0.334137 1.42547 -1.19839 -1.95293 -0.664664 1.95968 -0.973449 -0.452473 -0.499999 0.500605 0.0251428 0.0292664 0.00420512 0.00495667
  0 0 0 0.0115054 0.00620607 0.0490568 0.297212 0.634818 0.388406 0.257319 -0.351576 0.399807 0.699545 -1.68467 -1.353 -1.38719 1.63805 -0.0992243 -0.428726 -0.500217 0.49957 0.0251449 0.0292664 0.0042055 0.00495667
  0 0 0 0.0115055 0.0156309 0.0491606 -0.810586 -0.0505711 0.388406 0.399024 0.302275 -0.976679 1.31274 -1.32202 -0.98673 -1.21126 2.43067 -0.890478 -0.59654 -0.500304 0.500309 0.0251449 0.0292664 0.0042055 0.00495667
  0 0 0 0.0115055 0.00138896 0.0491606 -0.33064 1.08765 0.403695 -0.353794 -0.00761304 -0.991753 0.618726 -0.203231 -1.24167 -1.51883 1.56742 -0.875014 -0.266494 -0.49932 0.499774 0.0251449 0.0292664 0.0042055 0.00495667
  0 0 0 0.0115055 0.00819575 0.0490568 -1.48826 0.905093 0.402543 0.642438 1.03187 -0.371019 1.11102 -1.96089 -0.981084 -0.750104 0.989759 -0.83496 -1.10224 -0.499869 0.499831 0.0251449 0.0292684 0.0042055 0.00495705
  0 0 0 0.0115055 -0.0190314 0.0491606 -0.796243 0.365454 0.4016 0.987797 -0.0760503 -1.04242 -0.243342 -1.47113 -0.3716 -1.50414 0.398793 -0.174234 -0.781366 -0.500217 0.500396 0.0251449 0.0292684 0.0042055 0.00495705  
  0 0 0 0.0115056 -0.0037423 0.0492645 -0.313644 1.77851 0.398459 0.573535 -0.352676 0.136504 0.161875 -1.72521 -1.99998 -1.37751 0.59958 -0.0996289 -1.48926 -0.497202 0.562614 0.0251949 0.0292684 0.00421462 0.00495705
  0 0 0 0.0115056 0.005672 0.0491606 -0.971093 0.864967 0.401077 -0.352864 0.657557 -1.46031 0.632356 -1.48995 -1.95901 -2.2615 1.46763 -1.86221 -0.11621 -0.499434 0.498908 0.0254637 0.0292684 0.00426362 0.00495705
  0 0 0 0.0115056 0.0103949 0.0491606 -1.16559 -0.42647 0.399611 -0.352441 0.676506 -0.82338 0.248146 -2.11753 -1.21518 -1.78192 1.95667 -1.05178 -0.11433 -0.501666 0.499657 0.0254679 0.0292684 0.00426438 0.00495705
  0 0 0 0.0115057 0.00675062 0.0490568 -0.553824 1.72338 0.399192 0.61431 -0.352337 -0.579801 0.921957 -1.7074 -1.18362 -1.30752 1.87791 -0.156613 -1.76297 -0.500521 0.499918 0.0254679 0.0292705 0.00426438 0.00495743
  0 0 0 0.0115057 -0.0156804 0.0491606 -0.243173 0.516344 0.399192 -0.0102543 0.930714 -1.09021 1.29558 -0.742357 -1.2269 -1.56153 1.61549 -0.77621 -0.330396 -0.500204 0.500092 0.0254679 0.0292705 0.00426438 0.00495743
  0 0 0 0.0115057 0.0143742 0.0491606 -1.29542 1.19684 0.398878 -0.352948 0.061924 -1.01308 0.492206 -1.74243 -0.815611 -1.61642 0.623992 -1.72537 -1.71011 -0.500086 0.499352 0.0254721 0.0292705 0.00426514 0.00495743
  0 0 0 0.0115057 -0.00248567 0.0491606 -0.912644 0.553652 0.398878 -0.23037 -0.351661 -1.36185 1.17035 -1.57826 -1.98825 -1.95714 2.27125 -1.18064 -1.36882 -0.500273 0.499961 0.0254721 0.0292726 0.00426514 0.00495781
  0 0 0 0.0115057 0.00515888 0.0491606 -1.80945 0.190853 0.415423 -0.35261 0.439556 -0.752503 0.991551 -2.11913 -1.0609 -2.39267 2.00382 -0.616458 -0.212356 -0.504133 0.501179 0.0254721 0.0292726 0.00426514 0.00495781
  0 0 0 0.0115057 0.000655926 0.0491606 -0.7237 0.371424 0.412072 -0.00805478 -0.160899 -1.22363 0.884273 -2.11884 -0.827917 -2.27912 1.16139 -1.10097 -1.18691 -0.500217 0.499217 0.0254721 0.0292726 0.00426514 0.00495781
  0 0 0 0.0115057 -0.00803581 0.0491606 -0.529864 0.838188 0.412072 0.878128 0.000761862 -0.291483 0.965894 -1.60606 -1.17508 -0.309656 1.25638 -0.830422 -1.15971 -0.500647 0.499013 0.0254721 0.0292726 0.00426514 0.00495781
  0 0 0 0.0115057 0.0195055 0.0491606 -0.10588 1.45694 0.401914 -0.35261 0.371288 -0.749296 0.452342 -1.75894 -2.02242 -2.41176 1.74218 -1.18512 -0.346716 -0.499434 0.49953 0.0254721 0.0292726 0.00426514 0.00495781
  0 0 0 0.0115057 0.00149368 0.0491606 -0.640711 -0.159759 0.401914 0.767258 -0.0708054 -0.819532 1.11583 -1.4484 -1.17928 -1.38208 1.80332 -0.159267 -0.537977 -0.499869 0.499352 0.0254721 0.0292726 0.00426514 0.00495781
  0 0 0 0.0115057 -0.00122903 0.0490568 -1.07954 1.43478 0.396155 0.833386 0.462396 -0.179876 0.320305 -0.982966 -2.00707 -0.338985 2.88639 -1.20172 -1.00683 -0.499242 0.500396 0.0254721 0.0292726 0.00426514 0.00495781
  0 0 0 0.0115057 -0.00594142 0.0491606 -1.01155 0.806683 0.396155 -0.293901 0.502883 -0.790828 0.100138 -1.4749 -0.609024 -2.00313 0.454054 -0.640471 -1.16693 -0.497437 0.500213 0.0254721 0.0292809 0.00426514 0.00495932
  0 0 0 0.0115057 -0.0165181 0.0491606 -0.442812 1.06212 0.401496 0.197316 -0.264612 -0.828351 0.770742 -0.472215 -0.678514 -1.36721 1.00439 -0.451995 -1.67247 -0.498824 0.499308 0.0254721 0.0293412 0.00426514 0.00497031
  0 0 0 0.0115057 0.00400696 0.0490568 -0.262656 0.233135 0.379819 0.584321 0.849757 -0.302548 -0.577842 -0.364651 -1.60244 -0.542549 1.48643 -1.27557 -0.098245 -0.502871 0.500427 0.0254742 0.0293412 0.00426552 0.00497031
  0 0 0 0.0115057 -0.00520838 0.0490568 -1.01661 0.549507 0.407779 0.415766 -0.353352 -0.864591 1.03837 -1.67787 -0.788395 -1.55643 1.71746 -0.421843 -1.74744 -0.499651 0.500309 0.0254742 0.0293433 0.00426552 0.00497069
  0 0 0 0.0115057 0.00850991 0.0490568 -0.675117 0.0204799 0.378457 0.571886 0.576007 -0.151333 -0.56806 -0.25781 -1.49074 -0.455084 1.49297 -1.38539 -0.0976446 -0.498607 0.499635 0.025495 0.0293537 0.00426932 0.00497258
  0 0 0 0.0115057 -0.00300927 0.0490568 -0.421091 0.502167 0.387285 -0.353287 0.647744 -0.590545 0.321749 -0.775076 -0.746701 -1.74976 0.441079 -0.833046 -1.26653 -0.500304 0.500179 0.025495 0.0293537 0.00426932 0.00497258
  0 0 0 0.0115057 -0.0126435 0.0490568 -0.94589 1.1272 0.395108 -0.0468246 0.578968 -0.932886 1.03276 -0.234067 -1.85246 -1.21658 1.53248 -1.87043 -0.542937 -0.499999 0.498134 0.025495 0.0293537 0.00426932 0.00497258
  0 0 0 0.0115057 -0.00112431 0.0490568 -0.281808 0.977388 0.398773 -0.35371 -0.352507 -1.27398 0.983068 -0.72484 -1.18492 -1.71598 1.61948 -1.1829 -1.9739 -0.50026 0.499831 0.0254971 0.0293537 0.0042697 0.00497258
  0 0 0 0.0115057 0.0110232 0.0490568 -1.16427 0.897964 0.400029 0.59372 -0.278994 -1.03777 0.704676 -1.87635 -1.05984 -1.32823 0.972173 -0.690558 -1.33178 -0.500961 0.499496 0.0254971 0.0293537 0.0042697 0.00497258
  0 0 0 0.0115057 0.000655926 0.0491606 -0.265807 1.08351 0.400029 -0.352018 0.714489 -0.53843 0.0736797 -1.16002 -2.00809 -2.84006 1.30884 -1.38822 -0.109196 -0.496475 0.501397 0.0254971 0.0293537 0.0042697 0.00497258
  0 0 0 0.0115057 0.00714855 0.0490568 -1.44955 1.16111 0.399506 -0.353033 0.886894 -0.36701 0.972469 -1.79759 -0.383181 -1.9443 1.27228 -1.39453 -1.0551 -0.499738 0.499065 0.0254971 0.0293537 0.0042697 0.00497258
  0 0 0 0.0115057 -0.0152615 0.0490568 -0.575546 -0.0734533 0.390395 0.355534 -0.352676 -0.648754 1.19055 -1.92962 -0.720642 -1.58374 2.30196 -0.134902 -1.66477 -0.532587 0.495436 0.0257492 0.0293557 0.00431566 0.00497296
  0 0 0 0.0115057 -0.00437062 0.0490568 -1.56628 0.935686 0.396678 0.332778 -0.352253 -0.915424 0.351575 -1.20852 -0.520424 -1.05039 1.11558 -1.43112 -0.630781 -0.500043 0.499918 0.0257492 0.0293578 0.00431566 0.00497334
  0 0 0 0.0115057 -0.0163087 0.0491606 -0.0915372 0.331131 0.396678 -0.101786 0.454614 -2.09259 0.632516 -1.76169 -0.782329 -1.83722 0.875453 -1.9774 -1.04916 -0.499886 0.500179 0.0257492 0.0293578 0.00431566 0.00497334
  0 0 0 0.0115057 -0.00363758 0.0491606 -0.542964 0.887683 0.396678 -0.170308 0.965652 -0.675212 0.618084 -0.398093 -1.70306 -1.02696 1.5654 -1.55969 -0.111837 -0.498433 0.500061 0.0257492 0.0293578 0.00431566 0.00497334
  0 0 0 0.0115057 0.00903351 0.0490568 -1.2058 0.127371 0.392071 0.888905 -0.175593 -0.250112 1.71668 -2.06715 -0.397803 -3.00874 2.23214 -0.952391 -1.31026 -0.499912 0.500135 0.0257492 0.0293578 0.00431566 0.00497334
  0 0 0 0.0115057 0.00788159 0.0490568 -0.919277 0.820695 0.391861 -0.353963 -0.351491 -0.554625 1.20771 -0.893064 -1.67294 -1.46052 2.19512 -1.57113 -1.13517 -0.49926 0.50047 0.0257492 0.0293599 0.00431566 0.00497372
  0 0 0 0.0115057 0.00306448 0.0490568 -1.24502 1.44067 0.394375 0.685717 -0.146264 -0.309443 0.814038 -0.755966 -2.11797 -0.493321 1.16081 -1.59872 -1.0912 -0.500391 0.500183 0.0257492 0.0293599 0.00431566 0.00497372
  0 0 0 0.0115057 -0.00625558 0.0491606 0.354998 1.15398 0.394375 -0.353456 0.740883 -1.28087 0.455982 -1.52224 -0.244201 -1.41853 0.71782 -1.27457 -1.81529 -0.501174 0.498582 0.0257492 0.029362 0.00431566 0.0049741
  0 0 0 0.0115057 -0.00175263 0.0491606 -1.0564 0.0154723 0.395212 -0.0028099 -0.351999 -1.11795 0.590022 -1.90327 -0.88584 -1.78545 2.87332 -0.901268 -1.79387 -0.501435 0.50201 0.0257492 0.0519002 0.00431566 0.00907642
  0 0 0 0.0115057 -0.0063603 0.0491606 -0.623549 1.25197 0.393956 0.589101 0.31444 -0.257809 1.18253 -1.50154 -2.11638 -1.3564 1.83947 -0.107913 -0.851676 -0.500117 0.499787 0.0257492 0.0519002 0.00431566 0.00907642
  0 0 0 0.0115057 -0.0168323 0.0491606 -1.59264 0.025703 0.397307 -0.353625 -0.248286 -0.521913 0.740435 -1.59336 -0.353503 -1.27341 1.28912 -1.39257 -0.554123 -0.499695 0.500879 0.0257492 0.0519002 0.00431566 0.00907642
  0 0 0 0.0115057 0.00620607 0.0491606 -1.8441 0.440568 0.397307 0.150899 -0.157989 -1.08829 1.20162 -2.11884 -0.242175 -1.74901 1.62307 -0.954827 -1.18233 -0.50026 0.499165 0.0257492 0.0519002 0.00431566 0.00907642
  0 0 0 0.0115057 -0.000495991 0.0490568 -0.581267 0.132545 0.397307 -0.35371 -0.121985 -0.880627 1.86516 -0.285027 -1.10371 -1.49032 2.55325 -0.576321 -1.51384 -0.495627 0.500092 0.0257492 0.0519002 0.00431566 0.00907642
  0 0 0 0.0115057 0.0145837 0.0490568 -0.173863 1.04463 0.397307 -0.060326 -0.326028 -1.3758 0.306547 -1.083 -1.007 -2.51004 0.772254 -0.851189 -1.24952 -0.499303 0.501001 0.0257492 0.0519002 0.00431566 0.00907642
  0 0 0 0.0115057 -0.0114916 0.0490568 -0.922427 1.22105 0.397307 0.102646 0.151679 -0.500105 1.00101 -1.42321 -1.49152 -0.862327 1.78921 -0.974754 -0.686429 -0.499564 0.499439 0.0257492 0.0519002 0.00431566 0.00907642
  0 0 0 0.0115057 -0.0118057 0.0491606 -0.381462 0.70562 0.38296 -0.354048 -0.209372 -0.551739 0.991936 -0.566316 -1.04493 -1.75358 1.24186 -1.48081 -1.34146 -0.50013 0.499482 0.0257492 0.0519002 0.00431566 0.00907642
  0 0 0 0.0115057 -0.0178795 0.0490568 -0.604895 1.40361 0.38296 -0.0165989 0.765923 -1.34726 0.924522 -1.39846 -1.65369 -1.43831 1.68693 -1.29093 -0.401315 -0.500913 0.499657 0.0257492 0.0519002 0.00431566 0.00907642
  0 0 0 0.0115057 0.0146884 0.0490568 -1.40768 0.305015 0.38296 0.688754 0.472463 -2.14839 1.26512 -2.08033 -1.78297 -1.6111 1.67621 -0.1205 -0.562298 -0.499999 0.500092 0.0257492 0.0519002 0.00431566 0.00907642
  0 0 0 0.0115057 0.00735799 0.0490568 -1.46513 0.364542 0.386835 0.168241 0.10236 -0.960644 0.292564 -1.50168 -0.377246 -1.6138 0.922193 -0.808898 -0.561515 -0.501304 0.500875 0.0257492 0.0519002 0.00431566 0.00907642
  0 0 0 0.0115057 -0.0100255 0.0490568 -1.78731 0.0817479 0.386835 0.737556 0.774129 -1.49944 -0.437531 -2.1193 -2.0023 -1.09343 1.39006 -1.02539 -0.0999723 -0.499812 0.499831 0.0257492 0.0519002 0.00431566 0.00907642
  0 0 0 0.0115057 -0.00259039 0.0491606 -0.82211 1.6607 0.409768 -0.205499 0.915402 -0.228464 0.806181 -0.535335 -1.21561 -0.594553 0.804474 -1.41981 -1.52563 -0.499956 0.499613 0.0257492 0.0519002 0.00431566 0.00907642
  0 0 0 0.0115057 -0.00259039 0.0491606 -0.981374 1.25098 0.39626 -0.352779 0.490059 -0.441736 0.514495 -1.82857 -2.0893 -2.21716 1.2938 -1.54637 -0.340577 -0.499564 0.499831 0.0257492 0.0519002 0.00431566 0.00907642
  0 0 0 0.0115057 0.00223719 0.0491606 -0.383949 0.706035 0.39626 -0.353456 -0.181506 -0.62903 1.18446 -1.2492 -0.999325 -1.26558 1.66616 -0.61765 -1.05412 -0.498502 0.50044 0.0257492 0.0519002 0.00431566 0.00907642
  0 0 0 0.0115057 0.00578719 0.0491606 -1.04612 0.258836 0.400134 0.351211 -0.352591 -0.581405 1.62539 -0.851254 -1.31666 -0.861055 2.0243 -1.2774 -1.79095 -0.499999 0.499961 0.0257492 0.0519002 0.00431566 0.00907642
  0 0 0 0.0115058 0.00442584 0.0491606 0.0561195 1.94027 0.391966 -0.353371 -0.351914 0.580526 0.684311 -0.899723 -2.11869 -1.12952 1.07179 -0.105681 -1.11682 -0.50006 0.502398 0.0258825 0.0519002 0.00433996 0.00907642
  0 0 0 0.0115058 -0.00803581 0.0490568 -1.3945 1.61859 0.392071 -0.353117 -0.170543 -0.781207 0.39006 -1.68568 -1.72636 -2.09447 0.91074 -1.12891 -1.17308 -0.499085 0.50044 0.0258825 0.0519002 0.00433996 0.00907642
  0 0 0 0.0115058 0.00652023 0.0490568 -0.195336 0.751302 0.393013 -0.352018 0.842557 -0.824647 0.325982 -1.40237 -0.463239 -2.69151 0.586952 -1.89571 -1.20862 -0.499695 0.499352 0.0258825 0.0519002 0.00433996 0.00907642
  0 0 0 0.0115058 0.000268463 0.0490568 -2.01315 -0.11814 0.392699 -0.0617472 0.307503 -0.673609 1.6575 -1.24897 -0.154444 -0.650491 2.23966 -2.00619 -0.350932 -0.511764 0.501484 0.0258825 0.0519002 0.00433996 0.00907642
  0 0 0 0.0115058 0.0102692 0.0490568 -0.137965 0.218461 0.390395 0.471683 0.654917 -2.13139 0.160592 -0.948077 -0.389117 -2.42998 0.358994 -1.44274 -1.15961 -0.499999 0.499504 0.0258825 0.0519002 0.00433996 0.00907642
  0 0 0 0.0115058 -0.0186125 0.0490568 -2.13071 0.0412894 0.387673 0.0245989 0.144658 -0.579961 1.77921 -1.8348 -0.25448 -0.961767 2.38162 -1.44082 -1.04155 -0.49939 0.500135 0.0258846 0.0519002 0.00434034 0.00907642
  0 0 0 0.0115058 -0.00740749 0.0489529 -1.63982 0.660353 0.394375 0.865354 0.607646 -1.27943 0.649835 -1.36632 -1.58434 -1.59525 1.08694 -0.839833 -0.467597 -0.499608 0.500144 0.0258846 0.0519002 0.00434034 0.00907642
  0 0 0 0.0115058 -0.00384702 0.0489529 -1.78847 -0.132814 0.396364 0.216291 0.430326 -0.385932 2.11532 -2.10653 -0.730631 -0.879913 2.40691 -0.986893 -1.62117 -0.500565 0.500309 0.0258846 0.0519002 0.00434034 0.00907642
  0 0 0 0.0115058 -0.00824525 0.0490568 -0.596024 1.16434 0.38851 -0.354048 0.3855 -0.978283 0.888603 -0.25448 -1.36357 -1.36982 1.59247 -1.06008 -0.121039 -0.498824 0.49843 0.0258846 0.0519002 0.00434034 0.00907642
  0 0 0 0.0115058 -0.00845469 0.0490568 -1.56446 1.07447 0.411214 0.297891 0.468741 -0.816324 0.943925 -1.20302 -1.42659 -0.840635 1.06299 -1.75604 -1.07588 -0.500391 0.499308 0.0258846 0.0519002 0.00434034 0.00907642
  0 0 0 0.0115058 0.010709 0.0490568 -0.195419 0.404255 0.411234 -0.352695 0.50021 -1.14229 1.47149 -1.47148 -0.6083 -2.4371 1.85185 -1.34436 -0.918506 -0.500478 0.500048 0.0258846 0.0519002 0.00434034 0.00907642
  0 0 0 0.0115058 0.0134317 0.0490568 -0.38113 0.931624 0.400867 0.536804 -0.351999 -0.420569 0.208217 -1.18159 -2.11609 -0.608899 1.48788 -0.896612 -1.44209 -0.500695 0.500222 0.0258846 0.0519002 0.00434034 0.00907642
  0 0 0 0.0115058 0.0129081 0.0490568 -1.13832 -0.424148 0.38673 -0.0151608 0.144218 -0.835086 0.196399 -1.21807 -0.448762 -0.854287 1.54116 -1.65275 -0.108152 -0.498737 0.499831 0.0258846 0.0519002 0.00434034 0.00907642
  0 0 0 0.0115058 1.07194 0.0490568 -0.826007 -0.395463 0.0169646 0.15166 -0.352168 -1.25971 0.822697 -1.40353 -1.56248 -1.9668 2.05052 -0.826654 -1.28008 -0.500613 0.47584 0.0258846 0.0519002 0.00434034 0.00907642
  0 0 0 0.0115058 0.0102901 0.0491606 -0.312235 0.705703 0.398982 -0.353202 0.387784 -0.895219 0.582822 -0.700808 -1.48995 -1.42697 2.79476 -0.944215 -0.667977 -0.499647 0.501262 0.0258846 0.0519002 0.00434034 0.00907642
  0 0 0 0.0115058 0.00850991 0.0491606 -0.205534 1.15157 0.39626 0.283459 0.118941 0.351379 1.07125 -1.72361 -1.37732 -1.53214 2.17256 -0.100486 -0.737639 -0.499999 0.50044 0.0258846 0.0519002 0.00434034 0.00907642
  0 0 0 0.0115058 -0.0068839 0.0490568 -1.15647 1.22462 0.410606 -0.336114 -0.225868 -1.37917 0.440732 -1.67381 -1.36371 -1.6155 1.71626 -1.44974 -0.260194 -0.500043 0.498852 0.0258846 0.0519002 0.00434034 0.00907642
  0 0 0 0.0115058 0.002122 0.0490568 -0.865885 -0.0321658 0.393013 0.581707 -0.351661 -1.13078 0.817245 -1.88112 -1.44174 -1.19477 2.51681 -0.803529 -1.64918 -0.497763 0.500148 0.0258846 0.0519002 0.00434034 0.00907642
  0 0 0 0.0115058 0.00924295 0.0490568 -0.841842 0.184386 0.393013 0.631111 -0.141611 -1.04002 1.67931 -1.5661 -0.593678 -1.57437 2.36247 -0.396477 -1.08441 -0.499956 0.499482 0.0258846 0.0519002 0.00434034 0.00907642
  0 0 0 0.0115058 -0.00133375 0.0490568 -0.379223 1.20049 0.391757 -0.352272 0.339311 -0.376311 1.2781 -1.87722 -1.73737 -1.97172 1.31793 -1.4217 -1.09076 -0.499703 0.500788 0.0258846 0.0519002 0.00434034 0.00907642
  0 0 0 0.0115058 -0.0149473 0.0490568 -2.07624 0.522231 0.394165 0.0357654 0.520217 -1.26724 0.862786 -2.09046 -0.191939 -1.03053 1.24886 -1.48446 -0.905801 -0.501174 0.507184 0.0258846 0.0519002 0.00434034 0.00907642
  0 0 0 0.0115058 -0.00834997 0.0491606 -0.0957654 0.375237 0.394165 -0.351764 -0.315496 -0.144758 1.60491 -1.43928 -2.11884 -2.90531 2.03255 -1.29119 -1.53146 -0.50013 0.499265 0.0258846 0.0519002 0.00434034 0.00907642
  0 0 0 0.0115058 -0.011701 0.0491606 -0.873595 0.195413 0.394165 0.802618 0.622873 -0.901633 1.25644 -2.1184 -0.968634 -1.49188 1.80309 -0.119935 -0.408612 -0.500652 0.498799 0.0258846 0.0519002 0.00434034 0.00907642
  0 0 0 0.0115058 0.0122798 0.0489529 -0.916209 0.393062 0.400867 -0.351679 -0.351491 -1.26965 1.06724 -2.02575 -1.86261 -2.2967 1.77364 -1.96032 -1.95776 -0.499477 0.499961 0.0258867 0.0519002 0.00434072 0.00907642
  0 0 0 0.0115058 -0.00667446 0.0489529 -1.01835 1.21425 0.400867 -0.353168 0.148888 -0.873411 0.283905 -1.43827 -1.38775 -0.931513 0.723836 -1.63355 -1.04416 -0.500678 0.500744 0.0258867 0.0519002 0.00434072 0.00907642
  0 0 0 0.0115058 -0.00081015 0.0489529 -1.26599 0.306756 0.398982 0.0201153 -0.353014 -0.147003 0.63396 -2.11942 -0.726722 -1.48737 1.32325 -0.111059 -0.397747 -0.500217 0.499918 0.0258867 0.0519002 0.00434072 0.00907642
  0 0 0 0.0115058 0.0156309 0.0489529 -1.66444 0.915954 0.39228 0.22179 -0.13113 -0.440292 1.15624 -2.1116 -1.18318 -1.80217 1.39058 -0.445903 -1.3485 -0.49865 0.499744 0.0258867 0.0519002 0.00434072 0.00907642
  0 0 0 0.0115058 0.00463528 0.0490568 -0.53716 1.29533 0.399715 0.405961 -0.351914 -0.210504 0.830394 -0.409674 -1.59462 -0.435549 1.41596 -1.46845 -1.1947 -0.500043 0.499787 0.0258867 0.0519002 0.00434072 0.00907642
  0 0 0 0.0115058 0.0031692 0.0490568 -0.704383 1.32046 0.391757 0.483696 -0.352253 -0.771746 1.04767 -1.96784 -1.04334 -1.30116 2.29433 -0.361975 -1.1947 -0.499912 0.499787 0.0258867 0.0519002 0.00434072 0.00907642
  0 0 0 0.0115058 -0.0089364 0.0490568 -0.913846 1.14295 0.398982 0.15479 -0.352507 -0.875656 0.871124 -1.44956 -1.73317 -1.16924 1.45456 -0.943167 -1.05045 -0.499999 0.501027 0.0258867 0.0519002 0.00434072 0.00907642
  0 0 0 0.0115058 -0.00803581 0.0490568 -0.837614 0.427551 0.398982 0.0562374 -0.353183 -1.4996 0.950821 -1.85217 -0.39013 -2.47071 1.47602 -1.26531 -0.771267 -0.499564 0.49953 0.0258867 0.0519002 0.00434072 0.00907642
  0 0 0 0.0115058 -0.00489422 0.0490568 0.169121 0.997369 0.391652 0.347354 0.40115 0.0183224 0.227717 -0.772614 -1.61836 -0.363628 0.845777 -0.834046 -0.613282 -0.499999 0.499422 0.0258867 0.0519002 0.00434072 0.00907642
  0 0 0 0.0115058 0.0120704 0.0489529 -0.131498 -0.457394 0.399296 -0.0250584 0.575838 -0.5976 2.22259 -0.902474 -0.535335 -1.06254 2.99028 -0.674551 -1.19822 -0.497206 0.499126 0.0258867 0.0519002 0.00434072 0.00907642
  0 0 0 0.0115058 -0.0196597 0.0490568 -0.949455 1.30578 0.399401 -0.352948 -0.352337 -1.38959 0.348047 -1.9483 -0.724826 -1.39903 1.55134 -1.78271 -0.112251 -0.498085 0.500083 0.0258867 0.0519002 0.00434072 0.00907642
  0 0 0 0.0115058 -0.0114916 0.0490568 -1.93206 -0.0327462 0.400867 0.143286 -0.142204 -0.621493 -0.589227 -1.8487 -0.34945 -1.48979 0.256952 -0.861805 -0.472413 -0.499999 0.49853 0.0258867 0.0519002 0.00434072 0.00907642
  0 0 0 0.0115058 -0.00740749 0.0490568 -1.88962 0.560699 0.397307 -0.240522 -0.283815 -0.699265 1.42451 -2.11782 -1.73505 -2.08365 1.69208 -1.28035 -1.31357 -0.502771 0.500657 0.0258867 0.0519002 0.00434072 0.00907642
  0 0 0 0.0115058 0.00568247 0.0490568 -0.356673 -0.0168281 0.407674 0.717347 -0.0163855 -1.14617 1.29558 -1.65094 -0.713259 -1.96657 0.723489 -0.380814 -0.559296 -0.51414 0.503268 0.0258867 0.0519002 0.00434072 0.00907642
  0 0 0 0.0115058 -0.0193455 0.0491606 -1.22545 0.353599 0.391652 -0.233162 0.879026 -0.678419 0.787259 -1.44927 -0.47873 -1.42697 1.16093 -0.787318 -0.393875 -0.499216 0.500135 0.0258867 0.0519002 0.00434072 0.00907642
  0 0 0 0.0115058 0.00568247 0.0490568 -0.328982 -0.500257 0.388824 0.0837222 0.290753 -1.73291 -0.105597 -1.10979 -1.25586 -2.59525 1.23584 -1.17313 -0.101147 -0.500147 0.500135 0.0258888 0.0519002 0.0043411 0.00907642
  0 0 0 0.0115058 -0.00604614 0.0489529 -0.472825 0.793252 0.388929 0.532245 -0.351238 -0.617164 0.460616 -1.15604 -1.94679 -0.902097 2.72066 -0.741329 -1.46024 -0.499521 0.499482 0.0258888 0.0519002 0.0043411 0.00907642
  0 0 0 0.0115058 -0.0125388 0.0489529 -0.970845 0.546605 0.388929 0.84709 -0.249385 -0.67441 0.747972 -0.609313 -1.71493 -0.805753 1.11696 -1.49042 -0.929692 -0.499912 0.500357 0.0258888 0.0519002 0.0043411 0.00907642
  0 0 0 0.0115058 -0.00898876 0.0490568 -0.174858 1.75712 0.402543 0.0529382 0.397681 -0.0735609 0.641143 -0.827193 -1.27265 -1.37022 1.62104 -0.103375 -0.392509 -0.500278 0.499326 0.0258888 0.0519002 0.0043411 0.00907642  
  0 0 0 0.0115058 0.66971 0.0489529 -1.40353 0.481938 0.974417 -0.0138918 -0.350984 -0.666232 0.856468 -1.92977 -1.83131 -1.09522 2.26575 -1.05106 -1.47438 -0.501561 0.500309 0.0259075 0.0519002 0.00434452 0.00907642
  0 0 0 0.0115058 -0.99104 0.0490568 0.14085 2.13476 -0.00994838 -0.284596 -0.255307 -1.82128 0.911758 -0.4311 -1.38601 -2.58351 1.75606 -1.00247 -1.21676 -0.50187 0.499918 0.0259075 0.0519002 0.00434452 0.00907642
  0 0 0 0.0115058 1.78723 0.0490568 -1.32345 0.631502 0.412701 0.130004 -0.353099 -1.89856 0.642138 -2.12101 -0.619881 -2.63933 2.16128 -1.55803 -1.84351 -0.499651 0.499787 0.0259075 0.0519002 0.00434452 0.00907642
  0 0 0 0.0115058 -1.48927 0.0490568 -1.04463 -0.358627 0.870221 -0.264885 0.191946 -0.519027 2.19566 -0.406895 -1.28376 -1.14751 2.50402 -0.648307 -1.90559 -0.500043 0.504007 0.0259075 0.0519002 0.00434452 0.00907642
  0 0 0 0.0115058 1.10932 0.0489529 -0.229825 1.97466 1.1559 -0.0928189 0.253954 -1.40884 0.718627 -0.268957 -1.19187 -2.01163 0.556079 -0.5579 -2.00454 -0.501178 0.500166 0.0259075 0.0519002 0.00434452 0.00907642
  0 0 0 0.0115058 2.24118 0.0490568 -0.791932 1.10531 -0.154252 0.2851 -0.352253 -1.18674 1.5289 -1.02133 -1.46925 -2.07122 2.06525 -0.552457 -1.57688 -0.502088 0.500135 0.0259075 0.0519002 0.00434452 0.00907642
  0 0 0 0.0115058 -0.144999 0.0490568 -0.292627 0.745001 0.651252 0.855575 -0.255392 0.648661 0.715901 -1.41728 -1.84609 -1.5768 2.28837 -0.109231 -0.645574 -0.498911 0.50131 0.146823 0.0519002 0.0262128 0.00907642
  0 0 0 0.0115058 0.457862 0.0490568 -0.777258 0.0349885 0.791262 -0.238576 -0.351999 -0.535222 1.14758 -0.705586 -1.43132 -0.841502 2.49187 -1.40549 -1.19805 -0.498955 0.498612 0.0960648 0.0519002 0.0170823 0.00907642
  0 0 0 0.0115058 2.73773 0.0489529 -0.214322 -0.0267769 -0.384845 -0.216158 0.635647 -1.72233 -0.171182 -1.99187 -1.07721 -2.41101 0.471565 -1.64266 -0.506346 -0.500304 0.500266 0.0958216 0.0519002 0.0170384 0.00907642
  0 0 0 0.0115058 0.788148 0.0489529 -0.133902 1.1199 1.16071 0.408203 0.0568483 0.327166 0.867276 -0.975149 -0.369139 -0.298955 1.16862 -0.753772 -1.90124 -0.499869 0.499918 0.0957955 0.0519002 0.0170337 0.00907642
  0 0 0 0.0115058 -2.40007 0.0490568 -0.73539 -0.362441 0.866451 0.805833 0.42932 -0.981265 0.0241301 -2.11811 -0.370586 -2.15556 0.492083 -0.341343 -0.720279 -0.493656 0.500483 0.0957875 0.0519002 0.0170322 0.00907642
  0 0 0 0.0115058 2.5107 0.0491606 -1.64504 -0.175428 -0.270491 0.989066 -0.191548 -1.02525 1.78393 -2.11855 -0.441813 -1.77267 2.1909 -0.509557 -1.56234 -0.498433 0.5 0.0957854 0.0519002 0.0170318 0.00907642
  0 0 0 0.0115058 -0.0331057 0.0490568 -0.0647583 0.325245 1.08835 -0.265223 0.852294 -1.79786 0.660739 -0.340763 -1.60561 -2.35044 0.963554 -1.24568 -0.423635 -0.499695 0.500135 0.0955864 0.0519002 0.0169959 0.00907642
  0 0 0 0.0115058 -0.0439861 0.0489529 -0.56112 0.342075 0.694397 -0.0373246 -0.351661 -1.51788 0.407859 -1.12035 -1.9454 -2.76978 1.34926 -1.03347 -1.70549 -0.500234 0.498917 0.0955864 0.0519002 0.0169959 0.00907642
  0 0 0 0.0115058 2.8299 0.0490568 -0.305188 1.44001 0.285885 0.790487 0.544707 -0.418644 1.38538 -0.818753 -1.66411 -0.475388 2.21218 -1.08705 -0.855679 -0.500043 0.500135 0.0955784 0.0519002 0.0169944 0.00907642
  0 0 0 0.0115058 0.35796 0.0490568 -0.353771 0.619812 -0.28222 -0.353117 -0.294982 -1.14826 1.71826 -1.60128 -1.50291 -1.65813 1.89588 -1.70597 -1.61608 -0.499564 0.500353 0.0943934 0.0519002 0.0167803 0.00907642
  0 0 0 0.0115058 -0.904437 0.0490568 -1.60782 0.925737 -0.381599 0.575701 -0.125961 -0.501067 1.25998 -0.362045 -0.345541 -0.806852 1.80488 -1.86739 -1.14313 -0.500443 0.499818 0.0942834 0.0509312 0.0167604 0.00890026
  0 0 0 0.0115058 1.81146 0.0491606 -1.93911 1.14362 0.103358 0.13821 0.652227 -0.351776 1.29206 -1.95698 -1.93773 -0.415574 1.51299 -1.51872 -0.702762 -0.504111 0.500631 0.0738603 0.0509333 0.0130633 0.00890063
  0 0 0 0.0115058 -0.586466 0.0490568 0.101967 0.589053 0.886034 -0.0275116 -0.0367137 -1.88935 -0.0876372 -0.221183 -0.852673 -2.32979 1.53533 -1.45923 -0.103209 -0.498911 0.499291 0.073033 0.0509333 0.0129133 0.00890063
  0 0 0 0.0115058 2.30562 0.0490568 0.244981 0.448941 0.914099 -0.228433 0.430445 -1.78503 0.250631 -1.04336 -2.00987 -2.31394 2.03559 -1.82944 -0.103018 -0.498259 0.499482 0.073033 0.0509333 0.0129133 0.00890063
  0 0 0 0.0115058 1.32976 0.0490568 -0.755951 0.0241278 -0.0720472 0.136374 -0.351322 -0.734864 0.192038 -0.30182 -1.353 -1.20542 2.72668 -0.931767 -1.74156 -0.500695 0.499657 0.073033 0.0509333 0.0129133 0.00890063
  0 0 0 0.0115058 0.846896 0.0490568 -0.979716 0.167158 0.43376 0.266887 -0.0922926 -0.532817 0.884594 -2.12086 -0.187886 -0.653499 1.46827 -0.690989 -0.432019 -0.475025 0.50121 0.073033 0.0509333 0.0129133 0.00890063
  0 0 0 0.0115058 0.0935423 0.0490568 -0.92052 1.57631 -0.0370289 -0.143237 0.283394 -1.69635 1.03581 -1.19433 -2.12101 -2.07474 0.587606 -1.43695 -0.853194 -0.500304 0.514367 0.073033 0.0509333 0.0129133 0.00890063
  0 0 0 0.0115058 -2.50963 0.0492645 -1.86466 0.947956 0.680993 0.140325 -0.215124 -0.816645 1.06018 -1.84594 -0.301531 -1.20785 1.59837 -1.16006 -1.21759 -0.500913 0.500048 0.073033 0.0509333 0.0129133 0.00890063
  0 0 0 0.0115058 -0.681593 0.0490568 -0.58964 1.17247 0.0387463 0.76247 0.760763 -0.709592 0.947934 -1.28394 -1.87258 -0.842197 1.51629 -0.822473 -0.363027 -0.499825 0.500353 0.073033 0.0509333 0.0129133 0.00890063
  0 0 0 0.0115058 0.377019 0.0489529 -0.690206 1.03418 1.00479 -0.353287 0.779289 -1.2209 1.3586 -1.30407 -0.675039 -2.09684 1.49459 -1.99765 -1.14423 -0.500869 0.49883 0.073033 0.0509333 0.0129133 0.00890063
  0 0 0 0.0115058 -2.71906 0.0491606 -0.997955 1.38272 0.446871 -0.197547 -0.351407 -0.720593 0.199398 -2.11884 -2.1171 -1.52086 2.49824 -0.614792 -1.21371 -0.495444 0.497829 0.073033 0.0509333 0.0129133 0.00890063
  0 0 0 0.0115058 -0.725157 0.0490568 -0.615258 -0.343066 -0.260229 0.21377 -0.353691 -0.591988 1.69615 -0.611919 -0.345251 -1.02563 2.42755 -0.877773 -1.13105 -0.499608 0.50131 0.073033 0.0509333 0.0129133 0.00890063
  0 0 0 0.0115058 -1.32056 0.0490568 -0.345911 0.97573 0.782675 -0.352356 0.709887 -0.433718 0.694975 -1.12281 -1.57738 -3.32789 0.848791 -1.92381 -0.849722 -0.499521 0.499652 0.073033 0.0509333 0.0129133 0.00890063
  0 0 0 0.0115058 1.78431 0.0489529 -0.623134 0.529941 1.2156 0.353673 -0.352253 -1.91475 0.565167 -1.12533 -1.02625 -2.86812 2.00607 -1.17794 -0.840059 -0.500434 0.502093 0.073033 0.0509333 0.0129133 0.00890063
  0 0 0 0.0115058 2.58419 0.0491606 -0.67122 1.59803 -0.0368614 0.503152 -0.0647146 -0.154219 1.1139 -0.955315 -1.83885 -1.67277 2.0391 -0.110624 -1.08419 -0.499956 0.500048 0.073033 0.0509333 0.0129133 0.00890063
  0 0 0 0.0115058 -2.3254 0.0490568 -0.624212 1.08168 0.287665 0.249224 -0.156162 -1.50585 0.599483 -1.01742 -1.69928 -1.95354 0.78546 -1.01107 -1.29299 -0.500199 0.499395 0.073033 0.0509333 0.0129133 0.00890063
  0 0 0 0.0115058 0.52771 0.0490568 -0.202085 0.805523 0.866347 -0.157365 -0.352422 -1.22763 0.87385 -0.395139 -1.3442 -1.83798 2.08261 -0.482681 -1.3861 -0.499638 0.499918 0.073033 0.0509333 0.0129133 0.00890063
  0 0 0 0.0115058 -2.45871 0.0490568 -0.504163 0.572472 1.02112 0.481251 -0.104643 -0.377321 1.43317 -0.276775 -0.723682 -0.687282 2.0372 -1.4537 -0.984778 -0.499912 0.499056 0.073033 0.0509333 0.0129133 0.00890063
  0 0 0 0.0115058 -2.64377 0.0490568 -0.394146 0.569819 -0.183783 -0.0237048 0.40115 -0.876297 0.863588 -1.23646 -1.1079 -1.72743 1.26349 -0.311522 -0.615583 -0.495631 0.4998 0.073033 0.0509333 0.0129133 0.00890063
  0 0 0 0.0115058 -1.69664 0.0490568 -0.946885 -0.143427 0.277298 -0.0379168 -0.323744 -0.739514 1.05986 -1.70204 -0.694004 -1.68422 1.37028 -0.473997 -1.06966 -0.505686 0.489432 0.073033 0.0509333 0.0129133 0.00890063
  0 0 0 0.0115058 -2.78273 0.0490568 -0.263403 1.08881 -0.382541 -0.353625 0.894169 -0.906283 0.962045 -1.01091 -1.95597 -1.54487 1.39567 -1.29589 -0.336482 -0.49778 0.500522 0.073033 0.0509333 0.0129133 0.00890063
  0 0 0 0.0115058 2.10596 0.0490568 -1.16311 0.264723 0.486832 -0.329473 0.0112516 -0.662304 0.808105 -1.10672 -0.243709 -0.827966 1.21903 -1.65175 -0.981141 -0.497998 0.502119 0.073033 0.0509333 0.0129133 0.00890063
  0 0 0 0.0115058 1.62779 0.0490568 -0.688382 0.903518 0.0434587 -0.352948 0.123002 -1.21577 1.01336 -2.11811 -1.22893 -1.91185 1.07907 -1.24199 -1.36482 -0.500521 0.500048 0.073033 0.0509333 0.0129133 0.00890063
  0 0 0 0.0115058 0.174281 0.0490568 -0.990079 0.563808 0.656383 0.569982 0.563995 -1.1295 0.509845 -1.42206 -0.582965 -1.09019 0.682244 -1.21235 -1.39215 -0.499977 0.499791 0.073033 0.0509333 0.0129133 0.00890063
  0 0 0 0.0115058 2.43122 0.0490568 -0.891943 0.249551 0.593049 0.900072 0.0236871 -0.934987 1.85955 -1.0652 -1.41554 -0.965874 1.89495 -1.15492 -1.61974 -0.500478 0.500353 0.073033 0.0509333 0.0129133 0.00890063
  0 0 0 0.0115058 0.698718 0.0491606 -0.521988 1.83423 0.104824 0.505352 0.0620932 -1.05638 1.48015 -2.04428 -2.11739 -1.49026 1.37866 -0.406136 -1.2926 -0.499608 0.500048 0.073033 0.0509333 0.0129133 0.00890063
  0 0 0 0.0115058 0.212713 0.0491606 -0.628523 1.35254 0.367744 0.974854 -0.351745 -1.15756 0.819971 -1.92629 -1.38775 -3.98231 1.74964 -2.00109 -1.22085 -0.499956 0.499134 0.073033 0.0509333 0.0129133 0.00890063
  0 0 0 0.0115058 -1.77861 0.0491606 -0.722871 -0.312722 -0.278764 0.232533 -0.308348 -0.477014 0.487876 -1.43899 -1.77686 -2.34807 4.55088 -0.44455 -2.00829 -0.49835 0.513853 0.073033 0.0509333 0.0129133 0.00890063
  0 0 0 0.0115058 2.77271 0.0490568 -1.48101 0.563518 -0.189229 -0.354133 -0.352845 -0.391224 1.27426 -1.28937 -0.211628 -0.83109 1.91786 -1.44106 -0.844271 -0.500373 0.498212 0.073033 0.0504733 0.0129133 0.00881699
  0 0 0 0.0115058 -0.275354 0.0490568 -1.10756 -0.326318 -0.381808 0.313491 0.269182 -1.00634 -0.646794 -0.751782 -1.16781 -0.934405 1.42783 -1.75809 -0.108674 -0.496867 0.499744 0.073033 0.0719468 0.0129133 0.0127164
  0 0 0 0.0115058 -2.12446 0.0489529 -1.32585 0.297305 0.479501 -0.0280192 0.380593 -0.646348 -0.316945 -0.983111 -0.256941 -0.955577 0.306758 -1.45693 -0.665136 -0.500447 0.501327 0.073033 0.0721292 0.0129133 0.0127494
  0 0 0 0.0115058 -1.80702 0.0489529 -1.36772 0.823928 0.866556 -0.188242 0.192623 -0.753946 0.291281 -1.94034 -0.962843 -1.22451 0.984842 -1.09155 -0.540465 -0.499634 0.499909 0.073033 0.0721272 0.0129133 0.0127491
  0 0 0 0.0115058 -1.21095 0.0490568 0.0989823 0.330468 0.00932006 -0.354386 0.226969 -1.56791 1.0217 -0.225526 -1.77939 -2.5204 2.97872 -1.55477 -1.05873 -0.499434 0.500179 0.073033 0.0721231 0.0129133 0.0127483
  0 0 0 0.0115058 -0.404819 0.0490568 -0.157697 1.03475 -0.308819 0.678602 -0.352845 -0.213551 0.196832 -1.97986 -0.66838 -1.35374 1.31891 -0.10984 -0.106172 -0.500913 0.500331 0.073033 0.0721231 0.0129133 0.0127483
  0 0 0 0.0115058 -0.499035 0.0489529 -0.000588594 1.37949 0.246615 0.466946 0.6616 0.64996 1.22487 -0.896828 -1.83682 -1.32574 1.53543 -0.102192 -0.713144 -0.498816 0.498308 0.073033 0.0717635 0.0129133 0.0126831
  0 0 0 0.0115059 -1.68644 0.0490568 -1.10714 0.771365 1.30785 -0.185789 -0.303695 -0.480541 0.495942 -1.46433 -0.721366 -2.39383 0.927052 -0.581869 -1.16951 -0.499825 0.500005 0.073033 0.0717635 0.0129133 0.0126831
  0 0 0 0.0115059 -0.795738 0.0490568 -0.868041 0.593116 1.30785 0.433429 0.173234 -1.45165 1.00887 -1.5677 -0.578332 -1.57228 1.59808 -0.961528 -0.306683 -0.499912 0.4997 0.073033 0.0717635 0.0129133 0.0126831
  0 0 0 0.0115059 -0.208365 0.0489529 -1.08443 0.656125 0.763931 1.10868 0.400473 -1.11843 0.698743 -1.79875 -1.0319 -1.54682 1.11326 -0.244031 -0.648881 -0.500661 0.499482 0.073033 0.0717635 0.0129133 0.0126831
  0 0 0 0.0115059 -0.874299 0.0489529 -0.190445 -0.0839825 1.2158 0.429047 0.352271 -0.485785 -0.231475 -0.569067 -0.809821 -0.77197 0.24787 -1.08092 -0.834098 -0.499564 0.499178 0.073033 0.0717635 0.0129133 0.0126831
  0 0 0 0.0115059 2.85038 0.0490568 -1.96572 0.0553421 0.982795 -0.25728 -0.336087 -0.0219747 1.412 -1.20403 -1.54252 -0.558515 1.94075 -1.5325 -1.2044 -0.492472 0.500092 0.073033 0.0717635 0.0129133 0.0126831
  0 0 0 0.0115059 -0.662 0.0490568 -1.00815 1.97119 -0.0914203 -0.166594 0.500295 0.293042 1.41745 -0.960701 -1.44725 -1.64853 0.999303 -0.100573 -1.64078 -0.500347 0.5002 0.073033 0.0717635 0.0129133 0.0126831
  0 0 0 0.0115059 -1.25064 0.0489529 -1.43736 0.137942 -0.381494 0.151204 0.150495 -0.670883 0.336822 -1.20736 -0.461213 -0.668193 0.690805 -1.74464 -1.04307 -0.501957 0.499918 0.073033 0.0717635 0.0129133 0.0126831
  0 0 0 0.0115059 1.61637 0.0489529 0.0954339 1.08981 1.11568 0.408829 -0.0444964 0.201143 0.863427 -0.387814 -2.11956 -0.301673 1.43489 -0.843923 -0.783741 -0.500652 0.501031 0.073033 0.0717635 0.0129133 0.0126831
  0 0 0 0.0115059 2.8497 0.0491606 -1.13566 0.460548 0.398898 -0.353456 0.368589 -1.25311 0.459975 -1.04116 -0.641163 -1.91914 0.719092 -1.1834 -1.08528 -0.49989 0.49957 0.073033 0.0717635 0.0129133 0.0126831
  0 0 0 0.0115059 2.85134 0.0491606 -1.70216 0.546025 0.425675 -0.354133 0.230014 -0.220767 1.17852 -0.894511 -0.514633 -0.313416 1.47637 -2.0087 -1.29373 -0.499129 0.500309 0.073033 0.0717615 0.0129133 0.0126828
  0 0 0 0.0115059 -0.458247 0.0490568 -0.40451 0.224845 1.30774 0.217729 -0.0895009 -1.85013 2.04396 -1.24442 -1.90644 -2.86806 2.51848 -1.2704 -1.85773 -0.500652 0.50044 0.073033 0.0717595 0.0129133 0.0126824
  0 0 0 0.0115059 1.36102 0.0491606 -0.12926 -0.0286837 -0.261381 0.00522662 0.217917 -0.810552 -0.647596 -0.794041 -1.24746 -1.18714 1.71464 -0.870811 -0.112851 -0.499956 0.500962 0.0904869 0.0717595 0.016074 0.0126824
  0 0 0 0.0115059 -0.753745 0.0490568 -0.847563 1.79178 -0.279078 0.339918 0.0516034 -0.594714 0.991551 -1.78427 -1.50371 -0.809166 0.689185 -0.885735 -1.96189 -0.500173 0.49896 0.0890319 0.0717595 0.0158108 0.0126824
  0 0 0 0.0115059 1.30033 0.0491606 -1.19502 1.4245 -0.301279 0.804056 0.288215 -0.719791 1.2053 -1.34562 -1.36458 -1.27993 2.9248 -0.417231 -0.970107 -0.500434 0.500657 0.0888767 0.0717574 0.0157827 0.012682
  0 0 0 0.0115059 -0.632584 0.0492645 0.0644102 0.44206 -0.38296 -0.35354 -0.131375 -1.46271 1.7109 -1.12108 -0.597442 -2.1835 2.16707 -1.89893 -1.35294 -0.500217 0.500005 0.0888222 0.0717574 0.0157729 0.012682
  0 0 0 0.0115059 -0.953414 0.0491606 -0.69004 1.90113 0.521609 0.313347 0.87209 -0.351776 1.80247 -0.476703 -1.62589 -0.980278 0.787641 -0.464047 -1.62553 -0.499912 0.502224 0.0887617 0.0717574 0.0157619 0.012682
  0 0 0 0.0115059 -0.251928 0.0489529 -0.0471821 0.859495 0.298765 -0.353625 -0.352253 -0.697181 0.850759 -0.563421 -1.37573 -1.48245 1.23977 -0.957046 -1.99962 -0.499434 0.499787 0.0887355 0.0717574 0.0157572 0.012682
  0 0 0 0.0115059 -0.726413 0.0489529 -0.441154 0.829557 0.254888 -0.215651 0.769459 -1.72586 0.24574 -0.641018 -0.771717 -2.18419 0.333541 -1.44042 -1.26131 -0.499943 0.49957 0.0886045 0.0717574 0.0157335 0.012682
  0 0 0 0.0115059 -0.260201 0.0491606 -0.413406 1.00533 -0.202319 0.262945 0.741644 0.339513 0.785014 -0.359005 -1.91167 -0.410079 2.02869 -0.524437 -0.446869 -0.499999 0.499613 0.0886004 0.0717574 0.0157328 0.012682
  0 0 0 0.0115059 -0.829039 0.0490568 -1.30529 1.18565 -0.0119381 -0.352948 -0.353945 -0.943967 0.793673 -1.6091 -0.45325 -1.86019 1.35049 -1.90417 -1.70328 -0.501435 0.502702 0.0885984 0.0717574 0.0157324 0.012682
  0 0 0 0.0115059 -0.434874 0.0490568 -1.34973 0.627108 -0.0787493 0.83517 0.475001 -1.95933 0.971025 -1.34156 -1.78847 -2.57379 1.22028 -0.873553 -0.644051 -0.47781 0.500657 0.0885984 0.0717574 0.0157324 0.012682
  0 0 0 0.0115059 1.34892 0.0490568 -1.41937 0.293657 -0.381808 -0.352864 0.563656 -0.422333 0.526361 -1.53758 -0.476848 -1.72928 0.882857 -0.655368 -1.26057 -0.50023 0.499787 0.0885762 0.0717574 0.0157284 0.012682
  0 0 0 0.0115059 -2.47216 0.0490568 -0.445548 1.12836 -0.381913 -0.35261 0.65908 -0.53147 1.00069 -1.23414 -1.36154 -2.71783 1.17192 -1.19048 -0.943606 -0.499212 0.499661 0.0883343 0.0717574 0.0156846 0.012682
  0 0 0 0.0115059 -0.170456 0.0491606 -1.38554 1.37567 0.191114 -0.353456 -0.0488954 -1.13543 0.651278 -1.62039 -1.483 -1.4946 1.35148 -1.37506 -0.824535 -0.499677 0.500492 0.0883343 0.0717574 0.0156846 0.012682
  0 0 0 0.0115059 -2.79759 0.0490568 -0.778999 0.782218 -0.0101578 -0.232823 -0.353183 -1.33026 1.22493 -1.27164 -0.521872 -2.57518 2.0076 -1.06377 -1.20745 -0.499999 0.499657 0.0883343 0.0717574 0.0156846 0.012682
  0 0 0 0.0115059 0.0111279 0.0490568 -0.232147 0.943645 -0.0948761 -0.123798 -0.351322 -1.5809 0.704131 -1.04261 -1.31173 -2.65264 2.57344 -1.07626 -1.15226 -0.501 0.500683 0.0883323 0.0717574 0.0156842 0.012682
  0 0 0 0.0115059 -2.20682 0.0490568 -1.56562 0.0131012 0.709057 -0.280704 0.53464 -0.703659 -0.363287 -1.56914 -0.457159 -1.15949 0.196964 -1.31556 -0.806427 -0.499351 0.500135 0.0883323 0.0717574 0.0156842 0.012682
  0 0 0 0.0115059 2.73782 0.0490568 -1.46827 0.0596118 -0.383484 -0.297065 0.805623 -0.623418 0.367931 -0.936495 -1.08503 -0.958238 0.538899 -1.6518 -0.752141 -0.500391 0.500018 0.0882153 0.0717574 0.0156631 0.012682
  0 0 0 0.0115059 0.249889 0.0490568 -0.993727 1.26657 0.263894 0.510935 -0.231536 -0.681466 0.536945 -1.40266 -0.683291 -1.51195 0.98999 -0.119282 -1.28302 -0.500434 0.500309 0.0882153 0.0717574 0.0156631 0.012682
  0 0 0 0.0115059 -2.08745 0.0490568 -1.17297 0.921094 -0.321385 1.06452 0.312325 -0.427945 0.77876 -1.46709 -1.72904 -0.56239 1.62405 -0.761038 -0.328525 -0.500173 0.498656 0.0882153 0.0717574 0.0156631 0.012682
  0 0 0 0.0115059 2.43821 0.0490568 -0.47183 0.416193 0.325982 -0.353456 0.87489 -1.4462 0.457569 -0.263022 -0.582965 -1.98786 0.852777 -0.899179 -0.589848 -0.50013 0.501797 0.086436 0.0717574 0.0153411 0.012682
  0 0 0 0.0115059 2.76947 0.0492645 -1.49465 0.991316 0.628423 0.962587 -0.35183 -0.721234 0.435921 -2.11826 -1.73548 -1.45237 2.03037 -0.195814 -1.40894 -0.500739 0.499961 0.0864238 0.0717574 0.0153389 0.012682
  0 0 0 0.0115059 2.56242 0.0491606 -1.66411 0.916203 0.415099 0.633006 -0.0753736 0.360568 1.12368 -2.12115 -1.23646 -0.253666 1.34685 -0.825084 -1.31088 -0.499216 0.499426 0.0864238 0.0717574 0.0153389 0.012682
  0 0 0 0.0115059 0.294604 0.0491606 -0.429879 0.937676 -0.381913 0.443428 -0.26089 -1.41653 0.736426 -1.56827 -0.832405 -2.08088 1.59478 -0.79277 -0.332197 -0.498463 0.50024 0.0864238 0.0717574 0.0153389 0.012682
  0 0 0 0.0115059 -0.418495 0.0488491 -0.0261238 0.0378903 0.842785 0.584363 0.180019 -0.413673 1.32316 -1.24674 -0.273373 -0.735758 1.91178 -0.617294 -0.768922 -0.494221 0.498743 0.0864238 0.0717574 0.0153389 0.012682
  0 0 0 0.0115059 1.10419 0.0489529 -0.0112006 0.607127 0.970773 -0.344404 -0.351407 -1.27654 0.844986 -0.564637 -1.37952 -1.54128 2.6638 -1.50491 -1.70576 -0.499695 0.499526 0.0864238 0.0717574 0.0153389 0.012682
  0 0 0 0.0115059 -1.04669 0.0490568 -1.16244 0.721124 0.212372 -0.352525 -0.353268 -0.726045 0.336822 -1.45912 -0.41257 -1.65142 1.13912 -1.8039 -0.44961 -0.500391 0.498525 0.0864238 0.0717574 0.0153389 0.012682
  0 0 0 0.0115059 -0.728194 0.0490568 -1.13691 0.992145 0.904465 0.56846 0.439471 -1.60896 1.20146 -1.75633 -0.855119 -1.99746 1.22948 -0.839572 -1.3616 -0.501087 0.499874 0.0864238 0.0717574 0.0153389 0.012682
  0 0 0 0.0115059 -0.773747 0.0490568 -0.888834 0.0572075 -0.333511 0.0490468 0.841635 -1.58523 -0.0273438 -1.57088 -0.611774 -1.96258 0.189791 -1.19713 -0.921986 -0.499869 0.500657 0.0864238 0.0717574 0.0153389 0.012682
  0 0 0 0.0115059 -2.85285 0.0491606 -0.075702 0.268205 -0.270596 -0.193825 0.431265 -1.49575 0.97295 -0.790421 -0.296753 -1.84185 1.55278 -1.3438 -0.119364 -0.49939 0.498799 0.0864238 0.0717574 0.0153389 0.012682
  0 0 0 0.0115059 0.829932 0.0489529 -1.10814 0.557217 1.28428 -0.135675 0.901359 -1.33228 -0.108964 -1.49285 -1.75069 -2.13852 1.50038 -1.07704 -0.101365 -0.498559 0.499918 0.0864158 0.0717574 0.0153375 0.012682
  0 0 0 0.0115059 0.44184 0.0489529 -1.16592 1.16973 1.05872 0.330596 0.520513 -0.0167953 0.508402 -1.2353 -1.07461 -0.817612 1.46225 -0.623811 -0.102579 -0.500086 0.501227 0.0864158 0.0717574 0.0153375 0.012682
  0 0 0 0.0115059 1.45543 0.0489529 -0.194341 1.10813 0.962793 0.103272 -0.315877 -1.77493 1.42435 -0.492483 -2.11464 -2.55279 1.78464 -0.892392 -1.37518 -0.50013 0.499961 0.0864158 0.0717574 0.0153375 0.012682
  0 0 0 0.0115059 0.502997 0.0489529 -0.994639 1.06296 -0.381808 -0.152374 0.208696 -0.87309 0.7515 -0.874388 -1.11833 -1.51907 1.37733 -0.738579 -0.559936 -0.499747 0.500166 0.0864138 0.0717574 0.0153371 0.012682
  0 0 0 0.0115059 -1.80269 0.0490568 -1.07655 1.59471 0.916612 -0.0132997 0.409102 -0.896662 0.388055 -0.740041 -2.12 -1.21103 0.886849 -1.31943 -0.763005 -0.499912 0.489867 0.0864138 0.0717574 0.0153371 0.012682
  0 0 0 0.0115059 -1.21242 0.0489529 -0.538321 0.353682 0.676385 0.503186 -0.193299 -1.20711 1.17452 -1.06375 -0.267799 -1.72055 1.70226 -0.533465 -0.824787 -0.500326 0.500309 0.0864138 0.0717574 0.0153371 0.012682
  0 0 0 0.0115059 -1.01879 0.0489529 -0.56825 0.639958 -0.385159 0.00184282 0.279248 -0.266468 0.0823389 -0.249703 -1.49372 -0.810496 0.901831 -0.678981 -0.445955 -0.499825 0.499831 0.0864138 0.0717574 0.0153371 0.012682
  0 0 0 0.0115059 -0.0261523 0.0488491 -1.56222 0.529609 0.651357 0.570092 -0.26199 -0.78281 0.486754 -2.06643 -0.372758 -0.614915 0.880891 -1.22014 -1.30952 -0.492255 0.499918 0.0864117 0.0717574 0.0153368 0.012682
  0 0 0 0.0115059 -2.72971 0.0489529 -1.45087 0.498271 1.05736 0.888567 0.181203 -0.876778 0.201483 -1.51674 -1.30334 -1.5462 1.42101 -0.332484 -0.108652 -0.500704 0.499504 0.0864117 0.0717574 0.0153368 0.012682
  0 0 0 0.0115059 0.665207 0.0490568 0.210276 1.06917 1.30805 -0.289671 -0.353014 -1.75055 0.569497 -0.739534 -0.732513 -2.38255 2.0318 -1.35454 -1.71119 -0.500043 0.500614 0.0864077 0.0717574 0.015336 0.012682
  0 0 0 0.0115059 0.603737 0.0490568 -1.03692 1.78142 0.0396155 -0.353117 0.799676 -0.444622 1.96843 -0.850067 -1.87736 -1.67982 1.17551 -1.95223 -0.840973 -0.499477 0.501527 0.0864077 0.0717574 0.015336 0.012682
  0 0 0 0.0115059 -1.71874 0.0489529 -0.283715 1.33414 0.45241 0.405471 0.866506 -0.00733433 1.11102 -0.268378 -2.01229 -0.793316 1.39739 -0.236425 -0.562933 -0.499547 0.500553 0.0864077 0.0717574 0.015336 0.012682
  0 0 0 0.0115059 -2.85264 0.0491606 -0.173615 0.32939 -0.381494 -0.35371 -0.226629 -0.749136 0.853004 -1.00671 -0.622198 -1.28988 1.55388 -0.669322 -0.185789 -0.500608 0.500979 0.0864077 0.0717574 0.015336 0.012682
  0 0 0 0.0115059 -2.419 0.0492645 -1.12737 0.969926 0.481187 0.203517 -0.282208 -0.195751 0.818849 -1.2579 -1.10646 -0.635104 1.85365 -1.0331 -0.46784 -0.499695 0.499874 0.0863916 0.0717574 0.0153331 0.012682
  0 0 0 0.0115059 -1.6292 0.0492645 -1.0802 0.892865 0.886139 0.795597 -0.0488108 -0.565048 0.423574 -2.11797 -0.264035 -2.603 1.07433 -0.836914 -0.407963 -0.500091 0.500927 0.0863916 0.0717574 0.0153331 0.012682
  0 0 0 0.0115059 -2.53659 0.0492645 -0.61617 1.17437 1.24857 0.0436327 1.0963 -0.826747 0.804417 -0.70631 -1.65962 -1.47377 0.773735 -0.371286 -0.890138 -0.500521 0.499961 0.0863916 0.0717574 0.0153331 0.012682
  0 0 0 0.0115059 1.39793 0.0492645 -0.665002 1.30387 1.30565 0.0114866 0.115388 -0.626945 0.785495 -0.240003 -1.7517 -1.02968 1.60924 -1.11385 -0.61242 -0.499434 0.498438 0.0863371 0.0717574 0.0153232 0.012682
  0 0 0 0.0115059 2.50375 0.0494722 0.0929301 0.0322526 -0.381913 0.313068 -0.35293 -1.0652 0.78806 -1.24037 -0.562407 -1.58131 1.84665 -0.325384 -0.657931 -0.497693 0.500092 0.0863371 0.0717574 0.0153232 0.012682
  0 0 0 0.0115059 2.287 0.0491606 -0.392447 2.13485 0.805714 0.00781522 -0.122408 -0.948136 -0.283254 -0.348002 -2.03892 -1.34078 1.02046 -1.18116 -1.82758 -0.499564 0.480904 0.086335 0.0717574 0.0153229 0.012682
  0 0 0 0.0115059 -0.38998 0.0489529 -0.164868 0.561197 1.28313 0.845677 0.402757 0.544286 1.00262 -1.34982 -1.43103 -1.84122 1.15503 -0.102122 -0.861683 -0.500069 0.499004 0.086335 0.0717574 0.0153229 0.012682
  0 0 0 0.0115059 2.55241 0.0489529 -1.28765 0.947459 -0.238028 0.864051 -0.157735 -1.13121 1.18863 -1.43805 -0.828004 -1.14022 1.43501 -1.02797 -1.47076 -0.499608 0.499657 0.086335 0.0717574 0.0153229 0.012682
  0 0 0 0.0115059 0.555252 0.0489529 0.292155 0.426888 1.25245 -0.354302 0.871751 -1.35207 0.34965 -0.317745 -2.11667 -1.87488 1.52791 -1.76427 -0.109797 -0.500434 0.499404 0.086335 0.0717574 0.0153229 0.012682
  0 0 0 0.0115059 -0.0576834 0.0490568 -0.269289 1.07522 0.0400029 0.590251 -0.352507 0.56417 1.11551 -0.85758 -1.34706 -1.72679 1.65593 -0.0992243 -1.23917 -0.499956 0.500048 0.086335 0.0717574 0.0153229 0.012682
  0 0 0 0.0115059 0.0654775 0.0491606 -1.09114 1.51147 -0.0756077 -0.0479836 0.675914 -1.54608 0.476651 -1.53773 -2.06064 -1.86077 0.918665 -1.26879 -0.695509 -0.499477 0.500775 0.086333 0.0717574 0.0153225 0.012682
  0 0 0 0.0115059 -0.0388758 0.0490568 -0.659447 0.693101 0.505692 0.191505 0.194569 -0.887843 -0.0651875 -1.29046 -0.349305 -1.61787 0.366514 -0.350967 -1.27724 -0.499085 0.500179 0.086333 0.0717574 0.0153225 0.012682
  0 0 0 0.0115059 -1.29004 0.0490568 -1.76335 1.16186 1.15516 -0.35371 -0.269096 -0.278815 0.389579 -1.83943 -0.80041 -1.0623 1.01382 -1.42146 -0.987293 -0.499956 0.500179 0.086331 0.0717574 0.0153221 0.012682
  0 0 0 0.0115059 -1.81476 0.0490568 -0.0803448 0.125854 0.0204204 -0.353963 -0.352253 -0.932742 0.310331 -1.34294 -0.484955 -1.32082 1.06698 -1.99919 -0.479918 -0.496062 0.497716 0.086331 0.0717574 0.0153221 0.012682
  0 0 0 0.0115059 0.00903351 0.0490568 -0.309582 1.69975 1.30774 0.280076 0.423677 -1.2759 0.821414 -0.744963 -1.82756 -1.88431 1.06184 -0.612134 -1.02027 -0.501548 0.500266 0.086331 0.0717574 0.0153221 0.012682
  0 0 0 0.0115059 -0.397719 0.0489529 0.511443 0.382036 0.613867 -0.0440922 0.184756 0.457214 1.37945 -1.27714 -1.32593 -1.39169 1.53896 -0.0980626 -1.11051 -0.500708 0.500092 0.086331 0.0717574 0.0153221 0.012682
  0 0 0 0.0115059 -1.56247 0.0491606 -1.183 -0.133063 0.831046 -0.127926 -0.156162 -0.455526 1.72277 -2.11985 -0.187886 -1.06514 2.10615 -0.11554 -1.22233 -0.422814 0.498264 0.086331 0.0717574 0.0153221 0.012682
  0 0 0 0.0115059 0.429064 0.0490568 -0.906841 0.462372 -0.169437 0.219083 -0.321376 -1.45822 0.884594 -1.29799 -1.08402 -2.52769 1.1596 -0.980193 -1.23077 -0.499695 0.500701 0.086331 0.0717554 0.0153221 0.0126816
  0 0 0 0.0115059 2.00748 0.0489529 -0.579774 0.135471 -0.137078 0.0240913 0.0071234 -0.860262 0.813172 -0.874967 -0.605694 -1.112 1.28264 -1.19656 -0.695636 -0.499477 0.500553 0.0863189 0.0717554 0.01532 0.0126816
  0 0 0 0.0115059 1.96195 0.0490568 -1.40884 -0.0801688 -0.383274 0.412128 -0.353691 -1.91732 1.41697 -1.96466 -0.347712 -2.10072 2.00017 -1.08031 -1.4209 -0.501391 0.500875 0.0863189 0.0717554 0.01532 0.0126816
  0 0 0 0.0115059 0.936641 0.0490568 -0.818131 0.251706 -0.383274 0.362133 -0.207798 -0.334137 -0.101267 -0.977899 -0.559946 -0.582926 0.705151 -1.19748 -0.482938 -0.50013 0.499831 0.0863169 0.0717554 0.0153196 0.0126816
  0 0 0 0.0115059 0.900199 0.0489529 -0.883934 0.00489344 0.17174 0.573891 -0.352084 -1.02446 1.24523 -1.72332 -2.1142 -1.3343 1.39908 -0.622985 -1.49752 -0.501174 0.516934 0.0863169 0.0717554 0.0153196 0.0126816
  0 0 0 0.0115059 -2.15891 0.0489529 -0.866714 0.563104 0.701465 -0.353202 -0.232932 -0.241019 1.51719 -0.661908 -2.01292 -1.62269 2.12958 -0.493328 -1.37239 -0.49778 0.499787 0.0863169 0.0717554 0.0153196 0.0126816
  0 0 0 0.0115059 -2.24082 0.0490568 -0.2736 1.19655 1.13516 0.563655 -0.203196 -0.405816 0.287753 -0.2441 -1.47055 -0.74403 0.773064 -1.20706 -1.14476 -0.506839 0.500749 0.0863169 0.0602656 0.0153196 0.0105965
  0 0 0 0.0115059 -2.6191 0.0491606 -0.899131 0.920929 1.09013 0.841194 -0.352168 -0.473807 1.08937 -0.513475 -2.03032 -0.548912 1.50657 -1.68273 -1.41716 -0.500173 0.500179 0.0863169 0.0602145 0.0153196 0.0105872
  0 0 0 0.0115059 -1.07345 0.0490568 -0.208601 0.0183243 0.391652 -0.0475606 -0.356567 -0.958639 1.2106 -0.628278 -1.46969 -1.85458 2.296 -1.36359 -1.3797 -0.501087 0.511709 0.0863169 0.0602166 0.0153196 0.0105876
  0 0 0 0.0115059 -0.972924 0.0489529 -0.77618 -0.0618464 -0.281801 0.0976043 -0.351745 -1.05381 0.973142 -1.71898 -1.86197 -2.2569 2.34963 -0.116193 -1.35272 0.4059 0.8087 0.0862765 0.0602166 0.0153123 0.0105876
  0 0 0 0.0115059 -0.247111 0.0488491 -1.01122 0.505815 0.475847 -0.0533977 -0.351322 -0.85048 1.50773 -1.15119 -2.11551 -2.23267 2.18239 -0.116193 -1.98665 0.4059 0.808526 0.0862765 0.0602166 0.0153123 0.0105876
  0 0 0 0.0115059 -2.04937 0.0490568 -1.47541 0.975315 -0.336465 -0.353963 -0.0706363 -0.183404 1.90525 -0.769719 -0.886694 -1.01001 2.72465 -1.76053 -1.20732 0.406031 0.808439 0.0862765 0.0602166 0.0153123 0.0105876
  0 0 0 0.0115059 -0.078198 0.0488491 -0.293249 0.281636 0.332307 -0.147467 0.547583 -1.60575 1.71106 -0.151838 -2.12217 -2.37069 4.7333 -1.02613 -1.68326 0.414785 0.806481 0.0862765 0.0602166 0.0153123 0.0105876
  0 0 0 0.0115059 -2.11446 0.0490568 -1.01619 0.954755 0.220121 0.854221 0.411132 -0.900671 2.55485 -1.6602 -1.40975 -1.11899 5.05363 -1.06208 -1.36187 0.415559 0.8081 0.0862765 0.0602166 0.0153123 0.0105876
  0 0 0 0.0115059 1.41295 0.0488491 -1.87071 0.868946 0.977559 0.337938 -0.354029 -1.39232 2.10634 -2.00377 -0.966897 -2.01442 4.7854 -1.62443 -1.10964 0.414993 0.80857 0.0862765 0.0602166 0.0153123 0.0105876
  0 0 0 0.0115059 1.09246 0.0491606 -0.761423 0.902855 -0.0751888 0.346736 -0.354283 -1.4555 1.94678 -1.43928 -0.150535 -2.46972 5.3792 -1.40032 -1.81296 0.414602 0.808439 0.0862765 0.0602166 0.0153123 0.0105876
  0 0 0 0.0115059 1.10419 0.0489529 0.52164 1.07754 0.407957 0.403753 -0.00702087 -2.42901 2.07074 -0.865239 -0.417637 -3.81438 5.60983 -1.49223 -1.95872 0.409141 0.793472 0.0862765 0.0602166 0.0153123 0.0105876
  0 0 0 0.0115059 0.0677813 0.0490568 -0.433195 1.22578 1.21601 -0.0901965 0.415658 -1.36762 1.48592 -1.97262 -0.228566 -3.85927 4.88744 -2.00779 -1.3318 0.968905 0.794908 0.0862765 0.0602166 0.0153123 0.0105876
  0 0 0 0.0115059 0.255753 0.0490568 -0.322855 0.579685 1.30805 -0.000948811 -0.178546 -0.327884 1.25822 -1.02307 -0.551694 -2.43021 4.40094 -1.5407 -0.380561 0.94565 0.788686 0.0862765 0.0602166 0.0153123 0.0105876
  0 0 0 0.0115059 -1.93807 0.0490568 -0.292917 0.044672 -0.0910015 -0.0693353 -0.353522 0.174187 2.67608 -1.68757 -0.759875 -1.67496 4.55036 -1.61373 -0.0953604 0.945798 0.78873 0.0862765 0.0602166 0.0153123 0.0105876
  0 0 0 0.0115059 -1.82377 0.0490568 -0.114278 1.41348 0.946133 -0.183471 -0.353437 0.563529 0.390381 -0.67113 -1.04319 -2.45954 6.63993 -0.141602 -1.19283 0.945933 0.788034 0.0862765 0.0602166 0.0153123 0.0105876
  0 0 0 0.0115059 -1.83958 0.0490568 -0.0951021 1.09661 1.0052 0.187952 0.298392 0.612197 1.33728 -1.93502 -0.636096 -3.43183 7.37405 -0.898418 -1.3881 0.946042 0.787686 0.0862765 0.0602166 0.0153123 0.0105876
  0 0 0 0.0115059 1.7145 0.0489529 0.233125 1.64628 -0.382437 0.061736 -0.0499105 0.451713 0.24093 -0.507539 -2.12144 -3.48633 6.75156 -0.820515 -0.623167 0.946455 0.788599 0.0862765 0.0602166 0.0153123 0.0105876
  0 0 0 0.0115059 -1.76221 0.0489529 0.564171 0.661091 -0.0748746 0.350205 -0.352337 -0.111244 1.60988 -0.776813 -1.24232 -2.99094 8.77904 -1.99501 -1.558 0.946903 0.789469 0.0862765 0.0602166 0.0153123 0.0105876
  0 0 0 0.0115059 0.924912 0.0490568 0.0638298 0.317783 0.756181 -0.276897 -0.351068 0.362284 0.778279 -0.735698 -2.09789 -2.54307 8.25587 -1.60263 -1.89894 0.947586 0.777548 0.0862765 0.0602166 0.0153123 0.0105876
  0 0 0 0.0115059 2.00561 0.0489529 -1.35503 1.21768 0.97714 -0.351256 0.751119 0.581809 1.07173 -0.157643 -1.8416 -2.26153 9.15965 -2.00284 -1.07435 0.961261 0.784248 0.0862765 0.0602166 0.0153123 0.0105876
  0 0 0 0.0115059 0.421734 0.0489529 -0.500598 1.50268 0.672573 -0.121843 0.930206 0.497302 1.54846 -0.658825 -2.11898 -2.50744 9.24292 -1.10841 -1.11108 0.960769 0.783457 0.0862765 0.0602166 0.0153123 0.0105876
  0 0 0 0.0115059 1.19373 0.0489529 -1.96083 0.416442 0.974627 -0.0302187 0.130869 -0.536345 1.19488 -2.11681 -0.826469 -1.40262 9.61765 -2.00252 -0.837057 0.960943 0.784161 0.0862765 0.0602166 0.0153123 0.0105876
  0 0 0 0.0115059 -1.96423 0.0488491 -0.785714 0.703465 0.487963 -0.353794 0.396159 -0.13355 1.31018 -1.22518 -1.93009 -0.870594 9.61771 -1.52501 -1.17691 0.961422 0.78464 0.0862765 0.0602166 0.0153123 0.0105876
  0 0 0 0.0115059 2.68323 0.0490568 -0.247733 1.44151 0.682144 -0.353202 0.411293 -0.639469 1.10476 -0.521104 -2.11811 -1.534 10.907 -0.856149 -1.2328 0.961988 0.78273 0.0862765 0.0602166 0.0153123 0.0105876
  0 0 0 0.0115059 -2.50632 0.0490568 -0.540476 0.0661614 0.595122 -0.352441 -0.305979 -0.346645 1.02603 -2.10446 -0.765521 -1.42318 10.0622 -1.92144 -0.546718 0.962392 0.782547 0.0862765 0.0602166 0.0153123 0.0105876
  0 0 0 0.0115059 -2.70673 0.0490568 -0.583455 1.16758 -0.366414 -0.0552588 -0.353099 0.282266 1.73095 -1.08416 -1.79397 -1.66755 10.0664 -1.38365 -0.093359 0.961988 0.782465 0.0862765 0.0602166 0.0153123 0.0105876
  0 0 0 0.0115059 2.60541 0.0490568 -0.57281 1.24775 0.422597 0.892399 -0.321968 0.565132 1.9582 -1.13946 -1.80512 -0.793489 10.1286 -1.7659 -0.093359 0.961944 0.782465 0.0862765 0.0602166 0.0153123 0.0105876
  0 0 0 0.0115059 2.68463 0.0490568 0.365693 0.517339 0.51742 0.117061 -0.35073 -0.102585 1.16361 -0.672317 -1.77559 -2.09158 8.75304 -1.27267 -1.99792 0.964894 0.782465 0.0862765 0.0602166 0.0153123 0.0105876
  0 0 0 0.0115059 -0.365811 0.0489529 -0.00349033 -0.175437 1.24889 -0.258041 0.22081 -0.258995 2.29235 -1.17166 -1.0678 -2.39354 9.14093 -1.60855 -1.98656 0.984743 0.813312 0.0862765 0.0602166 0.0153123 0.0105876
  0 0 0 0.0115059 2.5393 0.0490568 -0.718601 0.611165 0.83315 -0.352695 -0.351491 -0.134496 1.21925 -0.947773 -1.15539 -2.84319 9.67648 -1.71789 -1.32953 0.985134 0.864522 0.0862765 0.0602166 0.0153123 0.0105876
  0 0 0 0.0115059 2.37486 0.0491606 0.0616743 1.62306 0.10451 -0.327976 -0.245325 -0.385291 0.836167 -0.152272 -1.94358 -3.03362 8.47697 -1.11974 -0.656795 0.989677 0.865214 0.0862765 0.0602166 0.0153123 0.0105876
  0 0 0 0.0115059 0.138677 0.0490568 -0.652483 0.333452 0.799116 0.899454 -0.353014 0.612116 1.02795 -1.99897 -0.15372 -0.715396 8.88878 -1.79881 -0.124642 1.05397 0.865436 0.0862765 0.0602166 0.0153123 0.0105876
  0 0 0 0.0115059 -1.09003 0.0490568 -0.608957 0.605618 0.447625 0.841447 0.975634 0.458015 1.19729 -0.190491 -1.96509 -0.469256 8.94012 -1.66367 -0.118768 0.957045 0.864087 0.0862765 0.0602166 0.0153123 0.0105876
  0 0 0 0.0115059 0.0294539 0.0490568 0.564088 0.417022 1.03233 -0.115829 0.857708 0.565132 1.30136 -0.155457 -1.8969 0.320877 8.97798 -1.06682 -1.57349 0.958507 0.813486 0.0862765 0.0602166 0.0153123 0.0105876
  0 0 0 0.0115059 -2.13471 0.0489529 0.244483 0.502756 1.30722 -0.352441 -0.286184 0.564812 0.72007 -1.05376 -0.93939 2.36652 9.24934 -1.98695 -1.54413 0.95842 0.813804 0.0862765 0.0602166 0.0153123 0.0105876
  0 0 0 0.0115059 1.93282 0.0489529 -0.388094 1.50194 0.357691 -0.353202 0.109229 0.370301 0.149528 -0.437644 -0.155891 2.21994 8.75642 -1.38026 -1.99091 0.958507 0.81366 0.0862765 0.0602166 0.0153123 0.0105876
  0 0 0 0.0115059 0.8736 0.0489529 0.564171 1.42484 0.471972 -0.353371 -0.264959 -0.363691 -0.453888 -0.682278 -2.1142 2.19449 7.92632 -0.81261 -1.8563 0.957841 0.871901 0.0862765 0.0602166 0.0153123 0.0105876
  0 0 0 0.0115059 -2.21095 0.0490568 0.564171 1.0986 0.330391 -0.180874 0.379333 -0.148158 0.467447 -1.37031 -1.7235 1.83109 8.02107 -2.00783 -2.00659 0.958246 0.873259 0.0862765 0.0602166 0.0153123 0.0105876
  0 0 0 0.0115059 -0.727775 0.0489529 -0.555234 1.2916 -0.0366624 -0.352695 0.571778 0.564812 -0.291288 -1.28742 -1.98521 2.36647 8.69291 -2.00957 -0.878347 0.956505 0.874007 0.0862765 0.0602166 0.0153123 0.0105876
  0 0 0 0.0115059 1.36243 0.0489529 0.432598 0.192511 0.574283 0.217306 0.850264 0.541881 -0.221533 -1.24037 -2.11449 3.11171 9.43879 -1.22356 -0.959796 0.980888 0.867916 0.0862765 0.0602166 0.0153123 0.0105876
  0 0 0 0.0115059 2.41337 0.0490568 -0.430459 0.0619332 0.187752 0.858197 0.0572713 0.611796 -0.0125912 -0.161682 -0.751623 4.9096 9.63032 -1.75436 -0.493306 0.980596 0.871584 0.0862765 0.0602166 0.0153123 0.0105876
  0 0 0 0.0115059 -1.82102 0.0490568 -0.331469 -0.357906 0.291718 0.225343 0.417307 0.615323 0.279575 -0.199322 -1.35039 5.41385 8.68435 -1.76295 -0.886918 1.08165 0.881273 0.0862765 0.0602166 0.0153123 0.0105876
  0 0 0 0.0115059 0.102967 0.0489529 -0.146753 -0.209171 0.609343 -0.340597 -0.0111322 -0.138665 0.162035 -0.538477 -1.63834 4.08123 9.58034 -2.00757 -1.35116 1.05671 0.872306 0.0862765 0.0602166 0.0153123 0.0105876
  0 0 0 0.0115059 -2.74852 0.0490568 -0.59934 0.0779507 0.782885 -0.209636 0.548379 -0.0117762 0.0342325 -1.12481 -1.19414 3.92978 9.69835 -1.64897 -1.87873 1.05745 0.872106 0.0862765 0.0602166 0.0153123 0.0105876
  0 0 0 0.0115059 0.224547 0.0490568 -0.323344 -0.379578 1.03631 -0.353879 0.0549111 -0.525761 0.252956 -0.294726 -2.02749 3.38695 10.0291 -1.39148 -2.00941 1.05762 0.872432 0.0862765 0.0602166 0.0153123 0.0105876  
