  0 0 0 0.0970767 -0.00897829 0.046045 -1.10151 0.974569 0.383379 0.0427868 1.17037 -1.07353 0.826065 -1.4057 -2.12144 -2.26674 0.74171 -0.800661 -0.515961 -0.500072 0.501468 0.0845764 0.0695334 0.0150046 0.0122786
  0 0 0 0.0970768 0.00201728 0.0461489 -0.43817 0.492136 0.385369 0.326366 0.31164 0.0744146 0.64326 -1.15351 -0.354951 -0.53393 0.972289 -0.665252 -1.50344 -0.49921 0.499902 0.0845744 0.0695334 0.0150042 0.0122786
  0 0 0 0.0970768 0.00631079 0.0461489 -0.1829 0.464528 0.395631 0.703896 0.436933 0.315139 -0.0270231 -1.97494 -1.33056 -1.76735 0.561401 -0.10182 -0.612377 -0.500594 0.499554 0.0845744 0.0695334 0.0150042 0.0122786
  0 0 0 0.0970776 0.00714855 0.046045 -2.07323 0.0236303 0.398982 -0.324465 0.0616702 0.230312 -0.496382 -2.11913 -1.27786 -0.938628 1.53821 -1.50742 -0.108718 -0.588047 0.499554 0.0845744 0.0695334 0.0150042 0.0122786
  0 0 0 0.0970788 0.00714855 0.046045 -0.433444 0.27235 0.398982 0.280092 0.0164119 0.333901 0.362302 -0.336145 -0.889589 -0.203391 0.960025 -0.877889 -0.534596 -0.499941 0.50015 0.0845744 0.0695334 0.0150042 0.0122786
  0 0 0 0.0970792 0.00557775 0.046045 -2.01498 1.46513 0.398982 -0.0143994 1.19152 -0.94735 1.23208 -1.97146 -2.09685 -1.53249 1.61069 -1.16561 -0.402403 -0.499985 0.499989 0.0845744 0.0695334 0.0150042 0.0122786
  0 0 0 0.0970795 -0.00290455 0.046045 -1.47003 0.0870953 0.396888 -0.338812 -0.353522 -0.185489 1.2906 -1.41988 -0.486548 -0.720446 1.87372 -1.28718 -1.7817 -0.499985 0.500115 0.0845744 0.0695334 0.0150042 0.0122786
  0 0 0 0.0970795 0.000237047 0.046045 -1.47525 0.0813333 0.400239 1.21468 -0.351914 -1.83706 0.623809 -1.72434 -0.6083 -0.109101 2.68792 -0.920832 -1.31006 -0.499985 0.498183 0.0845724 0.0695334 0.0150039 0.0122786
  0 0 0 0.0970802 0.000551206 0.0459412 -0.499106 1.55036 0.4016 0.14491 1.02505 -0.115301 0.400082 -0.326431 -0.521148 -0.649045 0.691731 -0.788826 -1.44662 -0.499811 0.499206 0.0845724 0.0674868 0.0150039 0.0119073
  0 0 0 0.0970814 0.000865366 0.046045 -1.49871 0.41155 0.393851 -0.178852 -0.35293 -0.794019 0.0885927 -0.756979 -0.927519 -1.11865 1.2628 -1.68109 -0.861857 -0.499737 0.499902 0.0845724 0.0674821 0.0150039 0.0119065
  0 0 0 0.097082 -0.00332342 0.046045 -0.190279 0.551737 0.393432 0.860041 0.0791729 0.277408 0.562602 -0.5683 -1.64903 -0.252735 1.49048 -0.608939 -0.118481 -0.497396 0.498492 0.0845704 0.0674821 0.0150035 0.0119065
  0 0 0 0.0970824 0.000655926 0.046045 -1.14362 0.699236 0.404323 -0.352356 -0.276879 -0.868552 0.779722 -2.05052 -1.02921 -2.52827 1.27101 -1.51445 -0.950158 -0.50005 0.49975 0.0845704 0.0674821 0.0150035 0.0119065
  0 0 0 0.0970824 -0.00751221 0.046045 -0.447124 0.00738064 0.401705 0.00054006 -0.273097 -0.462902 1.10909 -0.871493 -0.232765 -0.950313 1.70082 -0.7577 -0.325466 -0.499785 0.501803 0.0845684 0.0674821 0.0150031 0.0119065
  0 0 0 0.0970825 -0.00185735 0.046045 -0.963715 0.846479 0.399611 -0.354386 -0.0305975 -0.586857 0.573345 -1.14149 -0.303832 -1.21959 0.968355 -1.62407 -1.82489 -0.499767 0.499906 0.0845684 0.0674821 0.0150031 0.0119065
  0 0 0 0.097083 -0.00091487 0.046045 0.321835 0.365454 0.397097 1.06279 0.288215 -0.188535 2.19856 -1.82617 -1.47717 -1.55891 2.6408 -0.107433 -1.58428 -0.500028 0.500163 0.0845684 0.0674821 0.0150031 0.0119065
  0 0 0 0.097083 -0.00342814 0.046045 -0.619072 0.71532 0.397411 0.424335 -0.203687 -0.472363 0.636204 -1.36082 -1.37312 -1.5315 1.56083 -0.105519 -0.309912 -0.500637 0.500607 0.0845684 0.0674821 0.0150031 0.0119065
  0 0 0 0.097083 -0.00115573 0.046045 -0.345066 0.698988 0.39783 0.346229 0.741873 -0.142834 0.943284 -0.49422 -1.58565 -0.687861 1.17198 -0.654993 -0.585227 -0.499637 0.500511 0.0845684 0.0674821 0.0150031 0.0119065
  0 0 0 0.0970835 0.00138896 0.0459412 -0.366621 2.04413 0.392594 -0.284934 0.232027 -1.71415 0.0898756 -0.351187 -2.12043 -2.26969 1.61994 -1.19011 -0.354761 -0.499506 0.500381 0.0845663 0.0674821 0.0150028 0.0119065
  0 0 0 0.097084 0.00484472 0.046045 -0.0843243 0.374823 0.394165 -0.149836 -0.352676 -0.441976 0.883552 -0.620301 -1.20128 -0.876512 1.74235 -0.837165 -1.51614 -0.500202 0.499902 0.0845643 0.0674821 0.0150024 0.0119065
  0 0 0 0.0970842 0.0052636 0.0459412 -0.669065 0.521816 0.39427 0.377554 0.47396 -0.612674 0.461257 -0.95242 -0.961251 -0.846651 1.33136 -1.13864 -0.108544 -0.499811 0.499641 0.0845643 0.0674821 0.0150024 0.0119065
  0 0 0 0.0970844 0.00521124 0.0459412 -0.963715 0.337681 0.39427 0.249283 0.621266 -1.42295 0.11457 -1.92484 -0.382602 -1.6159 0.426791 -0.989359 -1.09245 -0.500289 0.500163 0.0845643 0.0674821 0.0150024 0.0119065
  0 0 0 0.0970845 0.000341767 0.046045 -0.287777 0.356749 0.39427 0.613126 -0.0649092 -0.00541007 1.01926 -1.77935 -0.802148 -1.52606 1.57679 -0.105519 -0.656856 -0.50055 0.499628 0.0845643 0.0674821 0.0150024 0.0119065
  0 0 0 0.0970852 0.0101854 0.0459412 -0.218633 1.90291 0.395212 0.256051 0.167879 -1.46474 0.174094 -0.87006 -2.12072 -2.26344 1.10522 -0.732004 -0.441622 -0.499811 0.50092 0.0845643 0.0674821 0.0150024 0.0119065
  0 0 0 0.0970854 0.00337864 0.046045 0.267034 0.955335 0.395212 -0.353879 -0.352507 -1.37152 0.935587 -0.679382 -1.17956 -2.69793 1.72783 -1.98906 -0.821002 -0.499724 0.499946 0.0845643 0.0674821 0.0150024 0.0119065
  0 0 0 0.0970854 6.66369e-06 0.046045 0.484083 0.851204 0.395212 0.266726 0.337526 0.565116 1.23513 -0.615973 -1.14873 -1.47909 1.86996 -0.0959031 -0.668938 -0.500594 0.500685 0.0845603 0.0674821 0.0150017 0.0119065
  0 0 0 0.0970856 0.0169922 0.0459412 -0.878404 1.4082 0.395212 -0.181847 -0.352337 -0.578358 0.67485 -1.36588 -0.820534 -0.815703 2.20651 -1.29537 -1.79967 -0.49928 0.499502 0.0845603 0.0674821 0.0150017 0.0119065
  0 0 0 0.0970856 -0.00248567 0.0459412 -0.689791 0.662011 0.395212 -0.35354 -0.110734 -0.791469 0.525399 -1.07359 -0.247242 -1.95772 1.05212 -1.6577 -0.944724 -0.500594 0.499267 0.0845603 0.0674821 0.0150017 0.0119065
  0 0 0 0.0970857 0.00983985 0.0459412 -0.243173 0.327234 0.396364 1.11213 0.890201 -1.49597 0.178552 -2.12202 -1.06592 -4.29208 0.56921 -1.90109 -0.54737 -0.499811 0.50042 0.0845603 0.0674821 0.0150017 0.0119065
  0 0 0 0.0970859 -0.00382608 0.046045 -0.982783 0.512448 0.396888 -0.352102 -0.123897 -0.653372 0.882269 -1.80606 -1.26469 -2.2587 1.78053 -1.27915 -0.447348 -0.499741 0.501077 0.0845603 0.0674821 0.0150017 0.0119065
  0 0 0 0.0970861 -0.00751221 0.046045 -1.39085 0.0900385 0.396888 0.0734017 0.955999 -0.697502 -0.648238 -0.307177 -1.74547 -1.25974 1.52623 -0.819935 -0.108935 -0.500463 0.500207 0.0845583 0.0674821 0.0150013 0.0119065
  0 0 0 0.0970862 -0.00206679 0.046045 -0.886114 0.399761 0.39427 -0.352356 0.137476 -0.838325 1.19721 -2.11551 -0.35886 -2.46209 1.76109 -1.72227 -0.510566 -0.499463 0.499467 0.0845583 0.0674821 0.0150013 0.0119065
  0 0 0 0.0970863 -0.0127482 0.046045 -1.4905 0.345723 0.397411 1.25952 -0.199457 -1.33881 0.641143 -2.11782 -0.247386 -1.42761 1.09319 -0.273594 -1.36325 -0.499724 0.499811 0.0845542 0.0674821 0.0150006 0.0119065
  0 0 0 0.0970865 0.0195055 0.0459412 -0.779662 0.834954 0.395317 -0.353456 0.0285513 -0.6154 1.32252 -1.26947 -0.990494 -1.31637 1.52965 -0.593428 -1.36634 -0.500028 0.500133 0.0845542 0.0674821 0.0150006 0.0119065
  0 0 0 0.0970868 -0.00541782 0.046045 -1.74975 1.48569 0.395945 -0.353963 -0.352168 -0.183083 0.869841 -1.65278 -0.751044 -1.16354 1.49806 -0.858092 -1.0891 -0.500159 0.499685 0.0845542 0.0674821 0.0150006 0.0119065
  0 0 0 0.0970869 -0.0053131 0.046045 0.239542 0.818448 0.403485 -0.354556 -0.114372 -1.07706 0.711251 -0.337289 -0.903632 -1.88975 1.59314 -1.6731 -0.189209 -0.499811 0.499119 0.0845542 0.0674821 0.0150006 0.0119065
  0 0 0 0.0970876 0.00568247 0.046045 -0.832971 0.128831 0.403485 -0.272702 -0.35293 -0.542919 0.588579 -1.49299 -0.707772 -1.7777 3.60127 -0.316276 -2.00431 -0.501107 0.499989 0.0845542 0.0674821 0.0150006 0.0119065
  0 0 0 0.0970876 -0.00897829 0.046045 -1.38422 0.489566 0.402229 1.28777 -0.352845 -0.66248 1.2665 -1.51231 -0.983401 -1.27888 1.85191 -0.101237 -1.26357 -0.501055 0.500555 0.0845542 0.0674821 0.0150006 0.0119065
  0 0 0 0.0970877 -0.00950189 0.046045 -1.0443 0.290921 0.401496 0.0545708 -0.35183 -0.892333 0.117312 -0.386656 -1.26672 -1.52335 2.29178 -0.336333 -1.10756 -0.499637 0.497844 0.0845522 0.0674821 0.0150002 0.0119065
  0 0 0 0.0970878 -0.00656974 0.046045 -1.87058 0.44206 0.400972 -0.0353789 -0.35183 -0.124714 0.476491 -1.92806 -1.44296 -0.729395 3.45341 -1.1272 -2.00779 -0.499941 0.49955 0.0845522 0.0674821 0.0150002 0.0119065
  0 0 0 0.0970881 -0.00698862 0.046045 -1.27685 1.08343 0.39982 0.696536 -0.353945 -0.537948 0.750537 -1.34272 -0.90783 -0.839651 1.20645 -0.954465 -1.80918 -0.499767 0.499946 0.0845522 0.0674821 0.0150002 0.0119065
  0 0 0 0.0970887 -0.00309304 0.0459412 -1.66826 0.289263 0.399401 0.155467 -0.353099 -0.944127 1.30986 -1.78196 -1.00626 -1.32048 1.93417 -1.08443 -1.66158 -0.499811 0.499175 0.0845522 0.0674821 0.0150002 0.0119065
  0 0 0 0.0970895 0.000132327 0.0459412 -0.717233 1.39026 0.398982 -0.225971 0.925427 -0.44815 0.749094 -0.796067 -0.881077 -0.972584 1.36987 -0.926932 -0.309555 -0.49747 0.500076 0.0845502 0.0674821 0.0149998 0.0119065
  0 0 0 0.0970896 -0.0121199 0.0459412 -0.517926 0.529609 0.393956 1.05771 0.302597 -0.103868 1.086 -1.51601 -1.26686 -0.384163 1.58726 -0.553695 -0.568337 -0.499123 0.500154 0.0845502 0.0674821 0.0149998 0.0119065
  0 0 0 0.09709 0.00149368 0.046045 -0.14866 1.51222 0.393432 -0.353202 -0.0514332 -1.23899 0.573826 -1.66961 -1.17435 -1.73322 0.844447 -1.74868 -1.5167 -0.500028 0.500006 0.0845502 0.0674821 0.0149998 0.0119065
  0 0 0 0.0970902 -0.00081015 0.046045 -0.995136 1.16509 0.393432 0.412348 1.26041 -0.952225 1.33546 -1.96567 -1.43407 -1.60809 -0.0805281 -0.50493 -1.22742 -0.500028 0.499728 0.0845502 0.0674821 0.0149998 0.0119065
  0 0 0 0.0970902 -0.00206679 0.046045 -1.20207 0.619812 0.393432 1.29395 0.598171 -0.775434 1.14309 -1.99014 -1.01945 -1.57084 1.43593 -0.109417 -0.742382 -0.500533 0.499989 0.0845502 0.0674821 0.0149998 0.0119065
  0 0 0 0.0970903 0.000446487 0.046045 -1.67447 0.936598 0.397097 1.23228 0.535825 -0.593592 0.718787 -1.50993 -1.44203 -0.981012 1.44351 -0.791393 -0.192568 -0.500115 0.499415 0.0845502 0.0674821 0.0149998 0.0119065
  0 0 0 0.0970903 -0.00702003 0.0459412 -0.0809251 1.04844 0.39783 0.364789 0.0257258 -0.811353 0.744123 -1.60406 -1.40063 -2.60295 2.06178 -0.633934 -0.501995 -0.500507 0.501251 0.0845502 0.0650443 0.0149998 0.0114641
  0 0 0 0.0970915 0.00987126 0.0459412 -1.17844 0.590131 0.391442 -0.353202 0.0869133 -0.986461 1.06644 -0.850212 -0.381444 -2.18032 1.48082 -0.607394 -1.12221 -0.499637 0.500072 0.0845502 0.0649884 0.0149998 0.011454
  0 0 0 0.0970917 -0.00541782 0.0459412 -0.62015 0.670219 0.390919 1.1688 0.230099 -0.117338 1.28308 -1.04588 -2.01619 0.0918024 1.60086 -1.3258 -0.85061 -0.499328 0.499054 0.0845482 0.0649884 0.0149995 0.011454
  0 0 0 0.0970918 -0.000401743 0.0459412 -1.25339 1.04404 0.393432 0.270685 0.691454 -0.706 1.08199 -1.03242 -1.23501 -0.741774 1.65014 -1.69973 -0.431206 -0.499898 0.499728 0.0845482 0.0649884 0.0149995 0.011454
  0 0 0 0.0970921 -0.0149473 0.0459412 -0.467684 0.813482 0.393537 1.16594 0.586319 0.245994 0.411708 -1.93454 -0.346554 -1.54463 0.661476 -0.102386 -1.81097 -0.500289 0.500089 0.0845461 0.0649884 0.0149991 0.011454
  0 0 0 0.0970921 0.00591286 0.0459412 -0.378311 0.422909 0.393537 0.591072 0.573639 -0.587915 2.06497 -2.1184 -0.15372 -2.63349 2.62492 -0.743172 -0.809129 -0.499345 0.500603 0.0845461 0.0649884 0.0149991 0.011454
  0 0 0 0.0970924 -0.00709334 0.0459412 -0.37715 -0.347791 0.393537 0.715909 -0.352337 -0.100821 0.793529 -1.71232 -0.414278 -1.63474 1.58003 -0.108825 -1.00196 -0.50055 0.499641 0.0845461 0.0649884 0.0149991 0.011454
  0 0 0 0.0969833 0.000132327 0.0459412 -0.317773 1.08865 0.386772 -0.271822 -0.351999 -1.49543 1.30899 -1.31207 -1.93006 -2.16001 1.6996 -1.22526 -1.60106 -0.500115 0.499998 0.0690167 0.060425 0.0121849 0.0106254
  0 0 0 0.0969838 0.00432112 0.0459412 -0.413629 0.572431 0.387358 -0.352356 0.137848 -1.12132 0.493168 -1.74084 -1.16277 -1.33505 1.47903 -1.73628 -0.115509 -0.49955 0.499202 0.0690167 0.060425 0.0121849 0.0106254
  0 0 0 0.0969844 0.00839472 0.0459412 0.427044 -0.0546335 0.387358 0.528252 -0.107181 0.509505 0.142953 -2.11811 -0.932876 -1.50674 1.49349 -0.0990793 -0.10753 -0.500724 0.500977 0.0690167 0.060425 0.0121849 0.0106254
  0 0 0 0.0969846 -0.00656974 0.0458373 -0.843998 0.771614 0.395527 0.166549 0.972081 -0.779924 1.35876 -0.619968 -2.11985 -1.02407 2.17909 -1.67856 -0.475585 -0.499906 0.499902 0.0690167 0.060425 0.0121849 0.0106254
  0 0 0 0.0969847 -0.00918773 0.0458373 -0.409567 1.03534 0.395631 0.293746 1.15191 -0.801732 1.10139 -0.5294 -1.57102 -1.54406 0.901096 -0.121425 -1.06919 -0.501403 0.500307 0.0690167 0.060425 0.0121849 0.0106254
  0 0 0 0.0969851 -0.0177748 0.0458373 0.124103 1.7562 0.395631 0.22585 0.765669 -2.2383 0.927248 -2.12318 -2.05039 -1.77642 1.48545 -1.9145 -0.639178 -0.507547 0.500076 0.0690167 0.060425 0.0121849 0.0106254
  0 0 0 0.0969852 -0.00394127 0.0458373 0.231882 1.47649 0.397411 0.175144 1.29363 -2.37305 0.573345 -1.70236 -0.250079 -2.18762 0.447963 -1.97446 -1.69435 -0.498344 0.499041 0.0690167 0.060423 0.0121849 0.010625
  0 0 0 0.0969856 -0.00573198 0.0459412 -1.06849 0.528615 0.404637 -0.352864 -0.35276 -0.299533 0.764825 -1.42408 -1.87494 -2.11576 0.999708 -0.413257 -1.33867 -0.500333 0.500033 0.0690167 0.060423 0.0121849 0.010625
  0 0 0 0.0969858 -0.00604614 0.0459412 -0.845904 1.38288 0.383588 -0.0625339 0.345469 -1.22074 1.4047 -0.843842 -1.53614 -1.5352 1.70336 -1.32159 -0.976629 -0.500115 0.499471 0.0690167 0.060423 0.0121849 0.010625
  0 0 0 0.0969859 -0.00122903 0.0459412 -1.28473 1.49696 0.400448 0.790555 1.14567 -1.08332 0.533577 -1.47258 -1.79166 -1.90323 0.878461 -0.490472 -0.677075 -0.499867 0.499597 0.0690167 0.060423 0.0121849 0.010625
  0 0 0 0.0969862 0.00535784 0.0458373 -1.18458 -0.276657 0.401286 -0.352695 -0.35276 -0.649475 0.481783 -1.86798 -0.433185 -1.98547 2.10581 -0.828115 -0.420524 -0.498897 0.501229 0.0690167 0.060423 0.0121849 0.010625
  0 0 0 0.0969863 -0.0148426 0.0458373 -0.444636 -0.0865526 0.400972 -0.118891 0.898399 -0.514376 0.553157 -0.258389 -1.49372 -1.10505 1.39908 -0.38676 -0.108474 -0.500028 0.499624 0.0690167 0.060423 0.0121849 0.010625
  0 0 0 0.0969866 0.002122 0.0459412 -0.74766 1.2264 0.401286 -0.0779302 -0.351068 -2.08504 1.34383 -1.54149 -1.34911 -2.44977 2.38677 -1.6758 -1.19197 -0.500072 0.499889 0.0690167 0.060423 0.0121849 0.010625
  0 0 0 0.0969867 0.00214295 0.0458373 -0.883212 0.0243765 0.401286 -0.0971332 -0.351999 -0.799664 0.749415 -1.09458 -0.758427 -1.08394 1.68959 -1.28201 -1.28442 -0.501869 0.500598 0.0690167 0.060423 0.0121849 0.010625
  0 0 0 0.0969869 0.0161544 0.0459412 0.238033 -0.207455 0.401286 0.76598 0.0115054 -1.34068 0.361068 -1.8542 -1.26541 -3.06711 1.58379 -1.11854 -0.11467 -0.447165 0.502913 0.0690167 0.060423 0.0121849 0.010625
  0 0 0 0.0969872 -0.0047895 0.0459412 -0.741508 1.4284 0.401286 0.177893 0.959062 -0.897368 1.27778 -1.06939 -1.63076 -1.53301 1.16058 -0.482071 -0.982342 -0.502578 0.499867 0.0690228 0.060425 0.012186 0.0106254
  0 0 0 0.0969874 -0.00824525 0.0459412 -1.56562 1.01355 0.394689 -0.352525 0.0326119 -0.988866 0.893253 -1.65021 -0.228132 -2.21722 1.56759 -1.46495 -0.123141 -0.499637 0.498706 0.0690228 0.060425 0.012186 0.0106254
  0 0 0 0.0969874 0.00536832 0.0459412 -0.494629 1.42532 0.399506 -0.107454 0.0131127 -0.97894 0.483386 -0.807852 -1.99477 -1.64702 1.37641 -0.522086 -0.587007 -0.499058 0.500272 0.0690228 0.060425 0.012186 0.0106254
  0 0 0 0.0969875 -0.00300927 0.0459412 -0.426812 1.68632 0.400029 1.14159 0.453505 -1.85411 0.802653 -1.75387 -2.11927 0.359172 0.596109 -1.94602 -0.994385 -0.499941 0.462476 0.0690228 0.060425 0.012186 0.0106254
  0 0 0 0.0969875 0.0129081 0.0459412 -0.360221 1.3469 0.395841 0.623641 0.717704 -0.294802 1.26462 -1.06288 -1.52803 -0.53312 1.73587 -0.847911 -0.632213 -0.500333 0.499471 0.0690228 0.060425 0.012186 0.0106254
  0 0 0 0.0969876 -0.00311399 0.0458373 -1.70492 1.5293 0.404637 -0.204992 0.0712294 -0.138505 0.242694 -1.70783 -0.258505 -1.20293 0.69711 -0.681794 -1.71748 -0.494851 0.500054 0.0690228 0.060425 0.012186 0.0106254
  0 0 0 0.0969876 -0.001428 0.0458373 -1.55384 1.57618 0.404637 -0.0909578 0.679382 -0.161115 1.22743 -1.74243 -0.597297 -1.51351 1.49158 -0.213595 -1.21933 -0.500898 0.499989 0.0690228 0.060425 0.012186 0.0106254
  0 0 0 0.0969876 0.00819575 0.0459412 -0.602656 0.12966 0.394689 -0.190103 0.246679 -0.60177 0.438647 -1.31391 -0.424991 -1.55071 0.84838 -0.171813 -0.953661 -0.500363 0.499989 0.0690228 0.060425 0.012186 0.0106254
  0 0 0 0.0969879 0.00884501 0.0459412 -0.587816 0.740109 0.394479 0.70481 0.85572 -0.564407 0.0363171 -0.958819 -1.07866 -0.91653 0.651006 -0.670525 -0.493293 -0.499767 0.500729 0.0690228 0.060425 0.012186 0.0106254
  0 0 0 0.0969879 0.000132327 0.0459412 -0.824515 0.393643 0.396783 0.238624 -0.0525583 -0.524318 0.576873 -1.90414 -0.400843 -1.50397 1.22109 -0.116522 -0.288801 -0.501721 0.499772 0.0690228 0.060425 0.012186 0.0106254
  0 0 0 0.096988 0.0054102 0.0458373 -1.22131 0.36305 0.391757 -0.352864 0.121183 -1.29867 1.81642 -1.38832 -0.262443 -2.22058 2.53231 -1.21182 -0.641702 -0.499898 0.50025 0.0690228 0.060425 0.012186 0.0106254
  0 0 0 0.096988 -0.0115963 0.0458373 -1.47359 0.812901 0.397097 0.186767 -0.352168 -1.25906 0.424392 -1.54801 -1.56984 -1.60323 1.47573 -1.0598 -0.270144 -0.499724 0.499563 0.0690228 0.060425 0.012186 0.0106254
  0 0 0 0.096988 -0.00362711 0.0458373 -0.923754 0.533257 0.397516 -0.0406238 -0.31707 -0.581405 1.29125 -2.00288 -0.600193 -1.91092 1.71647 -0.499579 -1.32501 -0.501203 0.500033 0.0690228 0.060425 0.012186 0.0106254
  0 0 0 0.096988 0.00652023 0.0458373 -0.5132 0.271604 0.396888 -0.187498 -0.298535 -1.44139 0.837931 -1.00266 -0.514488 -2.46841 1.20259 -0.947329 -1.2674 -0.500028 0.500202 0.0690228 0.0601451 0.012186 0.0105746
  0 0 0 0.096988 -7.71121e-05 0.0458373 -1.33107 0.685059 0.396364 0.0988563 -0.256034 -0.168619 1.7969 -1.87041 -1.65311 -0.522996 2.216 -1.09952 -1.59679 -0.49881 0.499798 0.0690228 0.0601451 0.012186 0.0105746
  0 0 0 0.0969882 0.01783 0.0459412 -1.00442 1.09354 0.392385 -0.067102 -0.114626 -0.401005 1.86997 -0.361755 -1.60635 -1.02424 2.41413 -0.644028 -1.49369 -0.500507 0.499815 0.0690228 0.0598079 0.012186 0.0105133
  0 0 0 0.0969882 -0.0126435 0.0458373 -0.843003 0.479451 0.391757 1.09493 0.343143 -0.462742 1.00326 -0.917385 -1.5454 -0.513278 1.2628 -1.06661 -0.747894 -0.502922 0.499611 0.0690228 0.0596014 0.012186 0.0104758
  0 0 0 0.0969882 -0.000391271 0.0458373 -0.500598 0.460946 0.402857 0.444105 0.644445 -0.371548 -0.565174 -0.553504 -1.10921 -0.595421 1.58321 -1.34987 -0.09858 -0.499419 0.499685 0.0690228 0.0596014 0.012186 0.0104758
  0 0 0 0.0969883 0.00997598 0.0459412 -1.5754 1.04811 0.400763 0.22206 0.587208 -1.25781 0.90605 -1.79513 -2.11724 -1.06351 2.98971 -1.46217 -1.00166 -0.499724 0.499571 0.0690228 0.0596014 0.012186 0.0104758
  0 0 0 0.0969885 -7.71121e-05 0.0458373 -1.29285 2.13485 0.399715 0.803735 0.969712 -1.29338 1.62175 -1.53382 -1.93425 -1.06346 1.48111 -1.14943 -0.115575 -0.501029 0.493567 0.0690228 0.0596014 0.012186 0.0104758
  0 0 0 0.0969886 0.0126882 0.0458373 -0.382788 1.58377 0.402962 -0.0195597 -0.35276 -1.83297 0.357235 -2.11855 -1.19057 -1.84931 1.26962 -1.51973 -1.72507 -0.499767 0.499689 0.0690228 0.0596014 0.012186 0.0104758
  0 0 0 0.0969886 -0.00308257 0.0458373 -1.42965 1.08752 0.400972 1.2953 -0.118771 -1.2517 1.51921 -1.75781 -2.07134 -0.897614 2.22028 -0.567675 -1.3626 -0.500294 0.500202 0.0690228 0.0596014 0.012186 0.0104758
  0 0 0 0.0969887 -0.00698862 0.0458373 -0.143055 1.30412 0.386521 -0.0904079 -0.0239229 0.345687 0.67501 -0.306742 -1.55307 -0.392031 0.622123 -0.512336 -1.6764 -0.49941 0.500542 0.0690228 0.0596014 0.012186 0.0104758
  0 0 0 0.0969888 0.00254088 0.0459412 0.0204697 0.0604409 0.393642 -0.208968 -0.351322 -1.94224 1.92299 -1.26947 -2.11855 -1.70597 1.83953 -1.87081 -1.97838 -0.495982 0.507473 0.0690228 0.0596014 0.012186 0.0104758
  0 0 0 0.0969888 -0.0125388 0.0459412 0.00272767 0.829317 0.394898 0.417762 0.545553 0.0442197 0.751195 -0.352273 -1.80137 -0.448489 2.59403 -0.754498 -0.753176 -0.500289 0.499471 0.0690228 0.0596014 0.012186 0.0104758
  0 0 0 0.0969889 0.0042897 0.0459412 0.19003 1.04479 0.391547 -0.168227 1.24659 -1.9382 1.10659 -0.846259 -1.64037 -2.45069 1.23237 -1.64829 -0.515352 -0.499824 0.499815 0.0690228 0.0596014 0.012186 0.0104758
  0 0 0 0.0969889 -0.0063603 0.0459412 -0.832457 1.02149 0.393013 0.180795 -0.341721 -0.785777 0.104308 -2.11956 -0.550391 -1.01823 0.778443 -0.651464 -0.835056 -0.499859 0.499641 0.0690228 0.0596014 0.012186 0.0104758
  0 0 0 0.096989 -0.0053131 0.0459412 -1.0836 0.533448 0.407046 0.145417 0.324211 0.135414 1.12336 -0.294871 -1.16292 -0.504543 2.41748 -0.758074 -0.62067 -0.502543 0.498658 0.0690228 0.0596014 0.012186 0.0104758
  0 0 0 0.0969892 0.000655926 0.0459412 -0.151238 0.440734 0.396783 -0.0513674 1.00231 -0.612626 0.403642 -1.69596 -1.34562 -2.95786 0.205474 -0.799964 -1.00243 -0.505032 0.49985 0.0690228 0.0596014 0.012186 0.0104758
  0 0 0 0.0969892 0.0132223 0.0458373 -0.928479 1.14627 0.396678 0.0399867 -0.350476 -0.844226 1.35729 -1.00936 -1.85271 -1.08284 1.94244 -1.29832 -1.33097 -0.499289 0.499989 0.0667492 0.0596014 0.0117735 0.0104758
  0 0 0 0.0969892 -0.00468478 0.0458373 -0.85063 0.850624 0.396678 0.56209 0.482784 -0.711933 1.00406 -0.693425 -1.16538 -0.972006 1.44542 -1.29675 -0.615614 -0.501055 0.498753 0.0667164 0.0596014 0.0117675 0.0104758
  0 0 0 0.0969892 -0.00698862 0.0458373 -1.02846 0.813316 0.400658 -0.164818 0.470094 -0.139178 1.00332 -1.90045 -1.79209 -2.84372 1.5227 -0.869531 -0.481585 -0.49985 0.499123 0.0667164 0.0596014 0.0117675 0.0104758
  0 0 0 0.0969893 0.012594 0.0458373 -1.48445 -0.0735362 0.400658 1.12828 -0.351153 -0.932999 1.40405 -0.747424 -1.8639 -0.781573 2.46602 -1.98885 -1.80704 -0.500289 0.500337 0.0667164 0.0596014 0.0117675 0.0104758
  0 0 0 0.0969894 -0.0111774 0.0459412 -2.13494 1.05927 0.400658 0.800673 -0.191861 -2.40283 0.270114 -1.96489 -0.531426 -0.000984301 0.684748 -0.942608 -1.47738 -0.498962 0.499946 0.0667164 0.0596014 0.0117675 0.0104758
  0 0 0 0.0969896 -0.00468478 0.0458373 -0.79131 1.32933 0.38872 -0.352356 0.218932 -0.752535 0.970769 -1.10631 -0.762625 -2.3002 1.27581 -0.81628 -1.34781 -0.500898 0.500033 0.0667164 0.0596014 0.0117675 0.0104758
  0 0 0 0.0969896 0.00997598 0.0458373 -0.0548924 0.850624 0.389872 -0.352864 1.11372 -0.452656 0.357347 -0.787236 -1.44522 -1.98184 0.396595 -1.82356 -0.812518 -0.500072 0.499902 0.0667164 0.0596014 0.0117675 0.0104758
  0 0 0 0.0969896 0.00693911 0.0458373 -0.332132 1.15481 0.390709 -0.352272 0.877673 -1.60479 0.660258 -2.05514 -1.6576 -2.49819 0.724067 -1.89143 -0.973675 -0.500072 0.500163 0.0667164 0.0596014 0.0117675 0.0104758
  0 0 0 0.0969896 0.0101645 0.0459412 -1.07539 0.631717 0.390709 -0.352864 -0.0973513 -0.0833586 1.05696 -1.36979 -1.70146 -1.38307 2.70001 -1.24281 -1.0553 -0.497174 0.499902 0.0667164 0.0596014 0.0117675 0.0104758
  0 0 0 0.0969898 0.00474 0.0459412 -0.147524 1.41389 0.390709 -0.353625 0.336688 -1.22536 0.797682 -0.950538 -1.79758 -2.26223 0.805053 -0.734353 -1.31213 -0.499811 0.499767 0.0667164 0.0596014 0.0117675 0.0104758
  0 0 0 0.09699 2.76076e-05 0.0459412 -0.811996 0.860573 0.397621 -0.340851 0.151848 -1.50537 0.47617 -1.60316 -0.413873 -1.51733 1.0509 -1.63125 -0.637508 -0.499811 0.50032 0.0657768 0.0596014 0.011597 0.0104758
  0 0 0 0.0969901 -0.00217151 0.0459412 -0.298472 1.33704 0.397935 -0.352948 0.193917 -1.25329 1.16249 -0.709929 -1.5965 -2.12877 1.58732 -1.50198 -0.945916 -0.500898 0.499815 0.0656611 0.0596014 0.011576 0.0104758
  0 0 0 0.0969902 -0.00259039 0.0459412 -1.12066 0.706283 0.398878 0.912389 0.636916 -0.964813 0.160913 -1.86172 -0.776813 -1.41101 0.686814 -0.341959 -0.643747 -0.501956 0.499859 0.0656611 0.0596014 0.011576 0.0104758
  0 0 0 0.0969905 0.00285504 0.0458373 -0.460969 1.76185 0.391757 -0.192599 0.986547 -1.43241 0.0685805 -2.11927 -2.12 -1.08596 1.65089 -1.35661 -0.108979 -0.433568 0.544542 0.0656611 0.0596014 0.011576 0.0104758
  0 0 0 0.0969905 -0.0058367 0.0458373 -0.502489 1.38554 0.391652 0.0871314 -0.351914 -0.813117 0.874123 -0.316341 -1.61276 -1.18668 1.79921 -1.39617 -1.39428 -0.503596 0.499859 0.0656611 0.0596014 0.011576 0.0104758
  0 0 0 0.0969905 -0.00719806 0.0458373 -1.05193 1.55641 0.391652 -0.120515 -0.210049 -1.42487 1.42398 -2.11869 -1.93208 -2.13172 1.67108 -1.32986 -1.3599 -0.500368 0.50012 0.0656611 0.0596014 0.011576 0.0104758
