  0.328302 0 0 115.707 -0.37554 0 -0.741517 0.294834 0.812879 -0.854118 2.08405 -0.279579 0.103293 -1.17411 -12.7321 -0.878014 -0.0653489 0.678296 -0.141519 -0.0535329 0.160139 0 0 -5.00454 -2.2787
  0.328302 0 0 237.776 -0.100623 0 0.28061 -0.516475 0.356317 3.28482 0.892133 0.308169 -1.00928 0.473848 0.937913 0.486504 -1.63587 -0.37322 -0.36424 0.115569 -0.00836548 0 0 -5.00469 -2.27811
  0.328302 0 0 273.836 -0.0968227 0 0.264595 -0.451477 0.727165 2.82536 0.478198 -0.219534 -1.41 -1.24037 -0.90974 -0.262457 -0.2625 2.82035 0.316374 0.0424891 0.0318408 0 0 -5.00444 -2.27758
  0.328302 0 0 285.593 -0.164321 0 -0.964934 -0.792693 0.493007 -1.5019 -1.25207 -0.0336018 -0.770032 -12.4493 0.0769513 -0.558063 0.26371 0.32849 -0.0879813 -0.00899731 0.00502132 0 0 -3.49122 -2.63838
  0.328302 0 0 289.724 -0.177517 0 0.236011 0.171277 0.161941 3.81191 0.40234 -0.00509865 -0.48423 1.04151 0.074312 0.164882 -0.589413 -0.415802 0.0018527 0.0394023 -0.0400105 0 0 -5.00392 -2.2785
  0.328302 0 0 291.212 -0.311439 0 -0.906074 0.403633 0.222799 0.170592 1.94483 -0.393763 0.331352 -1.29765 -1.27891 -0.55653 0.0308826 0.563935 1.46382 -0.0386063 -0.0626793 0 0 -5.00422 -2.27862
  0.328302 0 0 291.896 -0.354611 0 0.381244 -0.741077 -0.103244 -0.497871 -22.4006 0.822111 0.66949 0.883144 0.471815 0.247548 0.474355 0.773417 -0.107881 -0.0535362 -0.0278772 0 0 -4.97589 -2.26974
  0.328302 0 0 292.105 -0.111122 0 -0.293956 -0.579312 0.732539 2.08399 -22.7951 -0.730682 -0.942502 -0.0601211 -2.14618 0.642839 0.31986 -0.265543 2.00576 0.0159106 0.0845185 0 0 -4.98548 -2.32568
  0.328302 0 0 292.1 -0.209848 0 0.305428 0.647801 -0.124485 0.107005 3.55253 0.709441 -0.988604 0.463614 0.899431 0.263709 -1.44741 -0.0755618 -1.58338 -0.0204535 0.118211 0 0 -4.99129 -9.7171
  0.328302 0 0 292.376 -0.19502 0 -0.800116 -0.711958 -0.184238 0.418055 -22.5452 -0.66529 -1.78458 -0.612894 -1.13835 0.378828 0.0148482 0.243195 1.71439 -0.054956 -0.0845332 0 0 -5.00573 -1.90639
  0.328302 0 0 292.118 -0.285119 0 0.282206 -0.00580647 0.497252 3.64718 1.17492 0.17747 -0.230754 0.224772 -1.50866 0.264928 0.209685 -0.802673 3.31763 -0.0171792 0.217576 0 0 -5.00239 -1.9059
  0.328302 0 0 291.888 -0.195003 0 -0.764457 0.271828 0.669693 -22.5092 -1.4389 -0.708481 -0.605128 -2.6818 0.327605 -1.79126 -0.672473 0.0616712 0.7315 0.0048476 -0.0407456 0 0 -5.00309 -1.90573
  0.328302 0 0 291.899 -0.357362 0 0.283255 -0.776516 -0.193709 2.83523 0.246476 0.721976 1.06996 0.353911 0.892346 0.978033 0.177142 1.2515 2.31421 -0.0972957 -0.317601 0 0 -5.00968 -3.78208
  0.328302 0 0 292.613 -0.117024 0 -0.632687 0.306963 -0.139457 -22.3616 3.27945 -0.591127 -1.52921 -1.04246 0.763361 -0.0826916 -2.01374 0.630536 -0.09218 -0.0546529 -0.00310309 0 0 -4.99368 -2.12982
  0.328302 0 0 292.449 -0.264979 0 0.586384 -0.746341 -0.118365 1.7907 0.231468 0.0574264 3.15478 -1.26133 0.246085 -0.389198 1.33213 3.00945 -0.334826 -0.0582259 -0.000102491 0 0 -4.98173 -1.9192
  0.328302 0 0 292.008 -0.320255 0 -0.660524 0.470366 0.507469 -0.243559 -1.08521 -0.481307 -1.72764 -0.103863 0.0549119 0.139151 -0.241299 2.93541 1.90343 0.0604767 -0.201296 0 0 -4.99303 -1.90665
  0.328302 0 0 291.754 -0.0972659 0 0.213451 -0.293992 0.184588 1.40075 3.14187 0.428101 -0.244113 0.093128 -0.85418 0.931285 -0.557729 -1.20801 0.142062 0.0397471 -0.0338499 0 0 -5.00296 -1.90533
  0.328302 0 0 291.674 -0.189263 0 -0.538147 0.925036 -0.194939 -0.741261 -0.914779 -2.25302 -1.31925 0.276007 -12.7981 -1.58658 0.348854 0.144375 1.01325 -0.033868 0.0358365 0 0 -5.00288 -1.90663
  0.328302 0 0 291.655 -0.161823 0 0.319047 -0.686344 0.479995 1.64104 -22.5472 1.1063 0.227095 -1.00267 -0.128491 0.998619 0.0916715 1.13168 0.4428 -0.0822462 -0.0259671 0 0 -5.0051 -1.91838
  0.328302 0 0 291.418 -0.162831 0 -0.561102 0.331645 0.248536 4.08431 2.11183 -0.0405429 -0.847179 -0.339112 -0.281103 1.64964 0.332727 0.0474751 3.02295 -0.0596222 0.095226 0 0 -5.01527 -1.90779
  0.328302 0 0 291.352 -0.290056 0 -0.59937 -0.533389 0.318318 0.615737 3.07661 -0.385309 -1.25107 -1.02318 0.200539 -0.205387 -0.599163 1.63446 -1.86709 0.0121632 0.0406901 0 0 -5.00317 -1.90673
  0.328302 0 0 291.476 -0.265021 0 0.268131 -0.268459 0.571913 2.46961 -1.43007 -0.0376405 -0.00711048 -0.0555122 -1.15721 0.128236 0.0585416 2.92775 1.96456 0.0183149 0.0478698 0 0 -5.00159 -1.90408
  0.328302 0 0 291.331 -0.0746448 0 0.153146 0.84001 0.256692 0.309154 1.3198 -1.22467 -1.38748 0.752702 -12.8295 -0.765589 -0.0653316 0.344205 1.72901 -0.0257427 -0.0672068 0 0 -5.00423 -1.90357
  0.328302 0 0 291.319 -0.280468 0 0.470278 -0.596972 0.141766 -22.4124 -11.4227 -2.55166 -0.167214 -0.237273 0.0188303 -1.69821 0.449128 -0.0797433 0.921758 -0.0188852 -0.0596488 0 0 -4.9906 -1.88214
  0.328302 0 0 291.3 -0.339191 0 0.642883 -0.636787 0.503872 3.04899 2.3396 0.363359 0.355685 -0.0561613 0.368927 0.177915 0.0594571 2.83216 1.94021 0.0331167 -0.295681 0 0 -5.06729 -1.90345
  0.328302 0 0 291.462 -0.0302333 0 -0.74001 0.441217 0.27973 0.0336644 -22.5409 -0.488142 -0.747952 -0.623586 -0.170649 0.692294 0.451512 0.570511 0.282677 -0.146363 -0.0154691 0 0 -5.00215 -1.90433
  0.328302 0 0 292.863 -0.352322 0 0.397361 -0.134008 0.374961 -22.5856 1.60314 -1.33781 -1.60923 -0.238274 0.677612 -0.572159 -1.66069 0.419545 0.840165 0.0196277 0.102794 0 0 -4.76837 -1.91084
  0.328302 0 0 292.528 -0.0772383 0 0.268706 -0.813405 0.603892 0.378793 2.37044 -1.07037 -0.804309 -12.6738 -0.730533 -1.64136 -0.68158 0.10933 -0.259709 -0.0199001 -0.00337447 0 0 -5.00164 -1.90649
  0.328302 0 0 291.768 -0.164687 0 -0.764046 0.294754 0.182701 -22.5138 -1.87282 0.974155 -0.44891 -0.48415 -1.20482 -0.413903 0.225352 1.63691 2.20995 -0.0473425 -0.0901798 0 0 -5.00033 -1.90717
  0.328302 0 0 291.459 -0.339636 0 -0.728497 -0.797795 0.589961 3.05552 1.44154 -0.417939 -5.58408 0.916509 -1.01792 0.93516 -0.217865 1.07342 -0.0119806 -0.0239371 -0.0294609 0 0 -4.97946 -2.01961
  0.328302 0 0 291.372 -0.110008 0 0.370353 0.188373 -0.218204 -21.9803 -0.992849 -0.802408 0.893852 -9.36388 0.620988 -1.82222 0.146621 0.0378013 0.658499 -0.0375078 -0.0624461 0 0 -5.00178 -1.90703
  0.328302 0 0 291.25 -0.374567 0 -0.811154 -0.6233 0.694418 1.448 -1.08526 -0.307868 -1.63468 -2.1407 0.948198 0.36307 -1.78346 0.886236 0.103371 -0.086432 -0.0124948 0 0 -4.81943 -1.95216
  0.328302 0 0 291.332 -0.0149905 0 0.320346 0.215528 -0.175765 -22.3577 2.31659 0.929112 1.46333 0.235833 -0.672419 -0.24699 0.00558103 0.651339 1.04189 -0.0432624 -0.0560715 0 0 -5.00095 -1.90595
  0.328302 0 0 291.687 -0.347378 0 -0.793419 0.3792 0.642443 -3.02844 -4.66352 0.826723 -1.10172 -1.03221 0.104069 0.057178 -0.622955 0.579427 2.10259 -0.0137621 -0.0241929 0 0 -4.99455 -1.90429
  0.328302 0 0 291.697 -0.279667 0 0.496979 -0.617098 0.654398 -22.2293 0.902353 -1.52199 -1.01575 0.737586 -1.119 -0.249793 0.184218 0.0891047 1.86643 -0.0253154 0.00175248 0 0 -4.97477 -1.92381
  0.328302 0 0 291.59 -0.233099 0 -0.614378 -0.324659 -0.137188 1.1 -22.5261 0.639831 0.502444 -1.30527 -0.225562 0.183398 0.821147 1.6989 -2.31357 0.114477 -0.0582063 0 0 -4.98174 -1.91168
  0.328302 0 0 291.863 -0.358546 0 -0.699608 0.251901 -0.140082 1.04288 -13.8627 -0.436817 1.25243 -0.149334 -1.56803 0.104939 0.116554 2.83255 1.70647 0.0971007 -0.0314543 0 0 -5.12157 -1.83807
  0.328302 0 0 291.927 -0.144709 0 0.196992 -0.576653 -0.119922 -0.573276 -22.78 -1.10597 -2.34535 0.0183367 -1.95419 -0.0785051 0.277082 0.483308 2.00811 -0.114466 0.0311683 0 0 -5.00462 -1.92422
  0.328302 0 0 291.67 -0.11462 0 -0.892748 0.368797 -0.1368 0.883383 -22.6149 0.851786 0.988798 -0.681108 -3.25067 0.126114 0.735293 0.783943 0.0635582 -0.0454335 -0.0207708 0 0 -5.00579 -1.91144
  0.328302 0 0 291.417 -0.288879 0 0.308374 0.33247 -0.12592 3.91248 -22.292 -0.128788 -0.181044 0.719487 0.637164 0.765383 -0.636719 0.373627 1.45879 -0.0803802 -0.0523269 0 0 -5.00101 -1.90541
  0.328302 0 0 291.405 -0.106494 0 -0.630432 -0.727728 -0.0842915 0.318988 -22.6004 -0.0529557 1.99153 -0.954019 -1.4889 -0.0742078 0.733327 0.634594 0.90624 -0.145046 0.109864 0 0 -4.97081 -1.90915
  0.328302 0 0 291.219 -0.217657 0 0.423277 0.403273 0.163711 -0.435512 2.65854 1.06964 -0.640323 0.328944 0.35471 1.08414 -0.253598 1.65039 0.568269 0.0485239 0.00121261 0 0 -4.99146 -1.90096
  0.328302 0 0 291.076 -0.363583 0 0.234717 -0.62389 -0.227303 2.58297 -0.283794 0.211817 -0.236484 -0.622979 -1.07064 0.591591 0.0131672 -0.237424 0.570208 -0.103196 -0.0733651 0 0 -4.99983 -1.90649
  0.328302 0 0 291.008 -0.133963 0 0.352974 0.433368 0.244771 -22.4614 -0.0873055 -1.85805 -1.65451 -1.73852 1.05104 -1.12625 -0.827395 -0.224975 0.440476 0.00234866 -0.0489954 0 0 -5.00951 -1.85382
  0.328302 0 0 291.013 -0.300619 0 -0.77488 -0.227716 0.227753 2.69227 2.49086 0.896608 0.716447 -1.29685 -0.0271771 0.257636 -0.125729 2.23141 -0.127129 -0.0416455 0.0736106 0 0 -4.92491 -1.85869
  0.328302 0 0 291.152 -0.159003 0 -0.679665 -0.622339 0.271837 0.616694 0.481254 0.244257 -0.491736 -1.11844 0.389529 -0.0128015 -0.422046 3.04869 1.20569 0.0286334 -0.0375506 0 0 -4.84377 -1.87474
  0.328302 0 0 291.029 -0.238552 0 -0.551363 0.163903 0.676093 0.235966 -0.230423 0.46379 -1.27776 1.01317 -1.30759 1.33472 0.205328 -0.609123 1.45986 0.0133181 0.0360293 0 0 -5.00004 -1.90658
  0.328302 0 0 290.993 -0.337095 0 0.317448 0.374307 0.132298 -0.819535 -1.59473 -0.0600683 -0.823871 -1.61824 -0.0858362 -0.640439 0.352268 2.0425 0.716078 0.0471211 -0.165157 0 0 -4.99049 -9.21572
  0.328302 0 0 291.437 -0.0618099 0 -0.727155 -0.608951 -0.241241 -13.683 2.6624 -0.883772 0.330438 -0.050384 0.948562 -0.0505606 -0.728963 1.93935 0.139387 -0.132896 -0.0288566 0 0 -4.92519 -1.41959
  0.328302 0 0 291.247 -0.327117 0 0.409765 0.06582 0.491745 3.17065 1.37404 0.190633 0.235336 0.623339 -1.48955 0.141708 0.16459 -1.21804 2.03585 -0.0951129 0.00395757 0 0 -4.9994 -1.45486
  0.328302 0 0 291.066 -0.100714 0 -0.616819 0.0641333 0.46458 1.30469 2.66797 -0.388358 -0.677138 1.31131 0.469265 0.487352 0.0638969 0.237142 1.73619 -0.0619376 -0.0861253 0 0 -4.99307 -1.4596
  0.328302 0 0 290.8 -0.36767 0 0.296039 -0.381774 0.0969343 1.68567 2.1103 0.149207 -1.31214 -1.10237 1.58569 -0.370408 -1.63789 2.84684 -0.640314 -0.00781623 -0.01404 0 0 -4.96736 -1.43062
  0.328302 0 0 290.594 -0.0610988 0 0.329127 -0.697578 0.528163 -0.598082 0.790898 0.0271468 1.73853 -11.4973 3.84481 -0.501549 0.700452 0.482117 -0.103976 -0.0733323 -0.0519366 0 0 -4.9993 -1.45275
  0.328302 0 0 290.746 -0.333372 0 0.225033 -0.918237 0.294945 2.07732 -23.9832 -0.0372534 -1.23311 0.0677291 -1.08595 0.23472 -0.857369 0.66383 0.607456 -0.00164752 -0.027789 0 0 -4.4826 -0.853928
  0.34264 0 0 -666.087 -0.17052 0 -0.696827 0.368559 0.821871 -0.774325 -22.5931 -1.59557 1.5489 -1.4916 -1.97218 -1.46768 0.975089 0.0734068 -0.253413 -0.00760624 0.015558 0 0 -2.18728 -0.627027
  0.342637 0 0 45.1449 -0.0788042 0 -0.584834 -1.34318 0.449409 -23.4435 1.37312 0.125481 -1.09693 -1.70825 0.0685387 0.0167187 -0.054208 -0.130744 1.5941 -0.0329163 0.120752 0 0 -1.94175 -0.690619
  0.342637 0 0 206.422 -0.0805425 0 0.606528 -0.981732 0.240592 3.40387 -1.56704 -0.0790158 -1.08863 -3.98347 -0.161394 -0.147418 0.24726 2.83941 1.11165 0.0261123 -0.135792 0 0 -1.26731 0.0226434
  0.342637 0 0 265.606 -0.355956 0 -0.725028 0.209437 0.738573 2.07524 2.34783 -0.349492 0.192932 1.49884 -12.8909 1.98597 0.240639 -0.0587204 0.920165 -0.0214802 -0.0650225 0 0 -2.18396 -0.624526
  0.342637 0 0 290.039 -0.356898 0 0.294744 0.156752 0.128579 2.53004 3.58356 -0.966178 -0.362845 -0.0449187 1.50657 -0.356346 -1.6314 3.40485 -0.357888 0.0932191 0.019227 0 0 -2.18833 -0.626508
  0.342637 0 0 297.823 -0.374458 0 0.473204 0.662409 0.260409 0.204389 0.215584 -2.45848 -1.20884 -12.7933 -1.52867 0.00272456 -0.0865316 -1.70885 2.02921 0.214988 -0.067886 0 0 -2.18006 -0.641852
  0.342637 0 0 300.187 -0.11701 0 0.289782 -0.264336 0.710209 0.217854 3.03528 -2.48244 -0.589677 1.47159 0.801409 -0.57531 -0.765394 -3.58651 -1.99085 -0.296667 -0.2038 0 0 -2.18461 -8.37499
  0.342637 0 0 300.957 -0.223344 0 -0.83299 -0.65448 0.473499 -10.4101 -22.4361 0.873879 -0.145732 -0.0810425 -1.91872 0.116724 0.378725 1.24186 1.68705 0.0204707 -0.0850233 0 0 -2.18901 -0.630271
  0.342637 0 0 301.29 -0.243602 0 0.144922 0.430108 -0.234436 2.5359 2.49912 -1.03224 0.976451 0.654826 0.737773 0.538295 0.0538917 0.258648 1.62621 -0.0128167 -0.007575 0 0 -2.27721 -0.621153
  0.342637 0 0 301.353 -0.0900988 0 -0.687206 0.4766 0.756161 2.57513 2.22585 0.677167 -0.775975 -0.950127 -0.207554 -0.0650654 -0.936226 2.01628 0.263254 -0.0877407 0.0473712 0 0 -2.18491 -0.625043
  0.342637 0 0 301.639 -0.067186 0 0.278399 -1.43663 -0.12182 -8.69552 -22.3798 1.3417 -0.286024 -1.59562 -0.296628 -1.13944 0.135337 0.39675 2.03099 -0.0899587 -0.206614 0 0 -2.18479 -0.624555
  0.342637 0 0 301.56 -0.368619 0 -0.0285359 0.0305176 0.604313 1.62547 1.36237 0.194636 -0.0970993 0.421042 -1.02342 0.51284 -0.108067 0.649712 3.025 -0.0771268 0.117826 0 0 -2.19057 -0.633182
  0.342637 0 0 301.486 -0.0908935 0 -0.533144 0.413625 0.0750849 0.134428 -5.32233 -2.5346 1.36636 -0.218391 -0.116108 -1.5012 1.68623 -1.47907 0.0851774 -0.101699 -0.0295937 0 0 -2.18079 -0.503059
  0.342637 0 0 301.394 -0.291565 0 -0.645066 -0.856779 0.166229 0.293302 -22.6151 1.14043 -1.41503 0.738101 0.00936198 1.04383 -0.571557 1.9245 0.585604 0.0167673 -0.133161 0 0 -2.16429 -0.590372
  0.342637 0 0 301.421 -0.0254873 0 0.564759 -0.907605 0.392085 1.64748 1.17161 -0.514274 -1.36633 -1.09148 -1.13278 -1.11164 -0.138371 1.53365 3.20667 0.0209901 0.0676138 0 0 -0.922481 2.03224
  0.342637 0 0 301.348 -0.348635 0 -0.713991 0.966747 -0.124371 -0.156994 3.67432 1.15503 0.543597 0.145957 0.0315284 0.490951 -1.5787 2.12878 -0.0472609 0.104772 -0.013167 0 0 -2.28739 -0.616294
  0.342637 0 0 301.299 -0.272483 0 -0.687175 -0.0256146 -0.207724 -18.2019 -1.30532 -0.907496 -0.0542003 -2.1166 0.297318 -1.6206 0.270136 0.238799 2.73595 -0.036809 0.148116 0 0 -2.18557 -0.644569
  0.342637 0 0 301.689 -0.147835 0 0.210633 0.982957 0.684565 1.70332 0.418214 0.410964 -1.78061 0.269646 -1.43607 0.359003 -0.0935549 2.1332 0.571133 -0.0572063 -0.0660692 0 0 -2.16536 -0.633124
  0.342637 0 0 301.543 -0.314226 0 0.324767 0.581209 -0.126872 1.52334 2.85735 -1.40629 -0.0116592 1.02206 -12.5307 0.239655 -0.853968 0.0772156 0.495462 -0.0558172 -0.0448253 0 0 -2.49476 -0.706358
  0.342637 0 0 301.309 -0.0522081 0 -0.122654 -0.478188 -0.193089 0.481972 3.12118 0.687089 0.344548 0.403061 0.743936 0.222489 -0.17153 0.132416 1.78772 -0.00107511 -0.0264481 0 0 -2.18601 -0.625396
  0.342637 0 0 301.605 -0.335458 0 -0.749267 0.489354 0.774277 -0.700705 0.605332 0.836635 -1.7925 -0.765823 1.35672 -0.476375 -1.66219 1.7639 -0.0629621 -0.139373 -0.0433846 0 0 -2.15295 -0.655352
  0.342637 0 0 301.446 -0.119171 0 0.346572 -0.040859 -0.108125 2.08193 4.07223 -0.96757 0.71866 -1.12718 0.0801408 -0.299314 -0.318883 0.948158 0.161508 0.0729435 0.0025528 0 0 -2.18759 -0.871207
  0.342637 0 0 301.742 -0.0686941 0 0.234756 -0.15481 -0.235363 -0.623405 0.0634723 -0.722478 -1.61381 0.0244093 -0.407664 -0.22064 -1.67371 1.63789 0.206711 -0.0117977 -0.00249654 0 0 -2.10599 -0.643008
  0.342637 0 0 301.424 -0.272714 0 0.152666 0.190748 0.343446 3.41573 2.06099 0.42758 -0.879648 0.473626 -0.749793 1.2938 -0.071203 -0.526503 -0.327554 -0.0159938 -0.0343959 0 0 -2.18601 -0.625494
  0.342637 0 0 301.404 -0.296657 0 -0.608743 -0.650796 0.593831 -0.0286283 -1.73031 0.61047 -0.0577495 -1.17769 -0.549783 -0.214473 0.120165 3.25173 0.993561 0.397159 0.0121454 0 0 -2.1387 -0.640513
  0.342637 0 0 301.284 -0.0889659 0 -0.564402 -0.701676 -0.238028 -15.5451 1.74031 -1.30936 1.92886 -0.182272 1.03198 -1.34545 0.781449 0.168934 -0.075708 5.58333e-05 -0.0203629 0 0 -2.18692 -0.623024
  0.342637 0 0 301.223 -0.366257 0 -0.706348 0.279864 0.691972 2.50218 -3.77564 0.202819 -1.44951 -0.712366 -1.25261 0.406705 -0.218282 1.78409 1.57814 -0.14329 -0.0238408 0 0 -3.3367 -0.628697
  0.342637 0 0 301.21 -0.110014 0 0.276554 -0.54962 0.24765 -0.495148 0.863339 1.12553 1.13023 -1.42694 0.404018 -0.5793 0.404354 1.70031 0.281843 0.072395 -0.0495809 0 0 -2.1884 -0.625612
  0.342637 0 0 301.264 -0.0883936 0 0.199231 -0.576255 -0.179503 0.152072 -0.138708 -1.60002 -1.09665 0.202328 0.508667 -1.38552 -0.550096 0.192331 1.71406 0.00942125 -0.060739 0 0 -2.18188 -8.32609
  0.342637 0 0 301.097 -0.332495 0 -0.789202 0.235172 0.178778 3.22723 -1.23945 0.669018 3.0366 -0.242598 -1.17663 0.351369 1.66725 0.710461 -0.883217 -0.139363 0.0394666 0 0 -2.18877 -0.575157
  0.342637 0 0 301.224 -0.0226032 0 0.179785 0.329464 -0.200202 1.07392 -0.421265 -0.449641 2.89975 0.340662 0.900803 0.515394 1.49397 0.563181 -0.0542611 0.0184312 -0.0090598 0 0 -2.18881 -8.33269
  0.342637 0 0 301.181 -0.378529 0 0.327488 -0.59971 0.282831 3.20472 2.34439 -0.248758 -0.986074 -0.312631 0.590801 1.11423 -0.871559 -1.44714 1.91277 0.0458947 0.00971358 0 0 -2.18545 -8.2281
  0.342637 0 0 301.016 -0.109458 0 0.227011 -0.0170709 0.708919 1.5076 1.59794 0.879692 -0.661785 0.934972 0.36456 0.571881 0.241365 -0.465042 3.04181 -0.119341 0.0540643 0 0 -1.96832 -0.66128
  0.342637 0 0 301.05 -0.0626486 0 -0.746343 0.305364 -0.167415 0.399188 -0.102034 -0.961488 -0.265391 -0.728015 -13.0192 0.158074 0.963626 0.121292 0.398921 -0.0812704 -0.0297949 0 0 -2.18553 -0.47846
  0.342637 0 0 300.793 -0.190174 0 0.33079 19.9906 0.174079 3.70683 1.93032 -0.322885 0.291431 1.29425 0.530488 1.75229 -0.147992 0.73057 1.59617 0.00369847 0.192997 0 0 -1.04431 0.0301522
  0.342637 0 0 300.967 -0.24284 0 0.307898 -0.380911 0.707169 -1.56282 -22.5704 -1.23334 -2.30569 -3.3072 0.493427 -0.486912 0.167102 -0.707087 0.609911 -0.00646768 -0.0802568 0 0 -2.23094 -0.520246
  0.342637 0 0 301.03 -0.347744 0 -0.74806 -0.608494 -0.18111 9.31642 -0.690183 0.690095 1.11581 0.661168 -1.58444 0.72079 1.57794 0.080824 0.535182 0.0191548 -0.0228381 0 0 -2.18359 -0.48873
  0.342637 0 0 301.122 -0.299335 0 0.391407 0.489047 -0.241052 -0.748687 0.967435 0.283859 -1.01041 0.325335 1.23911 0.255261 -1.13858 -0.338601 0.391125 -0.0363572 -0.143009 0 0 -2.1853 -0.475145
  0.342637 0 0 301.092 -0.0815964 0 0.202582 -0.87643 0.640351 0.790093 -4.50159 -3.12561 3.2194 -1.26445 -13.2705 -0.904839 0.652635 -1.41663 -4.17767 0.0185785 -0.0361839 0 0 -1.8295 -0.42093
  0.342637 0 0 301.029 -0.364433 0 -0.457079 0.308333 0.41788 3.42618 1.58668 0.458505 -1.38248 0.693004 0.0730737 0.603929 0.184561 -0.544866 2.12689 0.0185681 -0.0995574 0 0 -2.1935 -0.477994
  0.342637 0 0 301.107 -0.0693788 0 0.449536 0.457723 -0.199026 -0.718728 3.17584 -2.92667 0.470202 -0.930553 0.819963 -1.9963 -0.738976 -0.706661 0.177914 0.0743641 -0.0147701 0 0 -2.17895 -0.481211
  0.342637 0 0 301.179 -0.343215 0 -0.705508 -0.267476 0.587868 2.61606 -1.61011 0.935755 -1.92134 -13.0025 -0.0669496 0.33956 -0.889826 2.29349 0.0181767 -0.0417589 -0.00967369 0 0 -2.24672 -0.468475
  0.342637 0 0 301.146 -0.123411 0 -0.704565 -0.601185 0.750237 2.54437 1.92757 0.451625 0.442947 1.01776 -0.995976 0.632259 0.472797 -1.59681 2.02073 0.278568 0.0560678 0 0 -2.18083 -0.478459
  0.342637 0 0 301.079 -0.11846 0 0.457655 -0.6528 -0.237552 -1.56069 3.08638 -0.693871 -0.834575 -1.84892 0.200159 -1.00111 -0.81424 0.405565 -0.858135 -0.214062 0.0617602 0 0 -2.18602 -0.475838
  0.342637 0 0 301.174 -0.0504804 0 -0.755381 0.690813 0.517297 3.38341 -4.13424 -0.513983 0.904046 0.906902 -1.80534 1.29938 0.975191 0.357443 -0.0334405 -0.143335 -0.0433921 0 0 -9.5241 -0.489093
  0.342637 0 0 301.348 -0.337322 0 0.218905 -0.553396 0.0291955 4.33847 2.85542 0.482405 -0.684101 1.23301 0.534193 2.04697 -0.772189 -0.0405573 1.68341 0.308022 0.0887041 0 0 -1.76451 -0.482025
  0.342637 0 0 301.245 -0.353779 0 -0.831103 -0.480199 0.687531 -1.92115 0.140523 0.438051 -1.12174 -2.21806 -1.03668 -0.596346 0.0709943 1.08504 2.19189 0.0714219 0.165839 0 0 -1.76788 -0.475844
  0.342637 0 0 301.034 -0.0444621 0 -0.683062 -0.901082 0.268071 4.4767 -22.8849 -0.760319 1.81072 1.84728 -2.371 1.4954 2.06108 -3.86149 -0.464215 0.0142765 -0.0690957 0 0 -1.76235 -0.473364
  0.342637 0 0 301.023 -0.356659 0 -17.0024 0.285916 0.161083 0.696695 2.21365 -0.641262 -2.07022 -0.656258 1.24801 0.787385 -1.45703 -0.525314 1.52731 0.00153365 -0.0751639 0 0 -1.80121 -0.396629
  0.342637 0 0 301.076 -0.172394 0 0.354134 0.47717 -0.249666 -22.5594 3.23802 0.774505 0.0365156 -0.388743 -0.174003 -0.757746 -0.534743 2.07563 0.885429 0.0133291 -0.0792534 0 0 -1.75875 -0.477441
  0.342637 0 0 301.196 -0.0505235 0 0.273491 -0.61519 0.592653 -22.8936 2.35152 0.802733 -0.666542 -0.000733215 -0.329197 0.457472 -0.484669 0.424121 -0.0885211 -0.082998 0.0197213 0 0 -1.75838 -0.459345
  0.342637 0 0 301.101 -0.292719 0 -0.650818 0.170142 0.429412 -22.5329 0.67492 -1.45477 -0.350096 -1.29101 -0.249742 -1.8768 -0.448202 -1.01215 -0.00755085 0.0839884 -0.0468022 0 0 -1.76755 -0.475838
  0.342637 0 0 301.35 -0.0625069 0 -0.778551 -0.689635 0.0832567 -22.5124 -3.44943 1.40432 -0.0708617 0.0873707 -1.8172 0.0930196 1.60558 2.12958 0.20822 -0.0713099 -0.0439508 0 0 -1.76588 -0.466454
  0.342637 0 0 301.268 -0.304083 0 0.328249 0.409884 0.410609 -4.04519 2.97903 -1.18578 -0.699325 0.0545289 0.107616 -0.902035 -1.29182 1.76911 0.520467 -0.0585374 -0.0295065 0 0 -1.76755 -0.47112
  0.342637 0 0 301.316 -0.317095 0 -0.681358 -0.582072 0.699536 0.419331 0.652498 -2.07513 -1.34145 -1.56159 -0.0641158 -0.0373454 -0.264002 -0.37595 0.493389 0.0269825 -0.0448003 0 0 -9.42071 -0.346669
  0.342637 0 0 301.073 -0.190363 0 0.15942 0.427919 0.0836674 -22.5304 1.43109 -0.387526 0.248383 0.00324295 -1.094 -0.787241 0.0575306 1.33624 0.552477 0.152256 -0.0500124 0 0 -1.57093 -0.472802
  0.342637 0 0 300.931 -0.269381 0 -0.792301 -0.76052 0.67825 2.50384 2.40991 0.62238 -1.33277 -1.05152 0.26186 0.391852 -0.811848 1.4582 -0.232427 0.0864218 0.013273 0 0 -1.58924 -0.488344
  0.342637 0 0 300.966 -0.184593 0 0.261421 0.68302 -0.233315 -1.22103 1.38514 -1.03425 -0.661068 -9.28964 -12.464 0.662038 0.266277 -0.100241 0.629679 -0.0212824 -0.0456348 0 0 -1.58383 -0.395553
  0.342637 0 0 301.308 -0.242136 0 -0.727732 -0.368444 0.350312 3.71673 -22.6377 0.882024 -0.0576109 1.70105 -0.283222 0.989877 0.866853 0.0266154 0.354573 -0.179559 -0.0356291 0 0 -1.60175 -0.385609
  0.342637 0 0 301.258 -0.351439 0 -0.8411 0.377933 0.428813 -1.86548 -0.331067 -0.251281 1.59244 -12.1118 -1.33888 -1.47962 0.00199197 -0.0761479 0.620719 -0.0141503 -0.0566069 0 0 -1.54675 -0.479197 
  -10.1469 0 0 3.04695 -0.0824767 0 0.0670944 0.796021 -0.317082 2.08713 2.25133 -0.924762 0.709558 0.579399 -0.743033 -0.8784 -0.83544 0.664443 0.393312 0.112559 0.0143257 0 0 5.86711 5.12629
  -13.3098 0 0 3.61462 0.364435 0 -0.582756 -0.876475 -0.154146 3.23653 -6.7225 0.678696 -1.56304 -1.0553 -0.632822 0.514582 1.44935 0.72095 0.296209 0.0242097 -0.102962 0 0 4.85389 5.00615
  -16.2485 0 0 3.64941 -0.406523 0 -0.706706 0.230224 -0.324678 -0.605359 1.83085 0.538244 -0.0418639 0.130118 0.762826 0.0590114 -1.25609 0.401837 0.309405 -0.0231826 -0.0853785 0 0 5.65319 5.06145
  -19.2079 0 0 40.6776 -0.108352 0 0.564353 0.398456 0.267055 2.15409 0.366068 -0.09567 0.361094 -1.3048 -1.51691 -0.337051 0.586205 2.79192 1.9158 0.0982629 -0.0573422 0 0 5.87056 5.5814
  -22.3675 0 0 20.6012 -0.29807 0 -0.587379 -0.648955 0.481524 3.23172 -0.0366315 -0.358693 -1.40278 0.575525 -0.134751 1.26282 -0.839085 -0.13223 0.620091 -0.0744413 -0.14779 0 0 6.18564 5.17951
  -25.4713 0 0 6.03446 -0.390241 0 -0.486767 0.495948 0.132281 0.157113 1.25048 0.352242 0.33921 -12.8599 0.784676 -0.365119 -0.240593 1.89909 0.0190661 -0.391887 -0.0123765 0 0 6.56776 5.22742
  -28.3953 0 0 7.58014 -0.393137 0 0.153151 -0.404568 0.332489 1.83414 1.98194 0.798096 0.173906 0.297587 -0.589097 0.451246 0.351293 1.97245 1.76828 -0.0400104 0.116353 0 0 5.85993 5.10027
  -31.3354 0 0 4.35618 -0.115824 0 -0.692225 -0.900107 0.509845 -22.4626 -0.289447 -1.88201 -1.94246 -1.17286 0.410075 -1.59334 -1.62157 -0.730234 0.314144 0.10787 -0.0406991 0 0 5.66957 5.5717
  -34.3805 0 0 14.9905 -0.0938526 0 -0.571851 0.265787 0.173571 3.81539 2.45918 0.574227 -0.27885 1.09474 -9.69917 0.846727 -0.260121 -0.171912 1.03907 0.0136194 -0.0500393 0 0 6.26375 5.13036
  -37.3941 0 0 5.84028 -0.0849645 0 0.126393 -0.594937 0.214195 1.05774 0.596852 0.32182 -1.39759 0.827509 0.421714 0.0382709 -0.93659 -0.328073 -0.0604275 0.0279272 0.00679147 0 0 5.8361 5.108
  -40.3211 0 0 3.8555 -0.0718147 0 0.332757 -0.12281 -0.312144 0.00719003 -2.00151 -0.141556 -0.656166 -1.63652 -1.80196 -0.370765 0.275794 2.56946 1.74053 0.0107252 0.166437 0 0 5.83329 5.17877
  -43.3905 0 0 3.67143 -0.149237 0 -0.749375 -0.649292 0.57343 3.29642 -0.489357 -0.0843333 -1.06678 1.02243 0.511081 1.64895 -1.43788 -0.539706 0.320741 -0.0209249 -0.0602183 0 0 6.03373 4.96757
  -46.2848 0 0 3.65321 -0.341536 0 -0.718207 0.205754 -0.258942 0.0743334 -14.4184 0.0439705 0.500362 -1.2245 -0.819577 -0.0266321 0.395198 1.64252 1.99095 -0.00291268 -0.0169399 0 0 5.79526 5.2214
  -49.2277 0 0 3.66717 -0.279274 0 0.0904359 0.365604 -0.168634 -0.475572 -0.76104 0.21529 -0.284062 -0.935985 -2.07513 -0.62098 0.126558 0.8365 0.171389 -0.050198 -0.0304405 0 0 5.86147 5.13302
  -52.137 0 0 3.65471 -0.110503 0 0.0714562 -0.565964 0.441878 2.38168 0.131352 -0.017664 3.2213 -0.0447804 0.040038 0.178082 2.08315 2.92928 -0.471448 -0.0610031 -0.0444516 0 0 6.40448 5.10145
  -55.0663 0 0 3.65484 -0.11191 0 0.331087 -0.655109 -0.294054 2.19695 0.707834 -0.93458 -1.77502 -0.0888029 -0.25627 0.1715 -0.632059 2.81516 0.0698974 0.0748693 -0.0155244 0 0 6.68999 5.5342
  -58.1724 0 0 3.63313 -0.0723041 0 -0.654507 -0.572469 0.598327 -6.35239 -15.0339 -0.172787 0.451196 -0.780695 0.389374 0.134178 -0.107057 0.765092 2.02349 -0.166764 -0.304496 0 0 5.8462 5.2245
  -61.1069 0 0 3.64983 -0.328285 0 0.107288 0.351919 -0.296569 0.361465 1.73191 -0.116725 -1.07105 -1.31891 -0.479806 -1.17695 -0.301949 1.6604 -0.435938 0.0370912 0.00813889 0 0 6.01224 4.94655
  -64.196 0 0 3.66108 -0.303553 0 -0.188745 0.322743 0.517029 2.33703 -0.871231 -1.09945 -1.82945 3.55054 -0.818146 -0.518882 0.0311307 1.74846 1.90648 0.1677 0.00880824 0 0 5.7847 4.9558
  -67.2007 0 0 8.46124 -0.12845 0 -0.633847 -0.702466 0.569075 3.50915 1.32966 0.87769 1.18496 -0.269838 0.0844789 0.790511 0.78302 -0.195315 0.0559644 -0.0582778 -0.0234509 0 0 6.1842 7.03822
  -70.2081 0 0 4.48565 -0.0565801 0 0.283727 0.150339 0.538792 0.359894 -22.3614 0.897079 0.844213 0.731154 -0.100398 0.405347 1.22085 -0.915789 0.112074 -0.114573 -0.105373 0 0 5.96338 5.19112
  -73.1545 0 0 3.72994 -0.398636 0 -0.826484 0.271282 -0.305879 3.29276 1.16179 -0.241951 -1.10474 -1.08844 -1.31414 0.17426 -0.190933 0.690006 2.89862 -0.0526508 0.0539653 0 0 5.82689 4.93587
  -76.0569 0 0 3.65966 -0.10037 0 0.127534 0.26646 0.564746 -0.152356 -1.00134 -0.570395 -0.686491 -0.346624 -0.965608 -0.199835 -0.595742 3.38656 1.3518 -0.0607411 -0.293169 0 0 5.84168 5.03596
  -78.9766 0 0 3.65276 -0.100902 0 -0.813 -0.637301 0.617493 4.75554 1.54157 0.634034 -0.213357 1.63894 0.185307 1.59882 0.108019 -0.21987 2.14955 -0.00494655 -0.243891 0 0 5.67678 4.90468
  -82.0801 0 0 3.65436 -0.0611612 0 0.131097 0.0991793 0.437469 -2.59965 -22.4473 -0.709819 1.79537 -8.1248 -2.51205 -1.775 1.59047 -0.533562 -0.168675 0.118982 -0.0201438 0 0 5.8287 5.03722
  -85.2203 0 0 3.66505 -0.263971 0 -0.906899 0.328766 -0.262482 1.9509 1.3636 0.825708 -1.29016 1.08763 -1.28826 1.03643 -0.146962 1.91689 2.22882 -0.0673007 -0.150926 0 0 5.86314 4.77254
  -88.2771 0 0 3.65768 -0.0603704 0 0.263659 -0.80321 0.605779 4.77038 -1.07605 -0.172311 -1.35941 1.16333 -0.104824 1.15061 -0.180942 -0.58385 2.88398 0.00971069 0.00729506 0 0 5.90032 5.10983
  -91.2083 0 0 3.7101 -0.290374 0 -0.984807 0.22899 -0.186884 -2.46153 4.26254 -0.730672 -0.19821 -1.02114 1.16972 -1.77192 -1.61744 -0.607692 -1.50765 0.0410562 0.0499278 0 0 5.30082 3.6795
  -94.124 0 0 3.66143 -0.330944 0 -0.00132797 0.226383 -0.182742 -9.73111 -0.630663 0.711583 -1.86801 0.299217 -0.993707 0.158422 -0.171039 1.74968 1.27429 -0.24508 -0.106323 0 0 5.80618 4.9269
  -97.2049 0 0 3.65936 -0.335012 0 -1.35006 0.645734 -0.243198 -25.2897 -4.09582 0.65409 -0.382824 -0.0576094 -0.156749 -0.371077 -0.0650663 1.89497 2.02483 -0.0245149 -0.0120718 0 0 6.69838 5.09543
  -100.339 0 0 3.66282 -0.346785 0 0.210083 0.173322 -0.138834 2.88079 -7.07294 -0.0342726 -1.03873 -0.111721 -0.400761 0.154662 0.0956496 2.74342 0.588092 -0.258459 -0.0117507 0 0 5.76662 5.0595
  -103.28 0 0 9.34464 -0.0703457 0 -0.586542 -0.0698964 0.337048 2.83888 1.71737 -0.820623 -0.61212 -0.772269 -0.926424 -0.132345 0.247198 0.425606 2.73038 -0.128526 0.115474 0 0 5.74339 5.22733
  -106.653 0 0 7.01775 -0.365487 0 0.222432 0.234909 0.175254 -22.3132 3.86826 -2.44427 0.10073 -1.66578 0.743501 -1.59806 -1.71906 -0.667841 -1.10677 0.113437 0.0268138 0 0 6.05117 5.39308
  -109.82 0 0 11.43 -0.0910465 0 -0.429775 0.200998 -0.255908 2.96428 0.184389 -0.457375 -1.14108 -0.0531998 1.56325 0.527569 -1.67489 -0.135389 0.00758018 0.00155244 -0.0474925 0 0 6.16978 5.22423
  -112.722 0 0 4.96775 -0.320865 0 0.0578286 -0.38877 0.605176 0.844641 2.89865 0.923546 0.441946 0.733562 0.108611 0.723374 -0.466227 1.01368 0.681171 -0.027254 0.021762 0 0 5.82105 5.12008
  -115.695 0 0 3.77013 -0.0478368 0 -0.726425 0.339483 -0.156809 -13.0387 0.282096 -0.17052 0.117753 0.00413892 -5.29643 -0.298955 0.681791 2.36973 1.62043 0.00112501 0.101559 0 0 5.79952 5.07779
  -118.766 0 0 3.6744 -0.360257 0 0.116689 -0.520693 0.576371 0.737785 -0.684973 0.499145 -1.72608 0.443089 0.52981 1.01033 -0.232757 -0.0788904 1.95285 0.0686325 -0.309212 0 0 5.72404 4.69912
  -121.666 0 0 3.65366 -0.139995 0 -0.642645 -0.577111 0.342634 0.530327 2.52623 -0.453198 -1.09466 -0.153671 0.871763 0.472014 -0.549496 0.22744 1.0172 -0.0549407 0.00650188 0 0 5.8639 5.17919
  -124.606 0 0 3.65316 -0.37826 0 0.131276 -0.171636 0.656303 3.18172 -0.979754 0.629806 -1.90469 -0.717516 -0.654049 0.737081 0.359032 1.81291 1.76107 -0.0293051 -0.0947027 0 0 5.45044 5.00275
  -127.616 0 0 4.06581 -0.0770681 0 -0.645485 -0.446313 -0.260429 2.9465 3.49936 -0.521122 -0.417143 -0.305169 0.459552 0.137916 -0.53692 1.41369 -1.72085 0.0932997 0.223478 0 0 5.75244 5.05912
  -130.556 0 0 3.64366 -0.0585158 0 0.307789 0.420364 -0.228341 0.216663 2.31794 0.95358 0.619071 -1.25612 -0.832815 0.018274 -0.109259 2.11409 1.40428 0.0363133 -0.0500364 0 0 5.78305 5.02022
  -133.527 0 0 3.64557 -0.301433 0 -0.73968 0.362414 -0.302031 0.610098 -15.7857 0.703973 -0.75953 0.68158 0.647285 1.29199 -0.189946 0.452154 -2.30876 -0.0566279 0.0204564 0 0 5.91569 4.71923
  -136.455 0 0 3.65065 -0.0972644 0 -0.625453 -0.58492 0.510634 0.269372 2.1995 0.87955 -0.239774 -0.496853 -1.0361 1.11607 0.268604 0.451035 2.81766 -0.0617285 0.22829 0 0 6.75911 3.73975
  -139.381 0 0 16.0262 -0.385399 0 0.177806 0.217576 0.646638 4.03134 0.675028 0.299374 -0.630064 -0.532741 -0.190929 0.662134 -0.49295 1.9035 -0.4385 -0.105904 0.0394173 0 0 5.75098 5.00577
  -143.077 0 0 6.05495 -0.0984713 0 0.19648 0.654169 0.432296 3.38511 -2.8894 -0.30298 0.215324 0.454074 -1.50637 0.178699 1.70126 0.0963327 0.208244 0.0437917 0.000113725 0 0 5.77515 5.05185
  -145.998 0 0 3.88445 -0.0497449 0 0.184721 -0.777761 -0.232529 0.308718 0.394557 -0.0935521 0.212147 -1.11242 0.344376 -0.214343 -0.196556 0.416034 3.61964 -0.0861898 0.332259 0 0 5.13313 -0.398577
  -149.519 0 0 40.0954 -0.267202 0 -0.658365 -0.880963 0.37651 -1.18858 1.15011 0.0007044 -0.681267 0.0864368 -1.39164 0.155096 -0.210918 0.191324 2.84893 -0.048173 -0.118497 0 0 5.88184 5.04946
  -152.573 0 0 10.1703 -0.32711 0 0.111026 0.288884 -0.27999 4.73634 -7.13008 0.922675 0.444005 1.89157 0.153744 1.9045 -0.527233 -0.581961 0.404716 -0.0440618 -0.0354775 0 0 5.60523 4.93283
  -155.589 0 0 4.21831 -0.360321 0 -0.533174 0.412123 -0.237682 -1.39139 3.08716 0.910461 -0.913826 -1.666 -0.253321 -0.604567 -0.774906 1.55881 1.67386 0.0147912 0.0343171 0 0 5.79676 5.05501
  -158.564 0 0 14.2768 -0.169293 0 0.32885 -0.412732 -0.287584 3.9745 2.9224 -0.222893 0.505309 1.27819 -1.02817 0.999912 0.0614691 0.282503 1.95165 -0.082193 -0.169284 0 0 5.90242 5.18686
  -161.724 0 0 5.59811 -0.0539708 0 0.350897 -0.594254 0.4203 2.77711 -3.79777 -0.130221 -1.91622 -1.0446 0.057696 -0.27816 -0.190922 2.72458 2.06558 0.0433353 -0.0114995 0 0 5.75203 5.04841
  -164.687 0 0 3.83008 -0.0284976 0 -0.634865 -0.774982 0.521482 3.2515 0.685977 -0.262393 0.602162 0.829584 0.310541 0.78196 0.580228 0.308396 0.636516 -0.0337827 -0.0990393 0 0 5.80594 5.07214
  -167.914 0 0 3.67702 -0.356837 0 0.139136 0.357814 0.644687 -20.6653 -1.19514 -0.493802 -1.90873 0.887866 -1.05163 0.204793 -0.309613 1.53431 1.81432 -0.484305 0.120571 0 0 5.38887 -0.960678
  -170.851 0 0 17.2725 -0.0717612 0 -0.626506 -0.352495 -0.196105 3.54371 4.0426 0.591965 0.366057 -0.29013 1.04733 0.776568 -1.71436 1.51048 -0.908183 0.170268 0.0481793 0 0 5.81826 5.03851
  -173.917 0 0 6.10732 -0.39712 0 0.109116 -0.64454 -0.205595 1.99069 -1.0863 -0.428633 -1.43318 0.189094 -0.302846 -0.288568 -0.0574132 1.12423 -0.0699073 -0.0516911 0.00479587 0 0 5.81101 5.39829  
  -5.42359 0 0 3.0622 -0.389191 0 0.142935 0.482543 -0.304697 2.57634 -11.4038 -0.124567 -1.60344 -1.22462 -1.92417 0.0591529 0.073223 3.03856 1.73976 -0.300038 0.101461 0 0 3.50147 3.60781
  -8.80467 0 0 3.62697 -0.0981287 0 -0.697663 -0.560504 0.505778 -22.6515 1.83469 -2.36872 -0.248592 -0.180881 0.316162 -1.6653 0.195863 -0.37757 1.58749 0.0645286 0.0686882 0 0 7.27044 4.71317
  -11.8275 0 0 3.6487 -0.0778419 0 -0.729763 -1.01957 -0.28259 -14.8246 1.69056 1.22517 -0.959407 -5.81717 0.132371 -0.515861 0.315443 1.57793 3.21309 0.186374 0.00746451 0 0 5.58046 2.15243
  -15.0317 0 0 3.68688 -0.318936 0 0.169576 0.644709 -0.220097 2.6929 -22.4548 0.361794 0.698856 0.0857921 -1.22447 0.12871 0.861157 1.07161 0.1715 -0.041858 -0.0352007 0 0 5.86762 5.55509
  -18.1334 0 0 13.4864 -0.412326 0 0.239221 -0.642539 0.282741 -0.0800525 3.15061 -0.480566 0.349719 0.281161 -0.476137 -0.0638283 -0.19959 0.547936 1.42844 -0.0481858 0.034271 0 0 5.6287 5.22523
  -21.699 0 0 5.53076 -0.0657698 0 -0.898638 0.373606 -0.185568 -22.4271 0.833486 -0.103092 -1.53346 -2.14982 1.64502 -0.933482 -1.44985 -0.0151815 0.366852 -0.00977264 0.0461983 0 0 6.3587 4.66796
  -24.9904 0 0 3.7901 -0.363213 0 0.168899 -0.448841 0.132442 0.379298 -22.2641 -1.05636 0.509614 0.00779154 -2.37632 -0.817554 1.97393 1.28216 0.759183 0.0041579 -0.0253268 0 0 5.84073 5.08191
  -28.0653 0 0 3.68151 -0.0890685 0 -0.69046 -0.849034 0.631835 -14.8742 1.28701 1.20501 -0.356505 -13.1863 -0.0725493 -0.793238 -0.24425 0.608751 2.29587 0.0139066 -0.0374028 0 0 4.26981 3.76205
  -31.3404 0 0 3.66808 -0.348823 0 0.0491566 0.147002 -0.278498 0.762572 -0.634013 -0.0946915 -1.35111 -13.0138 0.359867 -0.552791 -1.15002 0.231772 0.464292 0.0206472 0.0532345 0 0 6.01819 5.30786
  -34.3606 0 0 3.18334 -0.375662 0 0.15801 0.18392 0.382612 3.15747 2.05794 0.351383 -0.0383185 0.895609 -0.601165 0.588233 -0.174834 -0.297574 1.75385 0.00563008 0.0478968 0 0 5.74548 5.0224
  -38.2565 0 0 3.57334 -0.0390894 0 0.209264 -0.0148718 -0.309952 -22.3247 1.54401 -0.33835 -1.29564 -1.88362 -1.36206 -1.45672 0.167074 0.27723 1.65203 -0.119827 -0.0526392 0 0 5.94475 5.64536
  -41.2634 0 0 3.64779 -0.357507 0 -0.599568 -1.02769 0.384198 2.30638 -1.31109 -0.287303 -0.0692174 0.0957397 0.024793 0.0633 0.22362 1.09107 0.704569 -0.116981 -0.0425331 0 0 5.75719 5.03756
  -44.3153 0 0 3.65415 -0.358438 0 -0.757386 0.690659 -0.312942 3.57453 0.764958 0.470862 -1.14769 1.39494 -2.3615 0.822396 0.287564 -0.812291 0.633268 -0.122856 -0.0592096 0 0 5.72799 5.05614
  -47.3577 0 0 3.66325 -0.357521 0 0.0849758 -0.398677 0.347904 -1.42102 3.27333 0.0184023 -1.11537 -1.40017 0.585196 -0.532516 -1.04025 1.8671 -0.881054 -0.221351 0.130179 0 0 3.82678 4.98929
  -50.3709 0 0 3.65621 -0.410511 0 0.129954 0.32995 0.553849 3.0596 -0.455734 -0.674592 -0.332779 0.0727853 -0.340266 0.696419 -0.793629 1.4196 0.285153 0.109969 -0.0696957 0 0 6.27416 6.02482
  -53.3829 0 0 12.285 -0.0763622 0 0.2073 -0.674021 -0.271766 4.07777 1.36555 0.878366 -0.588006 0.958913 -0.922554 1.53976 0.305175 -1.25219 2.74105 0.00684926 0.132728 0 0 5.52078 5.41151
  -56.59 0 0 5.22827 -0.354501 0 -0.822135 0.528966 0.652658 0.0801419 -22.2406 0.0542101 1.03151 -1.36031 0.0691931 -0.147547 0.263783 2.06683 0.109696 -0.0178127 -0.03286 0 0 5.65378 4.96484
  -59.593 0 0 3.80713 -0.0906574 0 0.166223 -0.723232 -0.273105 4.38936 1.61868 0.707842 -0.650961 1.71322 -0.687859 0.750958 0.355101 -1.31557 2.95874 0.0347286 0.113936 0 0 6.54758 5.36675
  -62.6588 0 0 3.66996 -0.352178 0 0.231835 0.0383937 0.613605 -22.4274 3.72687 -0.337166 -0.455251 -1.66761 0.986471 -0.160137 -0.803065 2.2819 -0.698603 -0.0869401 -0.0128262 0 0 5.91491 4.89179
  -65.6951 0 0 3.65559 -0.372269 0 -0.706651 0.313051 0.619828 4.09936 0.263352 -0.749081 -0.272466 1.88697 -1.4683 1.57587 0.04008 -0.33152 2.05589 -0.00146408 -0.0795507 0 0 5.89962 5.07355
  -68.8591 0 0 3.65864 -0.104636 0 0.245207 -0.367347 0.601858 -8.48853 -22.5607 -1.13415 0.10368 -1.30481 -0.151826 -0.554398 0.522116 1.81028 -0.0745788 0.0540799 0.00899317 0 0 5.76788 4.94682
  -71.863 0 0 3.665 -0.057481 0 -0.639092 -0.383634 0.618683 3.37676 1.40518 0.627665 -1.59656 -0.92782 0.618958 0.581293 -0.699943 2.08201 1.9414 0.127952 0.0346272 0 0 4.31802 4.54785
  -75.1727 0 0 3.66905 -0.316516 0 0.251747 0.369816 0.221306 -23.9496 1.63961 -0.0672569 -0.747515 -0.960162 -1.33829 -0.906084 0.224284 0.585267 0.450427 -0.0213619 0.0820474 0 0 4.29132 5.05482
  -78.2848 0 0 3.64934 -0.0703065 0 -0.657605 0.320097 -0.202358 -22.4014 4.46676 1.03955 0.333552 -2.10723 0.934816 -0.257877 -1.43124 0.673412 -1.08069 -0.280028 0.180195 0 0 5.73114 4.8593
  -81.8463 0 0 3.67139 -0.390449 0 0.194611 -0.777414 -0.274513 1.51953 -24.2015 -0.33452 1.77111 -1.07085 -1.55139 0.222701 0.663868 1.61223 0.107068 -0.0949121 -0.0698748 0 0 7.4852 4.92091
  -85.5846 0 0 3.67851 -0.123248 0 -0.49863 0.235518 0.609065 3.7613 -22.5143 -0.51201 -1.97232 1.43109 -0.288343 1.67868 -0.325678 0.18855 1.20116 -0.0546511 -0.060156 0 0 5.65091 4.98638
  -88.5985 0 0 3.65796 -0.388505 0 0.330159 -0.688092 -0.107671 -1.25082 3.67936 -2.46041 -0.752549 -0.455331 -0.119842 -0.428009 -1.74417 -3.62466 -0.192742 0.222262 -0.0561498 0 0 5.75233 5.08391
  -91.8047 0 0 3.67091 -0.0791257 0 -0.843063 0.220281 0.296829 0.911671 1.15378 1.1496 -0.218734 1.0655 -0.967805 1.74842 0.324148 1.05401 3.15394 -0.0926961 0.111787 0 0 4.65602 5.06003
  -95.4533 0 0 3.67823 -0.0614701 0 -0.498287 -0.957621 -0.262932 1.04152 -0.036144 0.274217 2.56291 -2.18941 0.33244 -0.299507 1.48508 2.3071 -0.0301162 -0.095932 -0.0527305 0 0 5.69485 5.03878
  -98.9236 0 0 3.67362 -0.251593 0 0.205611 0.207999 -0.155537 -22.307 -8.42467 -0.282782 -0.616519 0.361026 -2.03328 0.53127 0.905141 0.565723 1.24685 -0.169028 -0.145156 0 0 5.79811 4.91653
  -102.062 0 0 3.66108 -0.341762 0 -0.661638 1.16449 0.58942 4.5992 0.279541 0.607402 -1.36668 1.32165 -12.9423 1.55538 -0.148808 -0.263812 1.92297 0.00707678 -0.144371 0 0 5.63789 4.84387
  -105.095 0 0 3.65512 -0.364305 0 0.37644 -0.454339 0.400299 -22.356 5.02137 -0.998111 -1.35201 -1.23799 1.5448 -0.588948 -1.50326 1.29752 -1.16757 0.146403 -0.0353875 0 0 3.22113 5.5187
  -108.318 0 0 3.65095 -0.0856599 0 -0.660473 -0.408957 0.540563 1.47233 -22.7508 0.671615 0.639396 -1.43461 -2.4843 -0.712957 0.277536 1.80442 1.65154 -0.153122 -0.137522 0 0 5.78833 9.57861
  -111.327 0 0 3.65167 -0.354306 0 0.286573 0.373143 -0.233927 2.38969 1.48345 0.186133 -0.110618 -0.0502085 -5.74944 0.0608989 -0.0633825 2.98293 2.16712 0.00487518 -0.0386752 0 0 5.44944 1.06289
  -114.475 0 0 3.66627 -0.380709 0 -0.708247 -0.803998 0.602307 -22.549 -1.64253 -0.238592 -0.863383 -1.16738 -0.111027 -0.650229 -0.70871 0.586101 1.62609 -0.0348263 -0.229916 0 0 5.95894 1.00075
  -117.453 0 0 3.6546 -0.0651044 0 -0.783525 0.308616 0.111324 1.94186 0.721512 -0.0934316 1.0824 -12.8979 1.36469 -0.436901 -0.0116967 2.06871 0.345618 -0.0014136 0.0546401 0 0 5.7675 0.928791
  -120.494 0 0 3.65675 -0.320192 0 0.0909716 -0.246276 0.441373 -22.3274 -0.184641 0.257961 3.45504 0.395106 -0.678624 0.608563 1.73119 1.92158 -0.712313 -0.220148 0.0544894 0 0 5.63806 0.942948
  -123.622 0 0 3.66041 -0.0247634 0 0.232576 0.475158 0.558578 1.24242 -0.811582 -1.21993 -2.43909 -0.937237 0.945874 -0.81355 -0.593118 0.272624 2.14232 -0.105313 -0.251373 0 0 5.67199 0.897798
  -126.632 0 0 3.65323 -0.376463 0 -0.760091 0.304755 0.395042 3.00002 1.3086 0.961463 -0.207287 -0.358491 -0.765842 0.918992 0.170191 0.729285 2.12923 -0.10383 -0.105163 0 0 5.41109 0.035118
  -129.866 0 0 3.66235 -0.16959 0 0.21393 -0.473475 -0.317712 -22.1902 -1.0231 -0.373801 -0.327517 0.115775 0.40496 0.100913 -0.723411 0.500677 0.467993 -0.0736724 0.0397616 0 0 5.64434 0.97501
  -132.994 0 0 3.65945 -0.389267 0 -0.580194 0.403026 0.121674 2.13028 2.27172 -1.14436 -0.663695 -0.84471 -0.662582 0.413947 0.0690014 1.17044 1.88118 0.0376012 -0.0399233 0 0 5.67871 0.935767
  -136.328 0 0 3.66554 -0.0151979 0 -0.620726 -0.61253 0.430784 3.1398 0.259308 -0.10012 -0.0742562 -0.967686 -1.01563 -0.374688 -0.522162 3.51577 0.649541 -0.0837085 -0.0997475 0 0 5.72876 0.498944
  -139.438 0 0 3.65822 -0.247913 0 -0.823887 0.185872 0.582035 0.115832 -0.526784 1.09166 -1.68207 0.15552 -0.489836 0.416679 -0.725729 0.951344 -0.628547 0.106702 0.0100762 0 0 6.18391 -3.29344
  -142.512 0 0 3.63503 -0.376108 0 -0.65976 -0.787982 0.525674 3.4171 1.34901 -0.582975 -0.463097 -2.93743 -1.33831 1.51406 0.21503 0.21831 2.74912 -0.093261 0.0367286 0 0 5.67742 0.925516
  -145.605 0 0 3.65407 -0.0988716 0 0.173822 0.560088 0.631823 0.369097 3.96027 0.849927 0.348374 1.0494 1.79219 0.793565 -2.25431 0.301738 -0.1737 -0.0307782 -0.0227317 0 0 6.18994 -1.68313
  -148.658 0 0 3.64606 -0.27502 0 -0.754437 -0.31252 -0.280088 -22.3429 0.0346542 -0.444795 -1.33357 -2.87753 -1.46619 -1.40116 0.18839 0.575662 1.66936 -0.124941 -0.021558 0 0 5.66188 1.00445
  -151.632 0 0 3.6508 -0.0606556 0 0.191769 -0.708122 0.262691 -11.1413 -1.22367 -0.505928 0.541472 0.234157 0.092427 0.305365 0.235432 2.07267 0.591621 -0.0697468 -0.135539 0 0 5.65729 1.03477
  -154.713 0 0 3.6571 -0.0641741 0 -0.871783 -0.532657 0.56918 4.56806 -22.4752 0.810532 3.18661 0.448461 -1.51758 1.81584 1.53008 0.0465845 -0.63897 -0.0436417 -0.00844249 0 0 5.75066 0.841241
  -157.854 0 0 3.64692 -0.215718 0 0.278671 0.556053 -0.278636 -13.3095 -7.09905 0.396809 -1.47535 -0.315435 -12.2031 -0.254933 0.279561 -0.194216 1.82258 0.0554214 -0.17419 0 0 7.54799 0.548461
  -160.897 0 0 3.65256 -0.363753 0 -0.595347 -0.197488 0.43927 -22.3719 0.969872 -0.813918 -2.20541 -1.53301 0.507153 -1.08326 -0.215785 0.430494 0.617544 -0.0617805 -0.105499 0 0 5.97263 0.806007
  -163.918 0 0 3.86078 -0.0690633 0 0.120582 -0.614536 0.497498 -22.5733 3.7293 -2.29141 -0.685198 -0.687692 0.532084 -1.44167 -0.350538 0.374131 -1.49015 -0.0942222 0.0701175 0 0 6.4875 1.28689
  -166.94 0 0 3.68892 -0.332781 0 -0.873002 -0.886591 0.0219136 3.46513 -0.375389 -0.122664 1.57078 1.50425 5.01873 0.876342 0.353263 -4.49119 1.43626 -0.343026 -0.142634 0 0 5.55608 0.795728
  -170.425 0 0 3.67627 -0.0524613 0 0.366104 0.0542404 -0.273349 2.46725 3.52091 -2.7268 -1.16503 1.50169 -0.428751 -1.09348 -0.673314 -0.307978 -1.67803 0.0370587 0.0637815 0 0 5.6749 0.985747
  -173.498 0 0 3.66114 -0.387681 0 -1.03771 -0.668828 -0.264222 0.207493 -0.62537 0.886754 2.2927 -0.608524 1.08311 0.359376 1.15857 1.85006 0.122933 -0.00125085 0.0590158 0 0 5.95516 0.547959
  -176.956 0 0 3.66576 -0.105906 0 0.337894 0.17851 0.59626 3.42748 2.14145 -0.468562 -1.30005 0.694268 -0.936602 0.333696 -0.459702 1.07425 1.21394 -0.13577 0.00268444 0 0 5.6054 0.904821
  -179.979 0 0 3.64702 -0.0709139 0 -0.693841 -0.903462 0.601796 0.689427 0.75706 1.10911 3.44675 -0.70965 1.28039 0.0260393 1.34444 1.24391 -1.63496 -0.00679354 -0.0445833 0 0 5.65205 0.922999
  -183.456 0 0 3.66979 -0.324925 0 0.300523 0.426752 -0.29512 -15.9756 -0.606154 -0.820529 -1.27715 0.973508 -1.2101 0.330181 -0.175887 0.59312 3.14613 -0.165446 0.264593 0 0 5.6766 1.22474
  -186.957 0 0 3.67254 -0.271738 0 -0.551787 -0.440328 0.6533 4.3636 3.84478 -0.0108983 -0.113272 0.277657 -0.0404879 1.67983 -1.42496 0.150254 0.303155 -0.0551668 0.030399 0 0 5.64627 0.79384
  -190.016 0 0 3.64712 -0.0496117 0 0.192882 -0.707404 0.135633 -22.1073 3.31875 -1.45214 1.19478 -1.27672 0.94146 -1.72603 0.111483 1.21495 0.697165 0.0575022 0.0407922 0 0 5.81926 1.21497
  -193.15 0 0 3.65735 -0.0361025 0 -0.577303 0.257373 -0.280026 3.7895 -22.2304 0.640465 -2.79436 0.992758 -8.46782 1.2105 1.20254 0.47965 0.325368 0.0372912 -0.124428 0 0 5.78033 0.987727
  -196.656 0 0 3.67133 -0.223894 0 -0.693531 -0.768614 -0.291373 0.688934 0.405996 -0.656929 -0.0634725 -0.26079 -0.579667 0.545961 0.375208 0.394388 2.99707 -0.130259 0.058242 0 0 6.09887 0.823501
  -199.726 0 0 3.66925 0.124283 0 0.267528 -0.230043 1.06038 1.96723 -22.6531 -0.561885 -0.215972 -1.17211 -2.01038 -0.426512 0.288931 2.12099 0.422762 -0.010579 -0.0642473 0 0 5.86984 1.12376
  -203.163 0 0 3.67748 -0.367349 0 0.247396 0.333491 0.756711 -22.4443 1.30187 0.687248 -1.26124 0.0639838 -0.0985182 0.555627 0.376047 0.651824 2.18845 -0.0170451 -0.300213 0 0 5.66239 0.924058
  -206.167 0 0 3.65486 -0.359561 0 -0.0460923 0.272338 -0.210348 2.80089 -1.09502 -0.238421 -0.198609 -1.05323 -0.0320889 -0.177175 -0.0288887 2.7646 0.713469 0.0305409 -0.153882 0 0 5.66406 0.984064
  -209.161 0 0 3.64428 -0.374075 0 -0.623684 0.340255 0.718726 -1.42387 -1.47848 -1.16006 -1.82739 -0.191327 -0.0844414 -0.446195 -0.220793 -0.0351282 1.65921 0.00305977 0.179757 0 0 5.63847 0.921124
  -212.473 0 0 3.66294 -0.0887489 0 0.221211 -0.905723 -0.250307 3.34138 -22.7966 0.40469 0.521848 -0.847849 -1.98585 0.99339 1.67044 1.78508 0.336931 0.0409058 -0.109191 0 0 6.52614 0.810628
  -215.597 0 0 3.65869 -0.0907779 0 0.207195 0.0967976 0.303684 2.81396 0.939288 0.719436 2.30241 0.162279 0.396492 -0.119658 1.01864 1.90635 0.893321 -0.0586075 -0.0514321 0 0 5.29724 0.773052
  -218.894 0 0 3.66314 -0.359275 0 0.192656 0.319713 0.438745 -22.6708 2.5438 1.15993 -0.0189896 -2.26518 -0.837472 -1.13899 -0.83475 0.397066 0.527782 -0.0337527 -0.20236 0 0 5.6855 0.999834
  -222.305 0 0 3.5257 -0.392372 0 -0.73114 -0.699435 0.617251 2.0159 3.75632 -1.61195 -0.600023 -1.27589 1.02371 0.920612 -1.42446 0.127158 0.110756 0.0161549 0.0559406 0 0 5.45162 1.68785
  -225.559 0 0 3.64757 -0.105423 0 0.273805 -0.674183 0.582737 -22.6828 -3.56701 0.0835449 1.06617 -0.9119 -8.79616 -0.3769 0.343859 2.15851 -0.708862 -0.0412677 0.0521808 0 0 5.83495 1.17777
  -228.887 0 0 3.93954 -0.34297 0 -0.666756 -0.634478 0.200801 1.75781 3.05786 -0.175352 0.0834053 -4.46727 0.430964 0.230263 -0.378423 1.73681 1.76001 0.0330128 0.0212044 0 0 5.74547 1.01679
  -231.974 0 0 3.70952 -0.0539798 0 -0.816172 0.171104 0.688224 -15.0296 -24.0623 -1.56137 0.27712 -0.664617 -2.89049 -1.67823 1.20958 -0.485493 -0.346825 0.0882483 -0.0133367 0 0 5.73149 0.889967
  -235.147 0 0 3.67171 -0.35673 0 -0.697411 0.468293 0.444732 -10.1085 2.56056 0.438531 -1.96666 0.408486 1.16301 0.605978 -0.570384 1.51276 1.85665 0.155003 0.0171662 0 0 5.68603 1.0504
  -238.231 0 0 3.65607 -0.0824494 0 -0.727645 -0.618089 -0.212107 2.11777 -15.05 -0.055726 -0.294397 -6.5818 -0.195171 -0.211092 0.0921138 2.74204 1.7615 0.0495453 -0.0554596 0 0 6.4491 0.893976
  -241.324 0 0 3.65781 -0.0415216 0 -0.610688 0.200621 -0.245883 2.1428 0.285669 -0.149742 0.738764 -0.0741479 -0.935979 -0.319072 0.0156801 0.403421 0.322469 -0.0805025 0.0313955 0 0 5.66069 0.925807
  -244.38 0 0 3.64278 -0.333083 0 0.225921 0.340518 0.676896 4.47383 -19.8227 0.326482 -1.38881 1.42207 -1.22528 1.33305 0.636194 -0.588244 1.95306 -0.00947964 -0.0708209 0 0 5.94127 0.600736
  -248.046 0 0 3.66694 -0.351783 0 -0.519591 0.305658 -0.268947 2.28824 -22.5247 -0.0498345 0.712265 -1.23318 -0.342006 -0.154928 0.970429 2.04294 1.47636 -0.0596034 0.0202231 0 0 5.80927 1.03255
  -251.027 0 0 3.65281 -0.356835 0 -0.722363 -0.130486 0.681811 0.253643 -14.1512 0.0946454 -1.13111 0.515963 -1.51407 0.93373 0.00927632 0.577892 1.9334 -0.0354499 -0.041489 0 0 5.62242 0.906953
  -254.03 0 0 3.64419 -0.125768 0 0.244449 -0.697577 0.639427 -0.348453 -19.533 -0.90023 0.0590948 -1.05835 0.3789 -1.61341 -0.530524 -0.0284709 2.00771 -0.0400369 -0.0669177 0 0 5.65501 0.913792
  -257.117 0 0 3.65856 -0.0917309 0 0.498827 0.552948 -0.292372 3.5725 1.88586 0.337151 -1.49839 0.514714 -0.622799 0.5652 -0.488732 -0.0779318 1.28416 -0.00290394 0.044506 0 0 5.71246 1.62658
  -260.356 0 0 5.53097 -0.0499457 0 -0.426838 -0.935527 0.67612 -0.173694 1.20702 0.00948751 2.42805 -1.21753 1.54104 0.441249 1.00974 1.41404 -1.82066 -0.230613 0.123651 0 0 5.66604 0.912355
  -263.468 0 0 3.97609 -0.396463 0 -0.672033 0.525306 0.555926 -14.7142 -19.8173 -1.77058 -1.44525 -1.42626 -1.51589 -0.522362 -0.216297 -0.747729 2.17519 -0.0279848 0.157902 0 0 5.22651 2.99118
  -266.778 0 0 3.67406 -0.0962227 0 -0.807611 -0.862088 0.690101 2.05906 1.04202 0.949239 -1.87714 0.0875629 -0.166954 -0.114485 -0.0661926 2.31849 -1.59584 -0.0501633 0.299439 0 0 5.64445 0.921236
  -269.924 0 0 3.66822 -0.0917127 0 0.231868 0.483431 -0.208178 -1.95523 -1.74438 0.190068 1.59163 -12.0024 -1.62708 -1.59988 0.647454 0.273553 0.00671516 -0.0784275 -0.0414151 0 0 5.85488 0.874864
  -273.155 0 0 3.66461 -0.0588211 0 0.295528 -1.01724 0.741365 3.19034 0.559683 -0.134856 -0.0989538 0.22273 0.429834 0.310835 -0.664191 2.25881 1.153 0.0169463 -0.136587 0 0 6.5746 0.978523
  -276.214 0 0 15.6447 -0.378316 0 -0.725673 0.179659 -0.29078 -0.977927 3.41506 1.22984 -0.547849 0.104826 0.295118 0.151792 0.0158976 0.808986 0.137568 -0.209701 -0.037606 0 0 5.66722 0.929484
  -279.398 0 0 5.82389 -0.0392837 0 0.309398 -0.912131 -0.294182 0.820497 -1.07957 -1.90779 -0.700005 1.10744 -1.50942 -1.60037 0.336575 -0.26999 2.78801 0.0121111 -0.0529883 0 0 5.92665 0.968315
  -283.56 0 0 3.76556 -0.314994 0 -0.468629 0.246169 0.503307 3.3628 -22.5816 0.553969 -0.382857 0.0333154 -3.26314 0.188972 1.4275 0.564375 0.277095 -0.0495759 -0.0874728 0 0 5.01702 1.57011
  -286.58 0 0 3.65483 -0.35205 0 -0.667465 -0.421148 0.489136 4.40133 0.541157 -0.00486248 -0.232192 1.32706 0.200821 1.80684 -0.195051 -1.07945 2.01036 -0.0214375 -0.301691 0 0 5.83823 0.869135
  -289.586 0 0 3.65216 -0.108261 0 0.195028 0.630648 0.691999 -0.453004 2.19445 -0.0163843 -1.2781 -2.035 0.255097 -0.341424 0.0570006 2.84576 1.8678 0.0270284 0.0479287 0 0 5.70125 1.76189  
  -313.723 0 0 2.79866 0.207325 0 -0.711529 -0.547964 -1.6366 1.95906 -22.778 -0.144932 -1.13972 -1.06558 -1.03391 0.282067 1.54888 2.43841 0.276549 0.215055 -0.109392 0 0 5.67592 0.935327
  -316.509 0 0 3.5656 -0.263098 0 0.224422 10.9954 1.30289 -0.701538 0.0198613 -2.01491 -0.767654 0.272535 -0.096398 -1.70741 0.0123787 -0.0658596 1.91048 0.0117473 -0.0957226 0 0 5.65465 0.925127
  -319.357 0 0 3.61969 0.545049 0 -0.639803 -0.579904 0.632158 0.185132 -22.4606 -0.721417 -0.598816 -4.49648 -0.118826 -1.44472 -0.0630638 -0.767756 0.194863 -0.102445 -0.0513456 0 0 5.65864 1.843
  -322.207 0 0 3.6064 -0.48071 0 -0.301829 -0.301278 -1.33144 -0.187051 0.293214 0.474697 3.75385 -0.14583 0.371906 0.58702 0.759897 1.15039 -1.65779 -0.0929685 0.157441 0 0 5.63594 0.922269
  -325.437 0 0 3.6583 0.154179 0 0.200237 0.971715 -2.59884 1.92781 1.75046 -1.49652 -0.564437 0.799552 2.01245 -0.503112 -1.52147 2.08651 -4.2392 0.246009 -0.182644 0 0 6.193 1.04855
  -328.292 0 0 3.68342 0.542056 0 -0.607161 -0.254583 1.93467 2.52561 -22.5217 0.396621 2.52736 -0.797111 -1.73482 -0.139068 1.80333 1.4688 0.327821 -0.312363 -0.0507779 0 0 5.64372 1.07603
  -331.302 0 0 13.6316 -0.512317 0 -0.0946847 -0.589291 -0.44269 2.46868 -0.860215 4.19128 -1.46959 -1.18396 -1.48921 0.0951031 0.796363 -0.0918374 1.22504 0.0247929 -0.16158 0 0 4.99253 1.09197
  -334.218 0 0 5.97893 0.161261 0 -0.285167 -0.648307 -1.28086 0.191995 -22.5624 -0.115159 0.593231 0.874685 -0.435541 1.51075 1.75271 0.367115 0.17671 -0.0548474 -0.0114471 0 0 -7.26232 0.949527
  -338.732 0 0 3.77764 0.84029 0 0.380075 -0.838717 -4.63153 -1.58225 2.11078 -1.54182 -1.1704 -1.1224 0.63556 -1.59728 -0.39937 -0.779859 -0.277067 0.0500957 -0.00648693 0 0 -7.03129 0.923186
  -341.578 0 0 3.66996 -0.244615 0 -0.157762 0.42404 -2.30292 3.54403 0.98677 0.184207 -0.00877677 0.514705 1.35991 0.134802 -0.690355 0.00988458 -0.323429 -0.0261746 -0.0134087 0 0 -7.0529 1.26124
  -344.501 0 0 3.6208 -0.583505 0 -0.305542 -0.365817 -4.12489 1.9806 2.52724 0.0528089 -1.25701 -12.9729 -1.22137 -0.293262 -0.00891493 1.94907 -1.04777 -0.371468 -0.00794672 0 0 -7.04967 1.01588
  -347.686 0 0 3.54336 0.615142 0 0.286388 -0.68673 2.33983 0.220092 1.91079 0.798139 1.22572 -5.88961 -0.01663 -0.141801 0.473276 1.78573 0.423996 -0.147552 -0.0409244 0 0 -6.22795 0.781258
  -350.676 0 0 3.6293 -0.490929 0 0.274022 0.0732387 -1.91563 -0.69035 2.57725 -2.04132 -1.03316 0.210057 -0.553512 -1.61434 -0.206457 0.0140453 0.580561 -0.0282177 -0.0526995 0 0 -7.01581 0.90247
  -353.476 0 0 3.69501 -0.116011 0 -0.694754 0.028238 -2.63748 0.807294 -11.8807 -0.399504 -1.53222 -0.703427 -2.07442 -1.53647 0.213228 0.771434 0.301618 0.0441943 0.0230829 0 0 -6.97744 0.908812
  -356.595 0 0 3.64492 0.983871 0 0.0301523 1.10722 0.0810228 3.86591 2.14034 0.723688 0.422865 0.388008 0.412483 0.889618 0.253482 -1.07209 1.87197 -0.0939836 -0.0636054 0 0 -6.65998 0.935634
  -359.5 0 0 3.64331 -0.0886146 0 -0.0609518 -0.666143 2.26353 -22.3604 -2.94542 -1.36236 1.51084 -1.8068 -0.091712 -0.91515 0.411818 -0.0568105 -0.700637 -0.0712031 0.0415479 0 0 -7.34407 1.68715
  -362.304 0 0 3.69449 -0.282957 0 -0.638544 0.254541 2.23865 5.06789 1.3869 0.868389 0.25054 1.93038 1.02336 1.82239 -0.298409 -0.644123 1.57655 -0.0288529 -0.137039 0 0 -7.26572 -6.69359
  -365.123 0 0 3.63276 0.511342 0 -0.367327 0.348259 3.14508 0.771004 2.99847 0.306724 -0.10623 -0.177286 -0.988735 0.168576 -0.683906 2.23742 1.92841 -0.080853 -0.0955876 0 0 -8.91856 3.23251
  -370.375 0 0 3.68241 -0.446273 0 0.372595 -0.542441 -1.20333 0.415372 -1.30127 -2.422 -1.28304 0.486162 -0.371007 -1.80641 0.331598 -0.0391867 2.87141 0.385072 0.0569876 0 0 -4.70208 0.122152
  -373.687 0 0 3.6246 0.602803 0 -0.0828774 0.0938055 -3.83193 0.0989199 0.27377 -0.999001 -0.744477 -0.226981 0.0659069 -0.589129 -0.258583 -0.497502 2.8715 0.0528869 0.0533165 0 0 -2.87714 1.1011
  -377.127 0 0 3.7107 -0.135159 0 -0.718311 -0.542852 1.61821 3.18036 -22.8523 0.828769 -1.45079 0.887833 -1.02804 1.46493 0.392924 0.889978 0.914276 -0.0915919 -0.0452194 0 0 -2.99139 1.5528
  -380.051 0 0 3.71088 -0.143491 0 -0.766711 0.397889 0.481915 2.88372 0.996776 0.498508 0.707767 -12.8084 0.865977 0.322513 -0.634594 2.20611 1.77256 0.060415 -0.205084 0 0 -3.02532 1.34741
  -383.092 0 0 3.70915 -0.187573 0 -0.147508 0.355918 1.60345 -1.20565 1.94237 -1.98001 0.315661 0.395112 -10.9523 -0.802672 -0.567769 -0.248967 1.24588 0.00455744 -0.013522 0 0 -2.239 1.16149
  -385.943 0 0 3.64543 -0.578501 0 -0.741295 -0.320378 -0.576972 2.38696 -0.877212 0.759657 0.640194 -0.652355 0.982395 0.517228 -0.152038 2.25351 0.328483 0.0917365 -0.0711425 0 0 -2.8763 1.23024
  -388.737 0 0 3.64738 -0.00882114 0 0.21185 0.00190145 1.11677 3.56377 2.36503 0.152903 -0.678438 0.762459 -1.26201 1.43851 0.0424997 0.351051 1.7789 -0.0338143 0.0651643 0 0 -2.99699 0.0534299
  -391.821 0 0 3.70449 0.197782 0 -0.00600088 -0.153993 -1.77512 -23.2817 3.42628 -2.04265 0.762068 -1.68472 1.17807 -1.28548 -0.963459 -3.57478 -0.584419 0.0681434 0.0185379 0 0 0.298039 0.748844
  -394.717 0 0 3.6212 -0.623728 0 -0.223019 0.0955151 -0.717313 1.16187 -15.5383 0.957274 -1.91088 -9.51063 -11.9935 -0.0209801 1.10891 1.82589 0.0970785 -0.0166869 -0.039168 0 0 -2.88575 1.60594
  -397.715 0 0 3.67492 0.0380177 0 0.0873579 -0.84692 2.27478 3.49994 -22.3178 0.777065 2.64419 0.433209 0.254649 1.46136 0.510518 -0.0146253 0.937904 -0.106367 -0.282639 0 0 -3.04649 -0.291724
  -400.741 0 0 3.69584 -0.384847 0 -0.0888433 0.169935 -0.867215 -22.2712 3.20202 -0.542336 -1.07198 -2.30781 -0.248389 -0.688551 -0.89857 0.658585 1.08013 -0.05387 0.0446778 0 0 -1.43656 1.05641
  -404.32 0 0 3.63696 0.589856 0 0.0654637 -0.012156 -2.13648 1.58138 -22.4797 -1.57543 -0.664567 1.05033 -0.62896 -0.486468 0.177046 -0.191849 1.75195 0.0727012 -0.264716 0 0 -2.92639 1.09844
  -407.501 0 0 3.70875 0.674393 0 -0.625515 0.310625 1.59218 2.28358 -0.189547 0.0856122 0.248786 -0.23357 -1.81679 0.139176 0.38708 3.12581 0.442618 -0.100836 -0.045768 0 0 -2.99111 1.16759
  -410.518 0 0 3.53712 -0.531025 0 -0.472682 0.28214 1.69543 2.19499 0.753307 -0.218686 -0.35582 0.502516 -0.780012 0.131471 0.0199063 1.21408 2.03504 0.0310929 0.0042252 0 0 -2.51089 1.16082
  -413.445 0 0 3.59355 0.187593 0 -0.404387 0.0611096 -1.50867 -0.927105 -22.4839 -0.115458 -0.110594 -0.103586 -1.27976 0.192154 0.451835 2.27638 0.524582 -0.162701 -0.0246008 0 0 -2.95475 1.11596
  -416.345 0 0 3.60271 -0.534383 0 0.00732803 -0.199727 -1.98779 4.40633 0.649422 0.402788 1.88444 1.36825 -0.078655 1.77235 0.056605 -0.863563 1.43645 0.0273258 -0.144475 0 0 -2.56706 -0.388925
  -419.821 0 0 3.71904 -0.602451 0 0.118831 0.484683 2.10523 -0.374807 2.46206 -0.0505997 -0.997289 -1.34281 -0.663937 -0.275482 -0.834298 1.78973 1.4536 -0.440306 0.0484232 0 0 -5.35236 1.16972
  -422.734 0 0 3.71109 0.144178 0 -0.584466 -0.845054 1.78298 -0.568346 -1.83531 1.03091 -0.0228815 -1.44957 0.0891369 0.0692209 -0.122252 0.573392 0.69504 -0.0955176 0.00206661 0 0 -2.96543 1.26532
  -425.664 0 0 3.73373 -0.657415 0 0.25835 0.240716 0.350486 -22.353 2.67086 -0.77654 -0.389271 0.0647151 -0.939807 0.245492 -0.0193265 0.542057 1.43812 -0.0402873 -0.041921 0 0 -2.91647 1.12294
  -428.598 0 0 3.544 0.638623 0 0.25306 -0.102002 0.22427 0.424315 1.70323 -0.53717 -0.218492 0.779399 -0.431446 0.0524502 -0.344546 1.80144 1.05076 -0.0597669 -0.0495843 0 0 -2.51842 0.637355
  -432.983 0 0 3.74032 -0.111482 0 0.291132 0.275502 0.974324 -19.537 2.5901 -0.574848 0.303312 -9.02374 -0.342903 -1.48717 -1.22194 0.839574 0.295068 0.105797 -0.0391155 0 0 -2.45355 -3.68639
  -435.793 0 0 3.69175 -0.176697 0 -0.502762 -0.192879 -0.511177 4.28398 4.4269 0.0376596 -1.37628 1.2129 0.545715 1.66115 -1.83296 0.188977 -0.59574 -0.173556 0.00942889 0 0 -2.88158 1.13988
  -438.678 0 0 3.651 0.63068 0 -0.117273 -0.693969 -1.95118 3.93349 -0.997488 0.571986 2.78038 0.862526 -0.506211 1.91799 0.595973 -0.282547 -0.999635 0.0778632 0.0212997 0 0 -2.97571 0.966511
  -441.564 0 0 3.66993 -0.140238 0 0.139118 0.602933 0.847178 0.326595 -0.257123 0.187954 0.0137903 -1.52257 -5.69091 -0.21755 -0.605876 2.11018 0.990295 -0.11657 0.0116364 0 0 -2.90603 1.09667
  -444.779 0 0 8.61647 -0.118742 0 -0.676241 -0.25114 0.984065 0.970635 -22.8594 -1.44692 -1.35933 1.32217 -0.200914 -1.56818 0.223731 -3.10623 1.91735 -0.066169 -0.142989 0 0 -2.70223 1.86567
  -447.625 0 0 4.88596 -0.529141 0 -0.5485 -0.949111 2.37179 -0.0977371 -0.969901 0.668851 0.628235 -0.241123 -3.05757 0.174139 -0.105593 1.93335 -4.80308 -0.102188 0.0868834 0 0 -2.62346 1.14551
  -450.515 0 0 3.74576 0.831796 0 0.213344 -0.874684 5.07454 -12.7188 -6.70861 -0.0863679 0.326858 -0.0024593 -0.345964 -0.096338 0.338938 2.03504 1.46034 -0.0978556 0.393342 0 0 -3.41203 -6.56374
  -453.985 0 0 3.64657 -0.391948 0 -0.291103 -0.959559 0.08174 4.90601 1.12763 -0.30133 -5.80103 0.713485 -0.460269 1.50081 -0.116049 -0.278587 -0.418344 -0.0164132 0.107784 0 0 -2.867 9.82918
  -457.035 0 0 3.6669 -0.520866 0 -0.632765 0.255275 0.273411 0.431271 2.37371 0.923559 -0.42544 -0.1706 -0.0832778 0.396657 -0.202757 1.64605 -2.03596 0.00946577 -0.167372 0 0 -2.91797 -2.76106
  -460.149 0 0 3.71182 0.0868619 0 -0.702728 0.268672 -1.28032 -0.539438 -0.623271 -0.0737335 -0.621733 -1.19659 -1.19426 -0.461076 -0.12525 2.02518 0.77748 -0.135435 -0.048325 0 0 -2.90675 -2.72332
  -463.03 0 0 3.69903 -0.0178205 0 0.388395 -0.530513 1.27413 -22.4428 0.21011 -2.09786 0.200772 0.0854528 -1.23454 -1.61567 0.795334 0.0379668 0.319547 -0.0204328 -0.0459787 0 0 -2.48599 -2.6081
  -466.14 0 0 3.69469 -0.052857 0 -0.555238 0.0271673 2.39765 2.16849 -21.2368 0.181946 -1.17049 -1.52507 -0.509215 0.161426 -0.205761 0.743784 1.8352 -0.031228 0.139998 0 0 -3.69192 -3.08795
  -468.941 0 0 3.7141 -0.358055 0 0.125547 0.303654 2.02494 1.79369 3.22494 6.0763 0.116429 0.117689 -0.941665 0.210318 -0.0539388 -1.59171 0.575934 0.240628 -0.0767121 0 0 -0.78488 -4.82782
  -471.897 0 0 3.68251 -0.54296 0 -0.681866 -0.425083 0.344315 -1.3138 -1.1649 -0.790269 -1.22833 -1.88408 0.200131 -0.592815 -0.830527 0.367187 0.45133 0.00575624 -0.0591879 0 0 -2.94228 -2.66441
  -475.05 0 0 3.71553 -0.0392059 0 0.257611 -1.18156 1.22388 3.0923 0.835812 -1.2761 0.396057 -0.748171 0.043346 0.613356 0.119374 0.318071 1.96192 -0.0415511 -0.159379 0 0 -2.83423 -2.74417
  -477.908 0 0 3.8128 -0.0688117 0 -0.635505 0.043587 -3.37634 2.1472 2.57973 0.48447 -1.1501 -0.780136 -0.777083 -0.199332 -0.83768 1.30968 0.14076 -0.00785243 0.019622 0 0 -2.85272 -2.51519
  -481.313 0 0 3.73061 -0.385638 0 0.251362 -0.723148 -2.46228 0.818568 1.5622 1.33045 -1.19456 0.408957 0.436866 1.64767 -0.00753847 -0.566628 -0.829839 -0.0766181 0.209118 0 0 -2.89346 -2.66237
  -484.19 0 0 3.60048 1.07605 0 0.173911 -0.506713 -5.0809 2.46973 -1.36085 -0.648517 0.0282454 0.985483 -0.119906 -0.17442 0.313436 1.5228 0.364297 -0.195718 0.00847479 0 0 -2.61446 -2.04034
  -487.502 0 0 3.60594 -0.330575 0 -0.537344 -0.0835976 1.85152 0.145083 3.62623 -0.459299 1.72234 -0.859244 1.18285 0.226177 -1.79621 2.74003 0.312791 0.0726535 0.0586275 0 0 -0.606206 -2.7132
  -490.574 0 0 3.70645 -0.350195 0 -0.614806 0.148648 2.66551 4.23228 0.0557355 -1.17356 -1.58546 0.25236 -0.0681551 1.50878 -1.44346 0.30479 0.283146 -0.0327542 0.0453178 0 0 -2.77812 -3.23108
  -493.869 0 0 3.6336 0.503858 0 -0.141355 -0.100391 -2.34553 3.52465 -0.849301 -0.0644972 -0.692607 0.480786 -12.7942 -0.136735 0.536676 -0.42672 2.16982 0.0684779 -0.211298 0 0 -2.86207 -2.57891
  -496.848 0 0 3.69103 1.00979 0 -0.59475 -0.6133 -0.401315 -19.197 3.52628 -1.8001 -1.61035 -1.42469 0.512917 -0.719318 -1.5146 0.403022 -0.32454 -0.146275 0.0177591 0 0 -3.09187 -2.2518
  -499.641 0 0 3.70036 2.645 0 -0.526558 0.18252 0.398374 -19.8778 0.810187 0.249131 0.670189 1.61225 0.708181 0.354015 -0.339456 -3.80123 -0.0556617 0.0553108 -0.0311718 0 0 -2.87133 -3.85503
  -502.576 0 0 3.62042 -0.487182 0 0.201096 -0.471266 0.43255 1.59749 -3.45605 -2.45903 2.49669 0.0179692 0.0536472 -1.69538 0.499481 0.0522599 -1.70038 0.0351394 -0.0766572 0 0 -4.24179 -2.63857
  -505.824 0 0 3.63983 0.334476 0 0.200704 -0.219357 2.34048 0.478844 1.0745 1.03381 -5.45371 0.0746363 0.240939 1.09667 -0.127824 1.68306 -0.148417 -0.106854 0.0673666 0 0 10.4792 -2.67423
  -510.795 0 0 3.71966 -0.328064 0 -0.497406 0.611735 6.219 3.23224 1.11561 0.816002 1.43927 -0.409383 -0.195938 0.540761 -1.18926 0.522113 0.00288689 -0.00444187 0.00277215 0 0 -5.91518 -2.76821
  -513.885 0 0 3.68884 0.237619 0 -0.70451 0.493529 6.295 2.27111 0.892121 -0.145705 0.806783 0.217233 0.233602 0.00274499 1.47287 0.894556 1.08724 0.0108315 -0.112509 0 0 -5.78576 -2.68342
  -516.682 0 0 3.67292 -0.281643 0 0.267925 -0.476478 -0.236479 -22.2843 -0.739188 -2.90463 2.81723 -0.412434 0.223102 -1.55336 1.19175 -0.284721 -0.143263 0.0294365 -0.0114187 0 0 -5.55094 -2.5589
  -519.76 0 0 10.8759 -0.362559 0 -0.524899 0.609867 0.207894 3.15134 3.64976 0.53773 1.73276 0.00238756 0.449941 0.681283 -2.05419 0.116899 -0.534229 -0.0340836 -0.0250273 0 0 -5.74961 -2.6846
  -523.008 0 0 5.35965 -0.128914 0 0.195424 -0.578907 0.0922003 -22.5346 -15.9048 -0.539563 -0.285229 -1.05453 -0.0545006 0.00970407 0.16432 0.646211 -3.53497 -0.123651 -0.0207483 0 0 -5.29623 -1.95627
  -525.835 0 0 3.88621 -0.310841 0 -0.685875 0.00740077 0.246916 1.92665 3.4805 -2.87851 -1.06906 -0.870693 0.274499 -1.60265 -0.561756 -0.158455 -0.0778274 -0.00289093 0.0813931 0 0 -5.72557 -2.68443
  -528.646 0 0 3.71958 -0.129566 0 -0.248141 0.403969 2.24066 3.57549 0.103833 0.426993 -0.485683 0.461935 -1.75454 0.185289 0.162977 -0.617542 2.05792 -0.0475848 -0.12244 0 0 -5.70781 -2.67896
  -531.904 0 0 3.70935 -0.336666 0 -0.690398 0.366232 4.22042 -18.4729 -18.1312 -1.70922 -0.21717 -2.09854 0.995045 -0.99463 -0.925258 -0.0238536 0.184162 -0.00888841 -0.00374978 0 0 -5.33153 -1.89199
  -534.747 0 0 4.64318 -0.0675236 0 -0.302646 -0.672244 1.79544 2.32482 2.53501 -1.11142 -0.179897 0.450731 -0.962346 -0.29929 -0.255742 0.804517 1.86867 -0.00901801 -0.151155 0 0 -5.5567 -2.71629
  -537.721 0 0 3.90515 0.327459 0 -0.0895274 -0.528761 1.32364 -22.3236 4.08094 0.865676 -1.49208 -0.538594 0.916056 -0.0312354 -1.88622 1.91062 -0.735518 0.0674094 0.0298705 0 0 -5.54485 -2.24485
  -540.578 0 0 3.588 -0.579172 0 -0.625481 -0.149207 -3.94913 -22.4805 0.848717 -0.0787539 -0.760034 -2.05492 0.604862 -0.206637 -1.42606 1.998 0.125945 -0.0808351 -0.0370489 0 0 -5.88501 -2.643
  -543.454 0 0 3.63081 -0.100371 0 -0.55771 0.253617 2.43705 -13.9781 -0.988505 -1.1212 -1.89598 -1.07639 -1.03769 -0.198182 0.0662763 0.264033 2.10011 -0.0830975 -0.177741 0 0 -5.68555 -2.67889
  -546.87 0 0 3.64733 -0.649354 0 0.0207102 -0.480827 1.44386 0.00274742 -22.3047 -1.19011 1.33841 -0.0768473 0.071864 -1.48282 0.787009 1.11478 0.4658 -0.0325352 -0.0304248 0 0 -5.97905 -2.73941
  -549.774 0 0 3.59772 0.00179629 0 -0.385773 -0.360189 1.679 0.309698 -22.6911 -1.25321 -0.266905 -0.114862 -0.721988 -1.55808 0.546077 -0.0598931 1.80778 0.0724097 -0.0616887 0 0 -5.91674 -2.12265
  -552.715 0 0 3.64897 -0.434796 0 -0.592859 -0.665917 -0.711253 -0.821094 3.0401 0.994539 -1.20122 -1.07314 0.0509263 0.236296 -0.159654 0.606638 -0.530904 -0.15174 0.0140518 0 0 -5.69599 -2.72392
  -555.689 0 0 3.49964 0.841944 0 -0.805529 -0.460358 -2.15615 1.34908 0.192218 -0.231761 -1.11816 -0.313843 0.440118 0.168743 -0.962694 1.7752 -1.07632 -0.039715 -0.0427414 0 0 -5.66676 -2.74812
  -558.612 0 0 3.61943 -0.100814 0 0.143875 0.280096 1.8031 2.12575 -0.668465 -0.284149 -0.738965 -1.17611 0.228357 -0.357321 -0.256221 3.15961 0.532924 0.0129897 -0.102882 0 0 -5.67675 -2.66569
  -562.303 0 0 14.0594 -0.463777 0 -0.549967 -0.42358 2.4657 2.4549 1.02371 0.225374 -0.33045 0.0853872 -0.95395 0.328486 0.171038 -0.853764 2.04815 0.0557734 -0.0570197 0 0 -5.66521 -2.6442
  -565.422 0 0 12.3694 0.56881 0 -0.519748 0.139909 1.36792 -8.99226 0.183053 -0.2999 -0.311175 -0.613478 -1.36121 -0.072111 -0.108811 1.89969 -0.317569 0.00411786 -0.104004 0 0 -7.2282 -2.54483
  -568.252 0 0 5.32994 0.859352 0 -0.472336 0.28745 -0.382063 1.55014 -22.6296 0.473398 -1.5912 -4.26305 -2.82749 0.0983306 1.35013 1.15074 0.494113 0.0917662 -0.0707019 0 0 -5.33666 -2.67709
  -571.186 0 0 3.87182 0.193055 0 -0.596276 -0.603872 -0.47632 1.19665 1.24199 0.267019 0.67281 -9.93476 0.421788 0.119 -0.491681 0.297116 1.51387 -0.0403238 0.0502627 0 0 -5.34833 -2.68486
  -574.009 0 0 3.67721 -0.0779129 0 0.227226 0.198046 2.33288 1.10516 -1.91276 -0.605312 -1.14949 0.316315 -0.160808 -0.318173 0.124478 1.86326 2.01602 -0.0815569 -0.14817 0 0 -5.31978 -3.02039
  -576.903 0 0 3.69787 -0.534293 0 0.157343 -0.814267 -1.38006 3.09394 0.755741 0.830424 1.62671 0.463119 1.40589 0.894958 0.203619 -0.293833 0.322134 0.0101925 -0.0181632 0 0 -5.33622 -2.69303
  -580.753 0 0 3.71868 0.148503 0 0.0848414 0.225905 -1.6857 -0.684727 -22.5684 -1.15799 -0.000487688 0.0862481 -1.76047 -0.161524 1.6295 0.1879 0.434071 -0.0228971 0.00858274 0 0 -4.80473 -1.75613
  -583.938 0 0 3.68144 -0.346724 0 -0.599928 0.0972993 0.410664 -15.118 -22.3696 0.376774 -1.32962 -1.38552 -0.331409 -0.806065 -0.674496 0.300626 0.7467 -0.0752203 -0.00744712 0 0 -3.98984 -2.79075
  -586.706 0 0 3.70146 -0.0925358 0 0.208629 0.220498 -1.45 2.55097 4.6212 -0.643701 0.793751 -0.718952 0.0871647 -0.0834005 -0.847968 1.70046 -0.199644 0.0203231 0.00932954 0 0 -5.55961 -2.3711
  -589.682 0 0 3.67296 -0.155169 0 -0.0977289 -0.465835 2.85435 -0.619343 2.28757 -0.00961046 -1.03987 0.4576 0.0103609 -0.178541 -0.146142 0.0155981 -0.477596 -0.0270172 -0.0815862 0 0 -5.33985 -2.68134
  -592.755 0 0 3.66812 -1.78466 0 0.190276 0.171627 5.84222 -0.757023 -0.00103687 -0.318048 0.761949 0.107155 0.427341 -0.299312 0.214607 0.145539 2.53564 -0.0582942 0.152317 0 0 -5.4405 -2.42499
  -595.887 0 0 9.65572 0.225113 0 0.117289 -0.782877 -2.74389 -0.997768 -0.618875 0.030074 -0.0802463 0.126901 0.184166 -0.212509 0.243194 0.267846 2.80614 -0.022216 0.111501 0 0 -5.74708 -2.02089
  -598.672 0 0 5.07178 -0.128949 0 -0.782483 0.403593 -5.4282 3.12464 -0.260895 0.411401 -0.290639 0.613714 -0.123817 0.6898 -0.159074 0.482501 2.84082 -0.0196205 -0.109542 0 0 -5.37439 -2.79973
  -601.945 0 0 3.8284 0.419632 0 0.0281316 -0.364266 -5.34741 0.313428 -3.25412 -1.92598 0.880599 0.767114 -4.06085 -0.561031 1.17606 -0.173621 -0.180715 0.031267 0.0162244 0 0 -5.38071 -2.69016
  -604.741 0 0 3.70135 -0.0343825 0 -0.734161 0.0276829 2.00626 -0.993035 1.74406 1.08877 -1.32866 -1.14829 0.382881 0.553504 -0.506835 2.21627 1.95287 -0.140117 -0.096619 0 0 -5.52535 -2.60999
  -607.533 0 0 3.61579 -0.59401 0 -0.0284151 -0.0421718 -1.59335 3.14483 1.41092 -0.305067 -1.71137 0.4506 -5.92101 1.34617 -0.30888 0.314948 0.734963 -0.0727708 -0.0715011 0 0 -5.24685 -2.68756
  -610.391 0 0 3.67182 -0.0262253 0 0.212489 -0.619548 -2.66871 3.03549 -1.65098 -0.331906 0.85471 -0.884913 0.805917 -0.158277 0.0971158 1.93866 0.575603 0.048726 -0.061975 0 0 -5.0669 -2.40838
  -613.696 0 0 3.71944 0.0709521 0 -0.769811 0.261772 -3.47506 -0.230723 1.84111 0.769792 -1.56911 0.345142 -0.670983 0.414768 -0.371402 -0.808614 0.849238 0.00252554 0.00683799 0 0 -5.34013 -2.7085
  -616.496 0 0 3.69596 -0.0352347 0 -0.66224 -0.430313 -0.543422 3.92763 -0.354765 -0.593463 -0.754382 -0.205006 0.584563 1.15607 -1.56068 0.473172 0.225571 -0.095634 -0.0374569 0 0 -5.2787 -2.72886
  -619.3 0 0 3.624 -0.584438 0 -0.155959 -0.537668 -2.09662 1.92924 0.838784 -0.240029 -0.989371 0.0260604 -1.07161 -0.0958215 0.247897 1.45114 2.97629 0.0878881 0.0736654 0 0 -5.44395 -2.62157
  -622.295 0 0 3.6051 0.206838 0 -0.0915702 -0.110028 2.02522 -1.28689 -22.3835 -1.5715 -0.264277 -0.4912 -0.254708 -1.81401 0.187748 -0.117212 0.675372 0.029336 -0.0275941 0 0 -5.30797 -2.73876
  -625.204 0 0 9.60074 -0.0492385 0 -0.770277 0.548347 1.17576 -22.3455 3.26539 0.755602 1.25209 -0.559435 -0.317575 0.556418 -0.904132 0.387585 0.596236 -0.0797687 0.0431231 0 0 0.615665 -2.82758
  -628.441 0 0 5.12325 -0.604023 0 0.266244 -0.301581 0.405603 3.17211 1.05811 0.0456672 -1.30823 0.690815 -1.5142 -0.0713148 -0.0727471 -0.443932 1.70397 -0.0778047 -0.119266 0 0 -5.33049 -2.67948
  -631.29 0 0 3.85697 -0.977696 0 0.341121 -0.718249 2.59703 -19.7572 -1.6043 -0.323204 -0.53975 -1.04672 -0.202531 -0.128226 0.180292 0.859956 1.91689 -0.0284779 -0.174774 0 0 -5.30128 -2.36667
  -634.059 0 0 3.72182 -0.0868135 0 -0.654405 0.273657 0.264477 4.02968 -2.15445 0.611588 -1.24548 0.0846098 -1.28343 0.813928 0.325712 0.280331 0.781347 -0.0869907 0.00551453 0 0 -6.17911 -2.38666
  -637.08 0 0 3.7156 0.130125 0 -0.000429069 -0.0292088 -1.15219 1.23375 1.13267 -0.0235872 -1.01142 -8.11726 -0.0479176 -0.47636 -0.47999 2.22585 -0.213015 -0.112117 -0.0583813 0 0 -5.27292 -2.77815
  -640.02 0 0 15.6081 -0.506986 0 0.100779 0.0471592 -2.78209 -0.292726 3.13517 -0.543755 -0.0432042 -0.140696 0.0762743 0.488809 -0.320706 1.89955 -0.222844 0.0413114 -0.0163205 0 0 -5.33795 -2.65298
  -643.344 0 0 7.35081 0.288705 0 0.196853 -0.2861 -3.21569 1.25441 1.30264 0.0541296 -0.74041 0.0126113 0.0947839 1.47391 -0.232978 0.702651 1.38143 -0.0565762 -0.120498 0 0 -5.58435 -2.45163
  -646.134 0 0 4.11529 0.610468 0 0.451186 -0.915201 -0.342659 2.33806 -22.7184 -0.331428 -0.682614 -1.32716 -0.249024 -0.232048 -0.0334785 2.13873 0.715504 -0.0134699 0.00531397 0 0 -5.02794 -2.17013
  -649.256 0 0 3.74601 0.0594507 0 -0.647541 17.6868 -1.10525 0.227823 -0.0229975 0.592855 -3.14555 0.692501 -2.09221 1.34515 1.05458 0.133786 0.451752 -0.0812577 -0.126185 0 0 -4.83342 -2.20488
  -652.011 0 0 14.5058 -0.542644 0 0.00307725 0.275227 -2.87127 2.45945 3.22742 0.126535 0.0226793 -1.04989 0.652948 -0.300588 -0.486187 2.86738 1.5738 0.0336811 0.022692 0 0 -4.67033 -1.93226
  -654.925 0 0 6.55871 0.650171 0 -0.0528047 -0.237315 2.37026 1.05255 0.452931 0.237986 0.708228 0.0468993 -0.0395148 1.6562 -0.0685227 0.107312 0.222839 -0.0897801 -0.00142444 0 0 -5.30498 -2.67455
  -657.806 0 0 4.62509 -0.196478 0 0.462397 -0.635845 -2.64789 -18.0255 1.64992 -1.77174 -0.600118 0.534912 -3.56497 -0.684783 0.268662 -0.105761 2.28167 0.00158752 0.174181 0 0 -5.28011 -2.60218
  -660.683 0 0 3.87366 -0.417137 0 -0.694574 0.282116 1.21327 3.25156 -13.911 0.300397 0.517003 -0.804038 -0.0605817 -0.281582 0.671219 2.74024 0.379763 0.0130506 -0.0474348 0 0 -5.36894 -2.91973
  -663.49 0 0 3.72665 0.0538613 0 -0.67837 0.241999 1.68731 -0.159672 2.73509 -1.58105 -1.12594 -1.04413 -0.739125 -0.82644 -0.260164 0.0530311 1.64858 -0.0427339 -0.103914 0 0 -5.44929 -2.71178
  -666.276 0 0 3.69379 -0.439911 0 0.220056 -0.621709 0.161509 2.25963 0.337696 0.658979 -1.54587 0.0726654 0.248139 0.326358 -0.560602 2.2342 -0.606834 0.0236566 0.0431672 0 0 -0.758358 -3.07473
  -669.075 0 0 3.69555 -0.410612 0 -0.819845 0.109987 -2.61623 -22.2094 -1.0993 0.989457 -0.873234 -1.44461 -0.788926 -0.21108 -0.653072 0.604704 1.71715 -0.0706952 -0.202765 0 0 -5.05653 -2.2421
  -672.1 0 0 3.70853 -0.572788 0 0.261107 -1.11344 1.24177 -23.7088 -3.32194 -1.80781 -0.70625 -0.22795 -0.405194 -0.312941 -0.0331649 -3.71506 0.87354 -0.0626872 0.0398317 0 0 3.3914 -1.38213
  -674.987 0 0 3.66655 -0.0451217 0 -0.614779 0.531716 -0.857523 2.6625 2.84329 -0.622843 -0.195263 0.487442 -0.429621 -0.160086 -0.948891 1.84029 0.613588 0.0596887 -0.16055 0 0 -5.47529 -1.97634
  -677.78 0 0 3.68939 -0.422125 0 0.715771 -0.729364 -2.19643 -0.648998 -0.17381 -0.0761223 0.895679 -1.66708 0.520997 0.195506 -0.0323105 2.6781 0.324414 0.139553 -0.0327095 0 0 -5.38845 -2.40858
  -680.648 0 0 3.70368 -0.541343 0 -0.627102 -0.895301 -1.20795 -0.329022 -0.430609 -0.770185 2.14875 -11.8083 0.793395 0.16925 1.42915 0.973776 0.142961 0.252716 -0.0395853 0 0 -4.57053 -2.09957
  -683.526 0 0 3.66523 0.153849 0 0.100235 0.165837 1.84275 1.78201 -1.4916 -1.27809 -1.42549 0.872555 -0.849668 -1.03793 -0.706911 0.145287 1.46363 -0.0194736 -0.0846058 0 0 -4.5741 -2.21302
  -686.328 0 0 3.68655 0.57202 0 0.0812138 -1.20502 5.29267 0.423988 0.39593 1.20773 -0.600156 0.532651 -0.0497261 1.43621 -0.268547 0.322647 1.53504 -0.134704 -0.136481 0 0 -5.61858 -2.92322
  -689.184 0 0 3.70419 -0.10944 0 -0.749088 -0.471577 0.666162 1.82955 -22.3516 -0.962445 1.91374 -0.317251 0.440541 -0.289971 0.871621 0.897202 0.206382 0.0255115 -0.06629 0 0 -5.672 -2.73525
  -692.108 0 0 3.67473 -0.0951103 0 0.00717931 0.226853 4.03414 1.10589 0.389799 1.01467 -1.93306 1.02477 -1.93073 1.49037 -0.455518 0.00928458 0.0311678 -0.0228703 0.0340881 0 0 -5.33102 -2.68772
  -695.111 0 0 3.70581 -0.186941 0 -0.133739 -0.743493 2.55386 3.00814 -14.6502 -0.0919149 0.992807 -0.783855 -4.5203 0.107196 0.495516 1.82971 -0.171455 0.0592644 -0.0283931 0 0 -2.3979 -2.3865
  -698.263 0 0 3.61365 -0.568412 0 -0.425642 -0.824771 -0.617127 -22.2544 -2.34267 -0.080997 0.154356 -1.54413 -0.0787935 0.578483 1.36192 0.926631 -0.101947 -0.428036 -0.030986 0 0 -5.07235 0.449209
  -701.059 0 0 3.69521 -0.527206 0 0.0246109 0.0240655 -2.60228 4.33302 0.361757 0.0857346 -1.79063 1.59981 0.865386 1.6164 -0.304166 -1.22309 2.23645 -0.0835933 -0.152467 0 0 -4.46589 -8.38097
  -704.439 0 0 3.72405 -0.654969 0 -0.636042 -0.500315 -6.0027 4.60032 -22.5237 -0.109534 0.483483 0.23838 -1.47605 1.63805 0.17003 -0.994325 0.0595621 0.0574978 -0.0701828 0 0 -5.52878 -0.186444
  -707.333 0 0 3.69068 0.0409187 0 30 -9.84053 -0.337727 -8.61364 -26.9729 -1.71909 4.42164 -6.16571 3.50412 -0.95239 1.65079 1.23344 3.14052 -0.0555224 -0.767187 0 0 -3.73895 -0.622316  
  -0.112875 0 0 0.941752 0.0435794 0 -0.485259 -0.677277 2.36033 1.94284 -18.2421 0.848174 -0.236295 -1.15969 -2.68326 0.195734 1.58672 1.61592 0.124509 0.247517 -0.0845238 0 0 -2.42092e-322 0
  -0.123014 0 0 0.243126 -0.0808687 0 -0.765266 0.136329 0.277998 -0.389483 -12.476 0.604568 1.75236 0.0498875 -10.3977 0.18894 0.806892 1.7368 -2.58161 0.304998 0.0471631 0 0 -2.42092e-322 0
  -0.135146 0 0 6.12669 -0.422713 0 -0.848346 0.278082 2.21085 -17.7374 0.774967 1.03082 3.02532 1.2061 0.537376 0.80645 1.64135 0.688278 0.0560223 -0.0902453 0.0361143 0 0 -2.42092e-322 0
  -0.145845 0 0 2.29137 -0.0812734 0 0.206237 -0.60938 1.22891 2.59332 0.257013 -2.08471 0.520365 3.80628 -10.243 -1.13872 0.176835 1.16292 -0.0320792 0.152996 -0.0377315 0 0 -2.42092e-322 0
  -0.156169 0 0 0.300267 -0.472337 0 -0.778203 0.229255 0.479481 3.29441 0.134749 0.63513 0.617667 -0.094875 0.944368 1.51341 0.350342 0.401014 -0.797131 -0.165338 -0.138233 0 0 -2.42092e-322 0
  -0.16692 0 0 0.031499 0.396756 0 0.185498 0.102529 -1.55246 1.41747 -5.28116 -0.171115 1.12415 0.185395 -0.991553 0.0615138 -0.271641 0.694997 -1.4526 0.0303029 0.0243156 0 0 -2.42092e-322 0
  -0.177247 0 0 2.32089 -0.145543 0 0.226733 0.0808336 1.67584 0.692583 -17.5969 -1.32915 -0.759212 0.774667 4.80225 -0.936185 -0.613611 0.596553 0.0413952 0.0249948 -0.0105764 0 0 -2.42092e-322 0
  -0.188239 0 0 0.42523 0.0894918 0 0.574664 0.306702 0.689665 -0.247042 4.0819 -0.873469 0.631468 0.8879 -1.96403 -0.806602 -0.503037 -1.99111 -0.607253 0.171164 -0.0511458 0 0 -2.42092e-322 0
  -0.201656 0 0 1.795 -0.327985 0 -0.903334 0.00248168 -2.41179 -2.18759 3.01364 -0.408113 0.399936 -1.26036 1.36766 -1.11978 -0.1024 -3.99426 -0.378475 0.399897 0.0349359 0 0 -2.42092e-322 0
  -0.211951 0 0 0.615118 0.104004 0 -0.137241 -0.658614 -0.10628 1.82307 -0.930972 0.506469 0.0473669 -0.167116 -0.848928 0.315674 -0.0599174 1.91047 -0.62898 0.0759535 -0.0512276 0 0 -2.42092e-322 0
  -0.222614 0 0 2.1559 -0.440302 0 -0.21093 -0.367698 1.83662 0.156076 -14.654 1.43808 1.54424 -1.50167 -0.798585 0.0220122 0.313308 0.671146 1.61975 -0.0804543 0.0234852 0 0 -2.42092e-322 0
  -0.235564 0 0 4.93895 0.132505 0 -0.0523505 0.233542 -1.72833 -0.0717099 -17.7576 0.426422 -1.74351 -0.106543 0.185589 -0.188056 -0.088515 0.624504 0.631859 0.12454 0.0273605 0 0 -2.42092e-322 0
  -0.253486 0 0 1.41543 -0.480234 0 0.0790222 -0.31873 -1.95892 1.32932 3.715 -0.877939 0.654402 -1.43327 0.727617 0.761388 -0.534886 0.336955 -0.257744 -0.0230572 0.0320691 0 0 -2.42092e-322 0
  -0.269505 0 0 0.246233 0.620744 0 -0.486996 -0.167384 1.14188 0.448835 0.853012 0.174694 -0.367307 -1.21349 -9.62184 -0.067622 0.240448 1.99643 1.98088 -0.024426 -0.181444 0 0 -2.42092e-322 0
  -0.282173 0 0 1.66872 -0.527971 0 9.00503 -0.0956899 4.6753 4.56349 -11.3191 -1.23065 2.58669 0.0296259 -1.13161 0.253357 1.84474 -3.67954 -0.239669 0.11062 0.0296374 0 0 -2.42092e-322 0
  -0.29403 0 0 0.703089 0.192057 0 -0.13177 -0.445187 -0.944848 -1.44716 -18.0921 1.37177 -0.713479 -0.435104 -3.24074 1.11404 1.07374 1.84974 0.0143239 0.0551017 -0.0276602 0 0 -2.42092e-322 0
  -0.304812 0 0 -0.492382 0.637421 0 -0.730032 0.358495 -1.66316 0.432966 1.44757 2.20873 -0.0818144 5.69104 0.207254 1.67344 0.0975742 -3.90101 1.88473 0.164029 0.0131996 0 0 -2.42092e-322 0
  -0.315106 0 0 -1.1159 -0.101507 0 0.202605 0.289349 -2.70705 0.561783 1.79118 0.127395 0.281307 -1.58209 -10.4395 0.689681 0.924578 1.76566 1.64829 0.066562 0.123534 0 0 -2.42092e-322 0
  -0.329425 0 0 0.110073 0.170498 0 -0.735041 -0.619016 -1.84471 -0.204458 -1.44647 -0.900121 0.355052 -8.9896 0.0814964 -0.155414 1.50553 -4.15995 0.711485 -0.0493842 -0.0559287 0 0 -2.42092e-322 0
  -0.341474 0 0 0.794198 -0.536609 0 -0.547619 -0.378994 -1.06483 -17.6674 -0.55982 -0.342959 -0.241455 -0.0851547 0.0341654 -0.151761 1.43671 2.05208 0.433899 -0.0936434 -0.11943 0 0 -2.42092e-322 0
  -0.353262 0 0 0.82672 0.806256 0 -0.505612 -1.17746 -0.640352 -13.5399 -0.0478009 0.787508 0.89039 -1.14352 -10.8022 0.812976 -0.00351296 0.643506 0.769459 -0.0947127 -0.0284922 0 0 -2.42092e-322 0
  -0.367414 0 0 0.780494 -0.59184 0 0.0908426 0.114558 -1.97309 -17.8704 -0.0315704 -0.338877 0.643567 -0.854645 -1.08154 -1.2179 0.705115 1.12855 -0.470974 -0.0487983 0.022648 0 0 -2.42092e-322 0
  -0.380165 0 0 4.17307 -0.644344 0 -0.830031 0.279135 2.59614 1.86568 -14.719 1.58296 0.75023 0.377247 -0.749383 1.05846 0.171533 1.86831 1.62489 0.0150521 0.0416379 0 0 -2.42092e-322 0
  -0.391027 0 0 2.05776 0.719997 0 -0.642969 -0.2991 0.509647 1.08693 -1.78899 0.225412 -0.420671 1.2981 -0.12144 0.24481 -0.302689 0.991337 1.58649 0.00748178 0.04828 0 0 -2.42092e-322 0
  -0.404022 0 0 1.81919 0.795981 0 0.485451 -0.587024 0.126208 0.386894 -18.2402 -0.204602 0.277933 -0.120675 -0.558537 0.581253 1.11409 1.52 -3.59193 0.0498218 -0.0269436 0 0 -2.42092e-322 0
  -0.414871 0 0 0.771064 -0.490384 0 0.0325834 -0.331715 -2.73038 -0.796858 -0.317278 -0.152714 3.45181 -1.14504 0.913888 -0.159653 1.1439 1.45206 -4.57926 -0.152095 0.137153 0 0 -2.42092e-322 0
  -0.42756 0 0 3.72108 0.677176 0 0.0737889 -0.178484 -4.12786 -18.0483 -14.9772 -0.0690541 0.533444 -1.67151 -1.16119 -0.251014 1.72945 0.65635 0.784202 -0.0739967 -0.134536 0 0 -2.42092e-322 0
  -0.439087 0 0 1.39783 0.121969 0 0.187953 0.276177 0.823335 -0.00182821 -0.260389 -1.69674 -1.4554 6.79343 -1.23314 -0.748898 0.698893 1.62183 1.42037 -0.244739 -0.0771867 0 0 -2.42092e-322 0
  -0.450435 0 0 0.828016 -0.223179 0 -0.505877 -0.733584 -1.0448 3.65242 -8.4977 1.55346 0.888791 0.403086 5.22362 0.262515 0.162691 0.731745 1.8687 -0.0689479 -0.105963 0 0 -2.42092e-322 0
  -0.461728 0 0 2.68779 -0.3653 0 0.290179 0.392889 -0.697894 2.73223 2.62237 -0.24787 -5.16224e-05 1.80853 -1.20548 0.110873 0.215999 -0.83777 2.33927 -0.668898 0.141078 0 0 -2.42092e-322 0
  -0.479677 0 0 8.09283 -0.0114274 0 7.58841 -0.597855 -1.86002 0.131958 -0.126791 -0.154225 0.278671 6.19959 -0.447195 -0.6265 0.381653 0.200747 0.156667 -0.0354611 0.00562094 0 0 -2.42092e-322 0
  -0.495054 0 0 7.82937 -0.557998 0 -0.278221 0.0940178 -0.929148 -18.1575 -2.69738 -0.765201 -0.13258 -2.08486 -0.809262 0.538369 1.10635 0.307527 1.66715 0.00616374 -0.196665 0 0 -2.42092e-322 0
  -0.517033 0 0 2.26958 0.62086 0 0.179781 -0.283796 -0.252806 -12.2293 0.841812 -0.386593 -0.407463 -1.22606 4.10686 -0.187883 -0.234995 0.500719 -3.65127 -0.0353708 0.00479533 0 0 -2.42092e-322 0
  -0.530917 0 0 2.12391 -0.187985 0 7.328 -0.442785 0.218346 -16.8947 -2.83712 -2.52037 -2.97534 -1.95613 -9.15242 -0.734187 0.409138 1.49063 1.64619 0.0836658 0.0120475 0 0 -2.42092e-322 0
  -0.541462 0 0 0.670658 -0.501356 0 9.05873 0.172644 -0.109058 -0.321863 0.38808 -2.20588 -1.252 -0.597894 -0.00220004 0.199734 -0.505546 1.51413 -3.3324 -0.0895432 -0.288094 0 0 -2.42092e-322 0
  -0.557265 0 0 1.39671 0.0522462 0 -0.716369 0.346961 1.60313 -18.711 1.04399 0.677882 -1.48337 -0.906779 -1.66948 0.782859 -0.0109622 -3.24293 1.74396 0.296182 -0.125274 0 0 -2.42092e-322 0
  -0.5679 0 0 0.121434 0.272287 0 0.407839 -0.789186 -0.148644 2.40038 0.523592 0.339829 -0.377297 -0.279276 -8.18014 0.833826 0.12334 1.79788 0.715734 -0.229392 -0.147223 0 0 -2.42092e-322 0
  -0.57912 0 0 1.84557 0.578756 0 -0.587473 -0.805527 0.482548 4.44538 -0.79734 1.47956 -0.390773 2.1743 -0.802858 0.601836 0.307021 -1.6072 2.0347 -0.00171053 -0.129939 0 0 -2.42092e-322 0
  -0.590191 0 0 0.98977 -0.627778 0 -0.410352 0.0388061 1.60777 5.37052 -0.687823 1.44407 -1.52079 2.46595 -0.171173 0.10971 0.0812188 0.183129 2.21521 -0.376001 -0.0220947 0 0 -2.42092e-322 0
  -0.600579 0 0 0.391534 0.111508 0 0.254032 0.0473196 -0.31832 -0.782423 -2.97862 -0.60389 -0.419433 -1.13014 -3.08462 0.103309 0.449499 -3.94941 0.592859 -0.483344 -0.0661744 0 0 -2.42092e-322 0
  -0.611185 0 0 0.550201 -0.693033 0 0.170393 -0.575529 -0.976936 -0.234874 0.494778 -0.502114 0.0319943 -0.835765 -0.0571744 0.00634659 0.248078 1.85787 0.76347 0.187057 -0.00134845 0 0 -2.42092e-322 0
  -0.621855 0 0 0.834453 0.290816 0 -0.166518 -0.428577 -2.02341 -14.596 -3.1972 -1.80983 0.6716 0.220074 -3.37749 -0.664713 -0.193463 1.62475 -3.94015 -0.0479206 -0.186022 0 0 -2.42092e-322 0  
